0.0000000000000000 	 1.0000000000000000 
0.0600000000000000 	 1.0000000000000000 
0.1200000000000000 	 1.0000000000000000 
0.1800000000000000 	 1.0000000000000000 
0.2400000000000000 	 1.0000000000000000 
0.3000000000000000 	 1.0000000000000000 
0.3600000000000000 	 1.0000000000000000 
0.4200000000000000 	 1.0000000000000000 
0.4800000000000000 	 1.0000000000000000 
0.5400000000000000 	 1.0000000000000000 
0.6000000000000000 	 1.0000000000000000 
0.6599999999999999 	 1.0000000000000000 
0.7200000000000000 	 1.0000000000000000 
0.7800000000000000 	 0.9997558593750000 
0.8400000000000000 	 1.0000000000000000 
0.8999999999999999 	 0.9998704956054687 
0.9600000000000000 	 0.9995356933593750 
1.0200000000000000 	 0.9984973022460938 
1.0800000000000001 	 0.9987044921875000 
1.1399999999999999 	 0.9973870849609375 
1.2000000000000000 	 0.9966727905273437 
1.2600000000000000 	 0.9959080444335937 
1.3199999999999998 	 0.9941590454101562 
1.3799999999999999 	 0.9919694335937500 
1.4399999999999999 	 0.9890218750000001 
1.5000000000000000 	 0.9865066284179688 
1.5600000000000001 	 0.9805271972656250 
1.6199999999999999 	 0.9792728759765625 
1.6799999999999999 	 0.9717909912109375 
1.7400000000000000 	 0.9683253540039063 
1.7999999999999998 	 0.9534474365234376 
1.8599999999999999 	 0.9398156372070312 
1.9199999999999999 	 0.9320140747070312 
1.9800000000000000 	 0.9046578369140625 
2.0400000000000000 	 0.8999456176757813 
2.1000000000000001 	 0.8208053344726562 
2.1600000000000001 	 0.6754677124023437 
2.2199999999999998 	 0.5935433349609375 
2.2799999999999998 	 0.2855527709960938 
2.3399999999999999 	 0.2595848876953125 
2.3999999999999999 	 0.0350437011718750 
2.4600000000000000 	 -0.0188293090820312 
2.5200000000000000 	 -0.1043600708007812 
2.5800000000000001 	 -0.0881525756835937 
2.6399999999999997 	 0.0184458984375000 
2.6999999999999997 	 -0.0426356933593750 
2.7599999999999998 	 0.0262584716796875 
2.8199999999999998 	 -0.0109752929687500 
2.8799999999999999 	 -0.0119658447265625 
2.9399999999999999 	 -0.0254158325195313 
