0.0000000000000000 	 0.0083999633789062 
0.0300000000000000 	 0.0338898300170898 
0.0600000000000000 	 0.0449423797607422 
0.0900000000000000 	 0.0698182334899902 
0.1200000000000000 	 0.0703661727905273 
0.1500000000000000 	 0.0701406547546387 
0.1800000000000000 	 0.0715558387756348 
0.2100000000000000 	 0.0835952842712402 
0.2400000000000000 	 0.1035349769592285 
0.2700000000000000 	 0.1078225326538086 
0.3000000000000000 	 0.1087811416625977 
0.3300000000000000 	 0.1142518714904785 
0.3600000000000000 	 0.1206209556579590 
0.3900000000000000 	 0.1219450256347656 
0.4200000000000000 	 0.1355779510498047 
0.4500000000000000 	 0.1365964790344238 
0.4800000000000000 	 0.1372666191101074 
0.5100000000000000 	 0.1402640968322754 
0.5400000000000000 	 0.1449049613952637 
0.5700000000000000 	 0.1460309196472168 
0.6000000000000000 	 0.1463002334594727 
0.6300000000000000 	 0.1485880500793457 
0.6599999999999999 	 0.1498954200744629 
0.6899999999999999 	 0.1499251190185547 
0.7200000000000000 	 0.1511003082275391 
0.7500000000000000 	 0.1513116142272949 
0.7800000000000000 	 0.1521150100708008 
0.8099999999999999 	 0.1558076583862305 
0.8400000000000000 	 0.1528895736694336 
0.8700000000000000 	 0.1531564903259277 
0.8999999999999999 	 0.1541789825439453 
0.9299999999999999 	 0.1520990745544434 
0.9600000000000000 	 0.1546380966186524 
0.9900000000000000 	 0.1520624732971191 
1.0200000000000000 	 0.1466248802185059 
1.0500000000000000 	 0.1493834983825684 
1.0800000000000001 	 0.1480469520568848 
1.1099999999999999 	 0.1450903556823731 
1.1399999999999999 	 0.1440570312500000 
1.1699999999999999 	 0.1325354736328125 
1.2000000000000000 	 0.1334810966491699 
1.2300000000000000 	 0.1252881172180176 
1.2600000000000000 	 0.1111452789306641 
1.2900000000000000 	 0.0826500976562500 
1.3199999999999998 	 0.0287921272277832 
1.3499999999999999 	 -0.0100516296386719 
1.3799999999999999 	 -0.0150776321411133 
1.4099999999999999 	 -0.0123320716857910 
1.4399999999999999 	 0.0041628868103027 
1.4700000000000000 	 -0.0085028045654297 
1.5000000000000000 	 -0.0150128089904785 
1.5300000000000000 	 -0.0119132476806641 
1.5600000000000001 	 -0.0077974906921387 
1.5899999999999999 	 -0.0048519073486328 
1.6199999999999999 	 0.0065410232543945 
1.6499999999999999 	 0.0088904632568359 
1.6799999999999999 	 -0.0106281219482422 
1.7100000000000000 	 -0.0143088447570801 
1.7400000000000000 	 0.0049100692749023 
1.7700000000000000 	 -0.0061291191101074 
1.7999999999999998 	 0.0046751190185547 
1.8299999999999998 	 0.0048789367675781 
1.8599999999999999 	 -0.0107623405456543 
1.8899999999999999 	 0.0030104598999023 
1.9199999999999999 	 -0.0052700752258301 
1.9500000000000000 	 -0.0035605957031250 
1.9800000000000000 	 0.0027218338012695 
2.0099999999999998 	 -0.0074465248107910 
2.0400000000000000 	 -0.0003980186462402 
2.0699999999999998 	 -0.0112539718627930 
2.1000000000000001 	 -0.0071024719238281 
2.1299999999999999 	 -0.0014828773498535 
2.1600000000000001 	 0.0028760025024414 
2.1899999999999999 	 -0.0107253135681152 
2.2199999999999998 	 -0.0070627326965332 
2.2500000000000000 	 -0.0070323143005371 
2.2799999999999998 	 0.0059137214660645 
2.3100000000000001 	 -0.0027189025878906 
2.3399999999999999 	 -0.0047841407775879 
2.3700000000000001 	 0.0078434494018555 
2.3999999999999999 	 -0.0040659873962402 
2.4299999999999997 	 -0.0021842216491699 
2.4600000000000000 	 -0.0010362686157227 
2.4899999999999998 	 0.0037735031127930 
2.5200000000000000 	 0.0042022758483887 
2.5499999999999998 	 -0.0038929138183594 
2.5800000000000001 	 0.0039144912719727 
2.6099999999999999 	 0.0015276344299316 
2.6399999999999997 	 -0.0030648880004883 
2.6699999999999999 	 -0.0072847854614258 
2.6999999999999997 	 -0.0009584014892578 
2.7300000000000000 	 -0.0020869392395020 
2.7599999999999998 	 0.0015238723754883 
2.7900000000000000 	 0.0014443809509277 
2.8199999999999998 	 0.0034595649719238 
2.8500000000000001 	 -0.0020877891540527 
2.8799999999999999 	 0.0007332107543945 
2.9099999999999997 	 0.0036920654296875 
2.9399999999999999 	 0.0036981628417969 
2.9699999999999998 	 -0.0029672195434570 
