-0.5799999999999998 
-0.5799999999999998 
-0.5999999999999999 
-0.5999999999999999 
-0.5999999999999999 
-0.5999999999999999 
-0.5999999999999999 
-0.5999999999999999 
-0.5999999999999999 
-0.5999999999999999 
-0.5999999999999999 
-0.5999999999999999 
-0.5999999999999999 
-0.5999999999999999 
-0.5999999999999999 
-0.5999999999999999 
-0.6199999999999999 
-0.5999999999999999 
-0.5999999999999999 
-0.5999999999999999 
-0.5999999999999999 
-0.6199999999999999 
-0.6199999999999999 
-0.6199999999999999 
-0.6199999999999999 
-0.6199999999999999 
-0.6399999999999999 
-0.6199999999999999 
-0.6199999999999999 
-0.6199999999999999 
-0.6199999999999999 
-0.6399999999999999 
-0.6399999999999999 
-0.6399999999999999 
-0.6399999999999999 
-0.6599999999999999 
-0.6599999999999999 
-0.6599999999999999 
-0.6599999999999999 
-0.6399999999999999 
-0.6399999999999999 
-0.6399999999999999 
-0.6199999999999999 
-0.6199999999999999 
-0.5999999999999999 
-0.6199999999999999 
-0.6199999999999999 
-0.6199999999999999 
-0.5999999999999999 
-0.5999999999999999 
-0.5999999999999999 
-0.6199999999999999 
-0.5999999999999999 
-0.5799999999999998 
-0.5799999999999998 
-0.5799999999999998 
-0.5999999999999999 
-0.5999999999999999 
-0.5799999999999998 
-0.5799999999999998 
-0.5599999999999998 
-0.5599999999999998 
-0.5799999999999998 
-0.5599999999999998 
-0.5599999999999998 
-0.5599999999999998 
-0.5799999999999998 
-0.5799999999999998 
-0.5799999999999998 
-0.5799999999999998 
-0.5799999999999998 
-0.5799999999999998 
-0.5799999999999998 
-0.5799999999999998 
-0.5599999999999998 
-0.5599999999999998 
-0.5399999999999998 
-0.5399999999999998 
-0.5399999999999998 
-0.5399999999999998 
-0.5199999999999998 
-0.5199999999999998 
-0.5399999999999998 
-0.5399999999999998 
-0.5399999999999998 
-0.5399999999999998 
-0.5399999999999998 
-0.5199999999999998 
-0.5199999999999998 
-0.5199999999999998 
-0.5399999999999998 
-0.5399999999999998 
-0.5399999999999998 
-0.5399999999999998 
-0.5399999999999998 
-0.5199999999999998 
-0.4999999999999998 
-0.4799999999999998 
-0.4799999999999998 
-0.4999999999999998 
-0.4999999999999998 
-0.4799999999999998 
-0.4599999999999997 
-0.4599999999999997 
-0.4799999999999998 
-0.4799999999999998 
-0.4799999999999998 
-0.4799999999999998 
-0.4799999999999998 
-0.4999999999999998 
-0.4999999999999998 
-0.4999999999999998 
-0.4999999999999998 
-0.4999999999999998 
-0.4999999999999998 
-0.4999999999999998 
-0.4999999999999998 
-0.4999999999999998 
-0.4999999999999998 
-0.4999999999999998 
-0.4999999999999998 
-0.5199999999999998 
-0.5399999999999998 
-0.5399999999999998 
-0.5399999999999998 
-0.5399999999999998 
-0.5199999999999998 
-0.5399999999999998 
-0.5399999999999998 
-0.5199999999999998 
-0.5199999999999998 
-0.4999999999999998 
-0.4999999999999998 
-0.5199999999999998 
-0.5199999999999998 
-0.5199999999999998 
-0.5199999999999998 
-0.5199999999999998 
-0.5399999999999998 
-0.5399999999999998 
-0.5399999999999998 
-0.5399999999999998 
-0.5399999999999998 
-0.5399999999999998 
-0.5399999999999998 
-0.5399999999999998 
-0.5199999999999998 
-0.4999999999999998 
-0.4999999999999998 
-0.4999999999999998 
-0.5199999999999998 
-0.5199999999999998 
-0.5199999999999998 
-0.5199999999999998 
-0.5199999999999998 
-0.5399999999999998 
-0.5399999999999998 
-0.5599999999999998 
-0.5599999999999998 
-0.5399999999999998 
-0.5599999999999998 
-0.5599999999999998 
-0.5599999999999998 
-0.5599999999999998 
-0.5799999999999998 
-0.5999999999999999 
-0.5999999999999999 
-0.5999999999999999 
-0.5999999999999999 
-0.5799999999999998 
-0.5599999999999998 
-0.5399999999999998 
-0.5399999999999998 
-0.5599999999999998 
-0.5599999999999998 
-0.5599999999999998 
-0.5599999999999998 
-0.5599999999999998 
-0.5599999999999998 
-0.5599999999999998 
-0.5599999999999998 
-0.5599999999999998 
-0.5599999999999998 
-0.5799999999999998 
-0.5799999999999998 
-0.5799999999999998 
-0.5799999999999998 
-0.5999999999999999 
-0.5999999999999999 
-0.5799999999999998 
-0.5799999999999998 
-0.5799999999999998 
-0.5799999999999998 
-0.5599999999999998 
-0.5599999999999998 
-0.5399999999999998 
-0.5199999999999998 
-0.5199999999999998 
-0.5399999999999998 
-0.5399999999999998 
-0.5399999999999998 
-0.5399999999999998 
-0.5399999999999998 
-0.5399999999999998 
-0.5599999999999998 
-0.5599999999999998 
-0.5599999999999998 
-0.5599999999999998 
-0.5599999999999998 
-0.5599999999999998 
-0.5599999999999998 
-0.5599999999999998 
-0.5799999999999998 
-0.5799999999999998 
-0.5799999999999998 
-0.5599999999999998 
-0.5599999999999998 
-0.5399999999999998 
-0.5399999999999998 
-0.5399999999999998 
-0.5599999999999998 
-0.5799999999999998 
-0.5799999999999998 
-0.5799999999999998 
-0.5999999999999999 
-0.5999999999999999 
-0.5999999999999999 
-0.6199999999999999 
-0.6199999999999999 
-0.6199999999999999 
-0.6199999999999999 
-0.6399999999999999 
-0.6399999999999999 
-0.6399999999999999 
-0.6399999999999999 
-0.6399999999999999 
-0.6399999999999999 
-0.6399999999999999 
-0.6399999999999999 
-0.6599999999999999 
-0.6599999999999999 
-0.6599999999999999 
-0.6399999999999999 
-0.6399999999999999 
-0.6199999999999999 
-0.6199999999999999 
-0.6199999999999999 
-0.6199999999999999 
-0.6199999999999999 
-0.6199999999999999 
-0.6399999999999999 
-0.6399999999999999 
-0.6399999999999999 
-0.6399999999999999 
-0.6399999999999999 
-0.6399999999999999 
-0.6399999999999999 
-0.6399999999999999 
-0.6199999999999999 
-0.6199999999999999 
-0.6399999999999999 
-0.6399999999999999 
-0.6599999999999999 
-0.6599999999999999 
-0.6599999999999999 
-0.6599999999999999 
-0.6599999999999999 
-0.6799999999999999 
-0.6799999999999999 
-0.6799999999999999 
-0.7000000000000000 
-0.7000000000000000 
-0.7200000000000000 
-0.7200000000000000 
-0.7200000000000000 
-0.7200000000000000 
-0.7400000000000000 
-0.7200000000000000 
-0.7200000000000000 
-0.7200000000000000 
-0.7400000000000000 
-0.7400000000000000 
-0.7400000000000000 
-0.7400000000000000 
-0.7400000000000000 
-0.7400000000000000 
-0.7200000000000000 
-0.7200000000000000 
-0.7200000000000000 
-0.7200000000000000 
-0.7000000000000000 
-0.7000000000000000 
-0.7000000000000000 
-0.7000000000000000 
-0.7000000000000000 
-0.7000000000000000 
-0.6799999999999999 
-0.6799999999999999 
-0.7000000000000000 
-0.7000000000000000 
-0.6799999999999999 
-0.6799999999999999 
-0.6599999999999999 
-0.6599999999999999 
-0.6599999999999999 
-0.6599999999999999 
-0.6599999999999999 
-0.6799999999999999 
-0.6799999999999999 
-0.6599999999999999 
-0.6599999999999999 
-0.6399999999999999 
-0.6399999999999999 
-0.6399999999999999 
-0.6199999999999999 
-0.6199999999999999 
-0.6399999999999999 
-0.6399999999999999 
-0.6599999999999999 
-0.6599999999999999 
-0.6599999999999999 
-0.6399999999999999 
-0.6199999999999999 
-0.6199999999999999 
-0.6199999999999999 
-0.6199999999999999 
-0.6399999999999999 
-0.6399999999999999 
-0.6399999999999999 
-0.6399999999999999 
-0.6199999999999999 
-0.6199999999999999 
-0.6199999999999999 
-0.6199999999999999 
-0.6199999999999999 
-0.6399999999999999 
-0.6199999999999999 
-0.6199999999999999 
-0.6199999999999999 
-0.6199999999999999 
-0.6399999999999999 
-0.6399999999999999 
-0.6199999999999999 
-0.6399999999999999 
-0.6399999999999999 
-0.6599999999999999 
-0.6599999999999999 
-0.6599999999999999 
-0.6599999999999999 
-0.6599999999999999 
-0.6599999999999999 
-0.6599999999999999 
-0.6399999999999999 
-0.6399999999999999 
-0.6599999999999999 
-0.6599999999999999 
-0.6799999999999999 
-0.6799999999999999 
-0.6799999999999999 
-0.6599999999999999 
-0.6399999999999999 
-0.6399999999999999 
-0.6599999999999999 
-0.6399999999999999 
-0.6199999999999999 
-0.6199999999999999 
-0.5999999999999999 
-0.5999999999999999 
-0.5999999999999999 
-0.5999999999999999 
-0.5799999999999998 
-0.5799999999999998 
-0.5999999999999999 
-0.5999999999999999 
-0.5799999999999998 
-0.5799999999999998 
-0.5799999999999998 
-0.5599999999999998 
-0.5799999999999998 
-0.5599999999999998 
-0.5599999999999998 
-0.5599999999999998 
-0.5599999999999998 
-0.5599999999999998 
-0.5599999999999998 
-0.5599999999999998 
-0.5799999999999998 
-0.5999999999999999 
-0.5999999999999999 
-0.5999999999999999 
-0.5999999999999999 
-0.5999999999999999 
-0.5999999999999999 
-0.5999999999999999 
-0.5999999999999999 
-0.5999999999999999 
-0.5999999999999999 
-0.5999999999999999 
-0.5799999999999998 
-0.5799999999999998 
-0.5799999999999998 
-0.5799999999999998 
-0.5599999999999998 
-0.5799999999999998 
-0.5799999999999998 
-0.5999999999999999 
-0.5999999999999999 
-0.5799999999999998 
-0.5799999999999998 
-0.5799999999999998 
-0.5999999999999999 
-0.5999999999999999 
-0.5799999999999998 
-0.5999999999999999 
-0.5999999999999999 
-0.5799999999999998 
-0.5799999999999998 
-0.5599999999999998 
-0.5399999999999998 
-0.5599999999999998 
-0.5599999999999998 
-0.5599999999999998 
-0.5799999999999998 
-0.5799999999999998 
-0.5999999999999999 
-0.5799999999999998 
-0.5599999999999998 
-0.5399999999999998 
-0.5599999999999998 
-0.5799999999999998 
-0.5999999999999999 
-0.5999999999999999 
-0.6199999999999999 
-0.5999999999999999 
-0.6199999999999999 
-0.6399999999999999 
-0.6199999999999999 
-0.6199999999999999 
-0.6199999999999999 
-0.6199999999999999 
-0.6199999999999999 
-0.6199999999999999 
-0.6399999999999999 
-0.6399999999999999 
-0.6399999999999999 
-0.6399999999999999 
-0.6399999999999999 
-0.6599999999999999 
-0.6799999999999999 
-0.6799999999999999 
-0.6799999999999999 
-0.7000000000000000 
-0.7000000000000000 
-0.7000000000000000 
-0.6799999999999999 
-0.6799999999999999 
-0.6799999999999999 
-0.7000000000000000 
-0.7000000000000000 
-0.7200000000000000 
-0.7200000000000000 
-0.7000000000000000 
-0.7000000000000000 
-0.7000000000000000 
-0.7000000000000000 
-0.7000000000000000 
-0.6799999999999999 
-0.6799999999999999 
-0.6799999999999999 
-0.6799999999999999 
-0.6799999999999999 
-0.6799999999999999 
-0.6599999999999999 
-0.6599999999999999 
-0.6599999999999999 
-0.6599999999999999 
-0.6599999999999999 
-0.6799999999999999 
-0.6799999999999999 
-0.6799999999999999 
-0.6799999999999999 
-0.6799999999999999 
-0.6799999999999999 
-0.6799999999999999 
-0.6799999999999999 
-0.7000000000000000 
-0.7000000000000000 
-0.7000000000000000 
-0.7000000000000000 
-0.6799999999999999 
-0.6799999999999999 
-0.6799999999999999 
-0.6599999999999999 
-0.6599999999999999 
-0.6599999999999999 
-0.6799999999999999 
-0.6799999999999999 
-0.7000000000000000 
-0.7000000000000000 
-0.7000000000000000 
-0.7000000000000000 
-0.7000000000000000 
-0.7000000000000000 
-0.7000000000000000 
-0.7000000000000000 
-0.7000000000000000 
-0.7200000000000000 
-0.7000000000000000 
-0.6799999999999999 
-0.6799999999999999 
-0.6799999999999999 
-0.6799999999999999 
-0.6799999999999999 
-0.6799999999999999 
-0.6799999999999999 
-0.7000000000000000 
-0.7000000000000000 
-0.6799999999999999 
-0.7000000000000000 
-0.7000000000000000 
-0.7000000000000000 
-0.6799999999999999 
-0.6799999999999999 
-0.6799999999999999 
-0.7000000000000000 
-0.7000000000000000 
-0.6799999999999999 
-0.6599999999999999 
-0.6599999999999999 
-0.6599999999999999 
-0.6399999999999999 
-0.6399999999999999 
-0.6399999999999999 
-0.6599999999999999 
-0.6399999999999999 
-0.6399999999999999 
-0.6399999999999999 
-0.6399999999999999 
-0.6399999999999999 
-0.6399999999999999 
-0.6399999999999999 
-0.6399999999999999 
-0.6399999999999999 
-0.6399999999999999 
-0.6599999999999999 
-0.6399999999999999 
-0.6399999999999999 
-0.6399999999999999 
-0.6199999999999999 
-0.6199999999999999 
-0.6199999999999999 
-0.6199999999999999 
-0.6199999999999999 
-0.6199999999999999 
-0.6199999999999999 
-0.6399999999999999 
-0.6399999999999999 
-0.6399999999999999 
-0.6399999999999999 
-0.6399999999999999 
-0.6399999999999999 
-0.6399999999999999 
-0.6399999999999999 
-0.6399999999999999 
-0.6399999999999999 
-0.6399999999999999 
-0.6399999999999999 
-0.6399999999999999 
-0.6399999999999999 
-0.6599999999999999 
-0.6599999999999999 
-0.6599999999999999 
-0.6599999999999999 
-0.6599999999999999 
-0.6599999999999999 
-0.6599999999999999 
-0.6799999999999999 
-0.6799999999999999 
-0.7000000000000000 
-0.6799999999999999 
-0.7000000000000000 
-0.6799999999999999 
-0.6799999999999999 
-0.6799999999999999 
-0.6799999999999999 
-0.7000000000000000 
-0.7000000000000000 
-0.7200000000000000 
-0.7200000000000000 
-0.7000000000000000 
-0.7000000000000000 
-0.7000000000000000 
-0.7000000000000000 
-0.7000000000000000 
-0.7000000000000000 
-0.6799999999999999 
-0.6599999999999999 
-0.6599999999999999 
-0.6599999999999999 
-0.6399999999999999 
-0.6199999999999999 
-0.6399999999999999 
-0.6399999999999999 
-0.6399999999999999 
-0.6599999999999999 
-0.6599999999999999 
-0.6799999999999999 
-0.6799999999999999 
-0.6799999999999999 
-0.7000000000000000 
-0.7000000000000000 
-0.7000000000000000 
-0.7000000000000000 
-0.7000000000000000 
-0.7000000000000000 
-0.7000000000000000 
-0.6799999999999999 
-0.6599999999999999 
-0.6799999999999999 
-0.6799999999999999 
-0.6799999999999999 
-0.6799999999999999 
-0.6799999999999999 
-0.6599999999999999 
-0.6599999999999999 
-0.6599999999999999 
-0.6399999999999999 
-0.6399999999999999 
-0.6399999999999999 
-0.6199999999999999 
-0.6199999999999999 
-0.5999999999999999 
-0.5999999999999999 
-0.6199999999999999 
-0.6199999999999999 
-0.5999999999999999 
-0.5999999999999999 
-0.5999999999999999 
-0.5999999999999999 
-0.5999999999999999 
-0.5799999999999998 
-0.5599999999999998 
-0.5399999999999998 
-0.5399999999999998 
-0.5399999999999998 
-0.5199999999999998 
-0.5199999999999998 
-0.5199999999999998 
-0.5199999999999998 
-0.4999999999999998 
-0.4999999999999998 
-0.5199999999999998 
-0.5199999999999998 
-0.5199999999999998 
-0.4999999999999998 
-0.5199999999999998 
-0.5199999999999998 
-0.4999999999999998 
-0.4799999999999998 
-0.4999999999999998 
-0.5199999999999998 
-0.5199999999999998 
-0.4999999999999998 
-0.4999999999999998 
-0.4999999999999998 
-0.4799999999999998 
-0.4799999999999998 
-0.4999999999999998 
-0.4799999999999998 
-0.4799999999999998 
-0.4999999999999998 
-0.5199999999999998 
-0.5199999999999998 
-0.4999999999999998 
-0.5199999999999998 
-0.5199999999999998 
-0.5199999999999998 
-0.5199999999999998 
-0.5199999999999998 
-0.5199999999999998 
-0.5199999999999998 
-0.5399999999999998 
-0.5599999999999998 
-0.5399999999999998 
-0.5199999999999998 
-0.5199999999999998 
-0.5199999999999998 
-0.5199999999999998 
-0.5199999999999998 
-0.5399999999999998 
-0.5399999999999998 
-0.5599999999999998 
-0.5599999999999998 
-0.5399999999999998 
-0.5599999999999998 
-0.5599999999999998 
-0.5599999999999998 
-0.5599999999999998 
-0.5599999999999998 
-0.5399999999999998 
-0.5599999999999998 
-0.5599999999999998 
-0.5599999999999998 
-0.5599999999999998 
-0.5599999999999998 
-0.5599999999999998 
-0.5399999999999998 
-0.5399999999999998 
-0.5399999999999998 
-0.5199999999999998 
-0.4999999999999998 
-0.4999999999999998 
-0.4999999999999998 
-0.4799999999999998 
-0.4999999999999998 
-0.4799999999999998 
-0.4799999999999998 
-0.4799999999999998 
-0.4799999999999998 
-0.4799999999999998 
-0.4799999999999998 
-0.4799999999999998 
-0.4799999999999998 
-0.4799999999999998 
-0.4999999999999998 
-0.4999999999999998 
-0.5199999999999998 
-0.5199999999999998 
-0.4999999999999998 
-0.4999999999999998 
-0.4799999999999998 
-0.4999999999999998 
-0.4999999999999998 
-0.4999999999999998 
-0.4999999999999998 
-0.4999999999999998 
-0.4999999999999998 
-0.4799999999999998 
-0.4599999999999997 
-0.4399999999999997 
-0.4199999999999997 
-0.4199999999999997 
-0.4199999999999997 
-0.4199999999999997 
-0.3999999999999997 
-0.3999999999999997 
-0.3999999999999997 
-0.3999999999999997 
-0.4199999999999997 
-0.4199999999999997 
-0.3999999999999997 
-0.4199999999999997 
-0.4199999999999997 
-0.4199999999999997 
-0.3999999999999997 
-0.4199999999999997 
-0.4199999999999997 
-0.4199999999999997 
-0.4199999999999997 
-0.4399999999999997 
-0.4399999999999997 
-0.4399999999999997 
-0.4399999999999997 
-0.4399999999999997 
-0.4399999999999997 
-0.4399999999999997 
-0.4199999999999997 
-0.4199999999999997 
-0.4199999999999997 
-0.4199999999999997 
-0.3999999999999997 
-0.4199999999999997 
-0.4199999999999997 
-0.4199999999999997 
-0.4199999999999997 
-0.3999999999999997 
-0.3999999999999997 
-0.3999999999999997 
-0.3999999999999997 
-0.3799999999999997 
-0.3799999999999997 
-0.3799999999999997 
-0.3999999999999997 
-0.3999999999999997 
-0.3999999999999997 
-0.3999999999999997 
-0.3999999999999997 
-0.3999999999999997 
-0.3799999999999997 
-0.3599999999999997 
-0.3599999999999997 
-0.3599999999999997 
-0.3599999999999997 
-0.3599999999999997 
-0.3599999999999997 
-0.3599999999999997 
-0.3599999999999997 
-0.3599999999999997 
-0.3599999999999997 
-0.3599999999999997 
-0.3599999999999997 
-0.3599999999999997 
-0.3599999999999997 
-0.3599999999999997 
-0.3599999999999997 
-0.3599999999999997 
-0.3599999999999997 
-0.3599999999999997 
-0.3799999999999997 
-0.3599999999999997 
-0.3799999999999997 
-0.3799999999999997 
-0.3999999999999997 
-0.3999999999999997 
-0.3999999999999997 
-0.3999999999999997 
-0.3999999999999997 
-0.3999999999999997 
-0.3999999999999997 
-0.3999999999999997 
-0.3999999999999997 
-0.3999999999999997 
-0.3999999999999997 
-0.3999999999999997 
-0.4199999999999997 
-0.4199999999999997 
-0.4399999999999997 
-0.4599999999999997 
-0.4599999999999997 
-0.4799999999999998 
-0.4599999999999997 
-0.4599999999999997 
-0.4599999999999997 
-0.4599999999999997 
-0.4399999999999997 
-0.4599999999999997 
-0.4599999999999997 
-0.4599999999999997 
-0.4599999999999997 
-0.4599999999999997 
-0.4599999999999997 
-0.4599999999999997 
-0.4399999999999997 
-0.4399999999999997 
-0.4399999999999997 
-0.4199999999999997 
-0.4199999999999997 
-0.4199999999999997 
-0.4199999999999997 
-0.4199999999999997 
-0.4199999999999997 
-0.3999999999999997 
-0.3999999999999997 
-0.3999999999999997 
-0.4199999999999997 
-0.3999999999999997 
-0.3999999999999997 
-0.4199999999999997 
-0.4199999999999997 
-0.4199999999999997 
-0.4199999999999997 
-0.3999999999999997 
-0.3999999999999997 
-0.3799999999999997 
-0.3599999999999997 
-0.3599999999999997 
-0.3799999999999997 
-0.3799999999999997 
-0.3799999999999997 
-0.3799999999999997 
-0.3999999999999997 
-0.3799999999999997 
-0.3799999999999997 
-0.3799999999999997 
-0.3799999999999997 
-0.3599999999999997 
-0.3399999999999996 
-0.3399999999999996 
-0.3399999999999996 
-0.3399999999999996 
-0.3599999999999997 
-0.3599999999999997 
-0.3599999999999997 
-0.3599999999999997 
-0.3599999999999997 
-0.3599999999999997 
-0.3599999999999997 
-0.3799999999999997 
-0.3799999999999997 
-0.3799999999999997 
-0.3999999999999997 
-0.3999999999999997 
-0.3799999999999997 
-0.3799999999999997 
-0.3799999999999997 
-0.3599999999999997 
-0.3599999999999997 
-0.3599999999999997 
-0.3599999999999997 
-0.3599999999999997 
-0.3599999999999997 
-0.3599999999999997 
-0.3599999999999997 
-0.3799999999999997 
-0.3799999999999997 
-0.3799999999999997 
-0.3799999999999997 
-0.3799999999999997 
-0.3999999999999997 
-0.3999999999999997 
-0.3999999999999997 
-0.3799999999999997 
-0.3799999999999997 
-0.3799999999999997 
-0.3799999999999997 
-0.3799999999999997 
-0.3799999999999997 
-0.3999999999999997 
-0.3999999999999997 
-0.3999999999999997 
-0.3999999999999997 
-0.4199999999999997 
-0.4199999999999997 
-0.4199999999999997 
-0.4199999999999997 
-0.3999999999999997 
-0.3999999999999997 
-0.3999999999999997 
-0.3799999999999997 
-0.3799999999999997 
-0.3599999999999997 
-0.3599999999999997 
-0.3399999999999996 
-0.3399999999999996 
-0.3199999999999996 
-0.2999999999999996 
-0.2999999999999996 
-0.2999999999999996 
-0.2799999999999996 
-0.2799999999999996 
-0.2799999999999996 
-0.2799999999999996 
-0.2799999999999996 
-0.2799999999999996 
-0.2799999999999996 
-0.2799999999999996 
-0.2999999999999996 
-0.2799999999999996 
-0.2799999999999996 
-0.2799999999999996 
-0.2999999999999996 
-0.2999999999999996 
-0.2799999999999996 
-0.2799999999999996 
-0.2799999999999996 
-0.2799999999999996 
-0.2599999999999996 
-0.2599999999999996 
-0.2599999999999996 
-0.2599999999999996 
-0.2799999999999996 
-0.2799999999999996 
-0.2999999999999996 
-0.3199999999999996 
-0.3199999999999996 
-0.3199999999999996 
-0.3199999999999996 
-0.3399999999999996 
-0.3399999999999996 
-0.3399999999999996 
-0.3399999999999996 
-0.3199999999999996 
-0.3399999999999996 
-0.3399999999999996 
-0.3399999999999996 
-0.3599999999999997 
-0.3599999999999997 
-0.3599999999999997 
-0.3599999999999997 
-0.3599999999999997 
-0.3599999999999997 
-0.3599999999999997 
-0.3799999999999997 
-0.3799999999999997 
-0.3799999999999997 
-0.3799999999999997 
-0.3799999999999997 
-0.3599999999999997 
-0.3599999999999997 
-0.3799999999999997 
-0.3799999999999997 
-0.3999999999999997 
-0.4199999999999997 
-0.4199999999999997 
-0.4399999999999997 
-0.4199999999999997 
-0.4199999999999997 
-0.4199999999999997 
-0.4399999999999997 
-0.4599999999999997 
