0.3399999999999997 
0.3599999999999998 
0.3599999999999998 
0.3399999999999997 
0.3599999999999998 
0.3799999999999998 
0.3999999999999998 
0.3799999999999998 
0.3799999999999998 
0.3999999999999998 
0.3799999999999998 
0.3799999999999998 
0.3799999999999998 
0.3999999999999998 
0.3799999999999998 
0.3999999999999998 
0.4199999999999998 
0.4399999999999998 
0.4399999999999998 
0.4599999999999999 
0.4799999999999999 
0.4599999999999999 
0.4599999999999999 
0.4599999999999999 
0.4399999999999998 
0.4599999999999999 
0.4599999999999999 
0.4599999999999999 
0.4799999999999999 
0.4599999999999999 
0.4399999999999998 
0.4599999999999999 
0.4399999999999998 
0.4399999999999998 
0.4399999999999998 
0.4599999999999999 
0.4599999999999999 
0.4399999999999998 
0.4199999999999998 
0.4199999999999998 
0.4199999999999998 
0.4199999999999998 
0.3999999999999998 
0.3999999999999998 
0.3799999999999998 
0.3799999999999998 
0.3799999999999998 
0.3599999999999998 
0.3799999999999998 
0.3599999999999998 
0.3599999999999998 
0.3799999999999998 
0.3799999999999998 
0.3999999999999998 
0.3799999999999998 
0.3799999999999998 
0.3799999999999998 
0.3999999999999998 
0.3999999999999998 
0.3999999999999998 
0.3999999999999998 
0.3799999999999998 
0.3599999999999998 
0.3799999999999998 
0.3599999999999998 
0.3599999999999998 
0.3599999999999998 
0.3799999999999998 
0.3799999999999998 
0.3599999999999998 
0.3599999999999998 
0.3399999999999997 
0.3599999999999998 
0.3799999999999998 
0.3799999999999998 
0.3799999999999998 
0.3599999999999998 
0.3599999999999998 
0.3399999999999997 
0.3599999999999998 
0.3599999999999998 
0.3399999999999997 
0.3599999999999998 
0.3399999999999997 
0.3399999999999997 
0.3399999999999997 
0.3599999999999998 
0.3399999999999997 
0.3199999999999997 
0.3399999999999997 
0.3199999999999997 
0.2999999999999997 
0.2799999999999997 
0.2799999999999997 
0.2799999999999997 
0.2999999999999997 
0.2999999999999997 
0.2999999999999997 
0.2999999999999997 
0.2999999999999997 
0.3199999999999997 
0.3199999999999997 
0.2999999999999997 
0.2999999999999997 
0.2799999999999997 
0.2999999999999997 
0.2799999999999997 
0.2999999999999997 
0.2999999999999997 
0.2799999999999997 
0.2799999999999997 
0.2799999999999997 
0.2799999999999997 
0.2599999999999997 
0.2599999999999997 
0.2599999999999997 
0.2399999999999997 
0.2599999999999997 
0.2399999999999997 
0.2199999999999997 
0.2199999999999997 
0.1999999999999997 
0.1999999999999997 
0.1799999999999997 
0.1799999999999997 
0.1599999999999997 
0.1599999999999997 
0.1799999999999997 
0.1999999999999997 
0.1999999999999997 
0.1999999999999997 
0.1999999999999997 
0.2199999999999997 
0.1999999999999997 
0.1999999999999997 
0.2199999999999997 
0.1999999999999997 
0.1799999999999997 
0.1999999999999997 
0.1799999999999997 
0.1999999999999997 
0.1999999999999997 
0.1999999999999997 
0.2199999999999997 
0.2199999999999997 
0.2199999999999997 
0.2399999999999997 
0.2199999999999997 
0.2399999999999997 
0.2399999999999997 
0.2599999999999997 
0.2799999999999997 
0.2599999999999997 
0.2399999999999997 
0.2599999999999997 
0.2799999999999997 
0.2799999999999997 
0.2999999999999997 
0.3199999999999997 
0.2999999999999997 
0.2999999999999997 
0.2799999999999997 
0.2799999999999997 
0.2799999999999997 
0.2599999999999997 
0.2799999999999997 
0.2599999999999997 
0.2799999999999997 
0.2599999999999997 
0.2599999999999997 
0.2799999999999997 
0.2599999999999997 
0.2799999999999997 
0.2999999999999997 
0.2799999999999997 
0.2799999999999997 
0.2799999999999997 
0.2799999999999997 
0.2999999999999997 
0.2999999999999997 
0.2999999999999997 
0.2799999999999997 
0.2999999999999997 
0.3199999999999997 
0.3199999999999997 
0.3199999999999997 
0.3199999999999997 
0.3199999999999997 
0.2999999999999997 
0.3199999999999997 
0.2999999999999997 
0.2999999999999997 
0.2799999999999997 
0.2999999999999997 
0.2999999999999997 
0.3199999999999997 
0.3399999999999997 
0.3199999999999997 
0.2999999999999997 
0.2799999999999997 
0.2599999999999997 
0.2399999999999997 
0.2599999999999997 
0.2599999999999997 
0.2399999999999997 
0.2399999999999997 
0.2399999999999997 
0.2599999999999997 
0.2799999999999997 
0.2599999999999997 
0.2399999999999997 
0.2199999999999997 
0.2199999999999997 
0.2199999999999997 
0.2199999999999997 
0.2399999999999997 
0.2199999999999997 
0.1999999999999997 
0.2199999999999997 
0.2399999999999997 
0.2399999999999997 
0.2599999999999997 
0.2599999999999997 
0.2399999999999997 
0.2199999999999997 
0.2399999999999997 
0.2399999999999997 
0.2399999999999997 
0.2199999999999997 
0.1999999999999997 
0.1999999999999997 
0.1999999999999997 
0.2199999999999997 
0.2199999999999997 
0.2199999999999997 
0.2199999999999997 
0.2399999999999997 
0.2199999999999997 
0.1999999999999997 
0.1999999999999997 
0.1999999999999997 
0.1799999999999997 
0.1999999999999997 
0.2199999999999997 
0.2199999999999997 
0.2399999999999997 
0.2399999999999997 
0.2599999999999997 
0.2399999999999997 
0.2399999999999997 
0.2199999999999997 
0.1999999999999997 
0.2199999999999997 
0.2199999999999997 
0.2399999999999997 
0.2599999999999997 
0.2599999999999997 
0.2599999999999997 
0.2599999999999997 
0.2599999999999997 
0.2399999999999997 
0.2399999999999997 
0.2399999999999997 
0.2399999999999997 
0.2599999999999997 
0.2399999999999997 
0.2399999999999997 
0.2399999999999997 
0.2399999999999997 
0.2399999999999997 
0.2599999999999997 
0.2599999999999997 
0.2399999999999997 
0.2599999999999997 
0.2799999999999997 
0.2999999999999997 
0.3199999999999997 
0.3199999999999997 
0.3399999999999997 
0.3599999999999998 
0.3599999999999998 
0.3399999999999997 
0.3599999999999998 
0.3399999999999997 
0.3599999999999998 
0.3599999999999998 
0.3599999999999998 
0.3599999999999998 
0.3599999999999998 
0.3599999999999998 
0.3399999999999997 
0.3399999999999997 
0.3399999999999997 
0.3399999999999997 
0.3399999999999997 
0.3399999999999997 
0.3399999999999997 
0.3399999999999997 
0.3399999999999997 
0.3399999999999997 
0.3599999999999998 
0.3599999999999998 
0.3599999999999998 
0.3399999999999997 
0.3399999999999997 
0.3399999999999997 
0.3599999999999998 
0.3799999999999998 
0.3999999999999998 
0.4199999999999998 
0.3999999999999998 
0.3999999999999998 
0.3999999999999998 
0.3799999999999998 
0.3799999999999998 
0.3999999999999998 
0.3999999999999998 
0.3999999999999998 
0.3999999999999998 
0.4199999999999998 
0.4199999999999998 
0.4399999999999998 
0.4599999999999999 
0.4599999999999999 
0.4599999999999999 
0.4799999999999999 
0.4799999999999999 
0.4799999999999999 
0.4799999999999999 
0.4999999999999999 
0.4999999999999999 
0.4799999999999999 
0.4999999999999999 
0.4799999999999999 
0.4599999999999999 
0.4799999999999999 
0.4799999999999999 
0.4599999999999999 
0.4599999999999999 
0.4599999999999999 
0.4599999999999999 
0.4399999999999998 
0.4199999999999998 
0.4199999999999998 
0.4399999999999998 
0.4599999999999999 
0.4599999999999999 
0.4799999999999999 
0.4599999999999999 
0.4399999999999998 
0.4399999999999998 
0.4599999999999999 
0.4599999999999999 
0.4399999999999998 
0.4199999999999998 
0.4199999999999998 
0.4399999999999998 
0.4199999999999998 
0.4399999999999998 
0.4599999999999999 
0.4599999999999999 
0.4599999999999999 
0.4799999999999999 
0.4599999999999999 
0.4599999999999999 
0.4599999999999999 
0.4799999999999999 
0.4999999999999999 
0.5199999999999999 
0.5199999999999999 
0.5199999999999999 
0.5199999999999999 
0.5199999999999999 
0.5399999999999999 
0.5399999999999999 
0.5399999999999999 
0.5599999999999999 
0.5800000000000000 
0.5800000000000000 
0.5599999999999999 
0.5599999999999999 
0.5599999999999999 
0.5599999999999999 
0.5599999999999999 
0.5599999999999999 
0.5599999999999999 
0.5599999999999999 
0.5599999999999999 
0.5800000000000000 
0.6000000000000000 
0.5800000000000000 
0.5599999999999999 
0.5399999999999999 
0.5199999999999999 
0.5199999999999999 
0.5199999999999999 
0.4999999999999999 
0.4999999999999999 
0.5199999999999999 
0.5199999999999999 
0.5399999999999999 
0.5599999999999999 
0.5399999999999999 
0.5199999999999999 
0.5199999999999999 
0.5199999999999999 
0.4999999999999999 
0.4999999999999999 
0.4799999999999999 
0.4799999999999999 
0.4999999999999999 
0.5199999999999999 
0.5199999999999999 
0.5199999999999999 
0.5199999999999999 
0.5199999999999999 
0.4999999999999999 
0.4999999999999999 
0.4999999999999999 
0.4999999999999999 
0.4999999999999999 
0.4999999999999999 
0.4799999999999999 
0.4999999999999999 
0.4999999999999999 
0.4999999999999999 
0.5199999999999999 
0.5199999999999999 
0.5199999999999999 
0.5199999999999999 
0.5199999999999999 
0.5199999999999999 
0.5199999999999999 
0.4999999999999999 
0.4799999999999999 
0.4799999999999999 
0.4799999999999999 
0.4999999999999999 
0.4999999999999999 
0.4999999999999999 
0.4799999999999999 
0.4599999999999999 
0.4599999999999999 
0.4399999999999998 
0.4199999999999998 
0.4199999999999998 
0.4399999999999998 
0.4399999999999998 
0.4399999999999998 
0.4399999999999998 
0.4599999999999999 
0.4599999999999999 
0.4799999999999999 
0.4799999999999999 
0.4799999999999999 
0.4599999999999999 
0.4399999999999998 
0.4599999999999999 
0.4599999999999999 
0.4399999999999998 
0.4199999999999998 
0.4399999999999998 
0.4399999999999998 
0.4399999999999998 
0.4399999999999998 
0.4199999999999998 
0.4399999999999998 
0.4399999999999998 
0.4399999999999998 
0.4599999999999999 
0.4799999999999999 
0.4599999999999999 
0.4599999999999999 
0.4599999999999999 
0.4599999999999999 
0.4399999999999998 
0.4399999999999998 
0.4599999999999999 
0.4599999999999999 
0.4599999999999999 
0.4799999999999999 
0.4599999999999999 
0.4599999999999999 
0.4599999999999999 
0.4399999999999998 
0.4399999999999998 
0.4399999999999998 
0.4199999999999998 
0.4199999999999998 
0.3999999999999998 
0.3999999999999998 
0.3799999999999998 
0.3599999999999998 
0.3599999999999998 
0.3599999999999998 
0.3399999999999997 
0.3399999999999997 
0.3399999999999997 
0.3199999999999997 
0.2999999999999997 
0.2999999999999997 
0.3199999999999997 
0.3399999999999997 
0.3399999999999997 
0.3199999999999997 
0.3199999999999997 
0.3199999999999997 
0.3199999999999997 
0.3199999999999997 
0.3199999999999997 
0.2999999999999997 
0.2799999999999997 
0.2599999999999997 
0.2799999999999997 
0.2599999999999997 
0.2599999999999997 
0.2599999999999997 
0.2599999999999997 
0.2599999999999997 
0.2399999999999997 
0.2199999999999997 
0.2399999999999997 
0.2399999999999997 
0.2599999999999997 
0.2599999999999997 
0.2399999999999997 
0.2399999999999997 
0.2399999999999997 
0.2399999999999997 
0.2199999999999997 
0.1999999999999997 
0.1999999999999997 
0.1999999999999997 
0.1999999999999997 
0.1999999999999997 
0.1999999999999997 
0.1999999999999997 
0.1999999999999997 
0.2199999999999997 
0.2199999999999997 
0.2199999999999997 
0.1999999999999997 
0.1799999999999997 
0.1999999999999997 
0.1999999999999997 
0.1999999999999997 
0.1999999999999997 
0.1799999999999997 
0.1799999999999997 
0.1599999999999997 
0.1399999999999997 
0.1599999999999997 
0.1399999999999997 
0.1399999999999997 
0.1199999999999997 
0.1199999999999997 
0.0999999999999997 
0.1199999999999997 
0.1199999999999997 
0.1399999999999997 
0.1399999999999997 
0.1199999999999997 
0.0999999999999997 
0.0999999999999997 
0.1199999999999997 
0.1199999999999997 
0.0999999999999997 
0.0999999999999997 
0.0799999999999997 
0.0999999999999997 
0.1199999999999997 
0.1199999999999997 
0.1199999999999997 
0.1199999999999997 
0.1199999999999997 
0.1199999999999997 
0.1199999999999997 
0.0999999999999997 
0.1199999999999997 
0.1199999999999997 
0.1399999999999997 
0.1399999999999997 
0.1399999999999997 
0.1199999999999997 
0.0999999999999997 
0.0799999999999997 
0.0799999999999997 
0.0599999999999997 
0.0399999999999997 
0.0199999999999997 
-0.0000000000000003 
-0.0200000000000003 
-0.0200000000000003 
-0.0200000000000003 
-0.0200000000000003 
-0.0200000000000003 
-0.0200000000000003 
-0.0200000000000003 
-0.0400000000000003 
-0.0400000000000003 
-0.0400000000000003 
-0.0400000000000003 
-0.0400000000000003 
-0.0600000000000003 
-0.0800000000000003 
-0.0600000000000003 
-0.0600000000000003 
-0.0400000000000003 
-0.0400000000000003 
-0.0400000000000003 
-0.0600000000000003 
-0.0600000000000003 
-0.0800000000000003 
-0.0600000000000003 
-0.0400000000000003 
-0.0200000000000003 
-0.0200000000000003 
-0.0400000000000003 
-0.0400000000000003 
-0.0400000000000003 
-0.0600000000000003 
-0.0800000000000003 
-0.0800000000000003 
-0.0800000000000003 
-0.0600000000000003 
-0.0600000000000003 
-0.0800000000000003 
-0.0800000000000003 
-0.0800000000000003 
-0.0600000000000003 
-0.0800000000000003 
-0.1000000000000003 
-0.1000000000000003 
-0.1200000000000003 
-0.1200000000000003 
-0.1200000000000003 
-0.1200000000000003 
-0.1200000000000003 
-0.1200000000000003 
-0.1000000000000003 
-0.1000000000000003 
-0.1000000000000003 
-0.1000000000000003 
-0.0800000000000003 
-0.1000000000000003 
-0.1000000000000003 
-0.1000000000000003 
-0.1200000000000003 
-0.1000000000000003 
-0.1000000000000003 
-0.1200000000000003 
-0.1400000000000003 
-0.1200000000000003 
-0.1400000000000003 
-0.1600000000000003 
-0.1600000000000003 
-0.1800000000000003 
-0.1800000000000003 
-0.2000000000000003 
-0.2200000000000003 
-0.2200000000000003 
-0.2200000000000003 
-0.2200000000000003 
-0.2200000000000003 
-0.2400000000000002 
-0.2400000000000002 
-0.2200000000000003 
-0.2000000000000003 
-0.1800000000000003 
-0.1800000000000003 
-0.1800000000000003 
-0.1600000000000003 
-0.1600000000000003 
-0.1400000000000003 
-0.1200000000000003 
-0.1200000000000003 
-0.1000000000000003 
-0.0800000000000003 
-0.0800000000000003 
-0.0800000000000003 
-0.0800000000000003 
-0.0800000000000003 
-0.0800000000000003 
-0.0800000000000003 
-0.0600000000000003 
-0.0800000000000003 
-0.0800000000000003 
-0.0800000000000003 
-0.1000000000000003 
-0.1000000000000003 
-0.1200000000000003 
-0.1200000000000003 
-0.1200000000000003 
-0.1200000000000003 
-0.1000000000000003 
-0.1000000000000003 
-0.1000000000000003 
-0.1200000000000003 
-0.1000000000000003 
-0.0800000000000003 
-0.0600000000000003 
-0.0800000000000003 
-0.1000000000000003 
-0.1000000000000003 
-0.1000000000000003 
-0.1000000000000003 
-0.1200000000000003 
-0.1000000000000003 
-0.1000000000000003 
-0.0800000000000003 
-0.0800000000000003 
-0.0800000000000003 
-0.0800000000000003 
-0.0800000000000003 
-0.1000000000000003 
-0.1000000000000003 
-0.1000000000000003 
-0.1000000000000003 
-0.1200000000000003 
-0.1200000000000003 
-0.1000000000000003 
-0.0800000000000003 
-0.0800000000000003 
-0.0800000000000003 
-0.0800000000000003 
-0.1000000000000003 
-0.1200000000000003 
-0.1000000000000003 
-0.0800000000000003 
-0.1000000000000003 
-0.1000000000000003 
-0.1000000000000003 
-0.1000000000000003 
-0.1000000000000003 
-0.0800000000000003 
-0.1000000000000003 
-0.1000000000000003 
-0.1000000000000003 
-0.1000000000000003 
-0.1000000000000003 
-0.0800000000000003 
-0.1000000000000003 
-0.0800000000000003 
-0.1000000000000003 
-0.1000000000000003 
-0.1000000000000003 
-0.0800000000000003 
-0.0800000000000003 
-0.0600000000000003 
-0.0600000000000003 
-0.0600000000000003 
-0.0800000000000003 
-0.1000000000000003 
-0.1000000000000003 
-0.0800000000000003 
-0.0800000000000003 
-0.1000000000000003 
-0.0800000000000003 
-0.0800000000000003 
-0.0800000000000003 
-0.0800000000000003 
-0.0800000000000003 
-0.0600000000000003 
-0.0800000000000003 
-0.0800000000000003 
-0.0800000000000003 
-0.0600000000000003 
-0.0400000000000003 
-0.0200000000000003 
-0.0200000000000003 
-0.0000000000000003 
0.0199999999999997 
0.0399999999999997 
0.0399999999999997 
0.0399999999999997 
0.0399999999999997 
0.0399999999999997 
0.0399999999999997 
0.0199999999999997 
0.0199999999999997 
-0.0000000000000003 
-0.0000000000000003 
-0.0000000000000003 
-0.0000000000000003 
-0.0000000000000003 
-0.0000000000000003 
-0.0000000000000003 
-0.0000000000000003 
-0.0000000000000003 
0.0199999999999997 
-0.0000000000000003 
-0.0000000000000003 
-0.0000000000000003 
0.0199999999999997 
0.0199999999999997 
-0.0000000000000003 
0.0199999999999997 
0.0199999999999997 
0.0399999999999997 
0.0399999999999997 
0.0399999999999997 
0.0399999999999997 
0.0399999999999997 
0.0199999999999997 
0.0199999999999997 
-0.0000000000000003 
-0.0200000000000003 
-0.0000000000000003 
0.0199999999999997 
0.0199999999999997 
0.0199999999999997 
-0.0000000000000003 
-0.0200000000000003 
-0.0400000000000003 
-0.0200000000000003 
-0.0200000000000003 
-0.0000000000000003 
0.0199999999999997 
0.0399999999999997 
0.0399999999999997 
0.0399999999999997 
0.0399999999999997 
0.0399999999999997 
0.0399999999999997 
0.0399999999999997 
0.0599999999999997 
0.0599999999999997 
0.0599999999999997 
0.0599999999999997 
0.0799999999999997 
0.0599999999999997 
0.0599999999999997 
0.0599999999999997 
0.0599999999999997 
0.0799999999999997 
0.0599999999999997 
0.0599999999999997 
0.0399999999999997 
0.0399999999999997 
0.0399999999999997 
0.0199999999999997 
-0.0000000000000003 
-0.0200000000000003 
-0.0200000000000003 
-0.0200000000000003 
-0.0200000000000003 
-0.0000000000000003 
-0.0000000000000003 
-0.0200000000000003 
-0.0400000000000003 
-0.0600000000000003 
-0.0600000000000003 
-0.0600000000000003 
-0.0600000000000003 
-0.0800000000000003 
-0.1000000000000003 
-0.1000000000000003 
-0.1000000000000003 
-0.1200000000000003 
-0.1200000000000003 
-0.1200000000000003 
-0.1200000000000003 
-0.1200000000000003 
-0.1000000000000003 
-0.1200000000000003 
-0.1400000000000003 
-0.1400000000000003 
-0.1400000000000003 
-0.1600000000000003 
-0.1600000000000003 
-0.1600000000000003 
-0.1400000000000003 
-0.1400000000000003 
-0.1400000000000003 
-0.1400000000000003 
-0.1200000000000003 
-0.1000000000000003 
-0.1200000000000003 
-0.1400000000000003 
-0.1600000000000003 
-0.1600000000000003 
-0.1600000000000003 
-0.1600000000000003 
-0.1600000000000003 
-0.1800000000000003 
-0.1800000000000003 
-0.1800000000000003 
-0.1800000000000003 
-0.2000000000000003 
-0.2000000000000003 
-0.2000000000000003 
-0.2000000000000003 
-0.2200000000000003 
-0.2400000000000002 
-0.2400000000000002 
-0.2600000000000002 
-0.2400000000000002 
-0.2400000000000002 
-0.2400000000000002 
-0.2600000000000002 
-0.2800000000000002 
-0.2800000000000002 
-0.2800000000000002 
-0.3000000000000003 
-0.3000000000000003 
-0.3200000000000003 
-0.3400000000000003 
-0.3600000000000003 
-0.3600000000000003 
-0.3600000000000003 
-0.3400000000000003 
-0.3600000000000003 
-0.3600000000000003 
-0.3600000000000003 
-0.3600000000000003 
-0.3600000000000003 
-0.3400000000000003 
-0.3400000000000003 
-0.3400000000000003 
-0.3400000000000003 
-0.3400000000000003 
-0.3200000000000003 
-0.3200000000000003 
-0.3400000000000003 
-0.3400000000000003 
-0.3600000000000003 
-0.3800000000000003 
-0.3600000000000003 
-0.3800000000000003 
-0.3600000000000003 
-0.3600000000000003 
-0.3800000000000003 
-0.3800000000000003 
-0.3800000000000003 
-0.3600000000000003 
-0.3400000000000003 
-0.3400000000000003 
-0.3200000000000003 
-0.3400000000000003 
-0.3400000000000003 
-0.3200000000000003 
-0.3000000000000003 
-0.2800000000000002 
-0.2800000000000002 
-0.2600000000000002 
-0.2600000000000002 
-0.2600000000000002 
-0.2800000000000002 
-0.2800000000000002 
-0.3000000000000003 
-0.3000000000000003 
-0.2800000000000002 
-0.3000000000000003 
-0.3200000000000003 
-0.3400000000000003 
-0.3400000000000003 
-0.3400000000000003 
-0.3400000000000003 
-0.3400000000000003 
-0.3400000000000003 
-0.3200000000000003 
-0.3200000000000003 
-0.3000000000000003 
-0.2800000000000002 
-0.2600000000000002 
-0.2400000000000002 
-0.2200000000000003 
-0.2200000000000003 
-0.2200000000000003 
-0.2200000000000003 
-0.2200000000000003 
-0.2400000000000002 
-0.2400000000000002 
-0.2400000000000002 
-0.2400000000000002 
-0.2400000000000002 
-0.2400000000000002 
-0.2400000000000002 
-0.2200000000000003 
-0.2000000000000003 
-0.2000000000000003 
-0.1800000000000003 
-0.1800000000000003 
-0.1800000000000003 
-0.1800000000000003 
-0.1800000000000003 
-0.2000000000000003 
-0.1800000000000003 
-0.1800000000000003 
-0.1800000000000003 
-0.2000000000000003 
-0.1800000000000003 
-0.2000000000000003 
-0.2000000000000003 
-0.1800000000000003 
-0.1800000000000003 
-0.1800000000000003 
-0.1800000000000003 
-0.1800000000000003 
-0.1800000000000003 
