0.7600000000000001 
0.7600000000000001 
0.7600000000000001 
0.7600000000000001 
0.7600000000000001 
0.7600000000000001 
0.7600000000000001 
0.7600000000000001 
0.7600000000000001 
0.7600000000000001 
0.7600000000000001 
0.7600000000000001 
0.7600000000000001 
0.7600000000000001 
0.7600000000000001 
0.7800000000000001 
0.7800000000000001 
0.7800000000000001 
0.7800000000000001 
0.8000000000000002 
0.8000000000000002 
0.8000000000000002 
0.8000000000000002 
0.7800000000000001 
0.7800000000000001 
0.7800000000000001 
0.8000000000000002 
0.8000000000000002 
0.8000000000000002 
0.8000000000000002 
0.8000000000000002 
0.8000000000000002 
0.7800000000000001 
0.7800000000000001 
0.7800000000000001 
0.7600000000000001 
0.7600000000000001 
0.7800000000000001 
0.7800000000000001 
0.7800000000000001 
0.7800000000000001 
0.7600000000000001 
0.7600000000000001 
0.7800000000000001 
0.8000000000000002 
0.8000000000000002 
0.8000000000000002 
0.8000000000000002 
0.8000000000000002 
0.8000000000000002 
0.8000000000000002 
0.8200000000000002 
0.8200000000000002 
0.8200000000000002 
0.8000000000000002 
0.8000000000000002 
0.8000000000000002 
0.8000000000000002 
0.8000000000000002 
0.8000000000000002 
0.8000000000000002 
0.8000000000000002 
0.8000000000000002 
0.8200000000000002 
0.8200000000000002 
0.8200000000000002 
0.8000000000000002 
0.8000000000000002 
0.7800000000000001 
0.7800000000000001 
0.7800000000000001 
0.7800000000000001 
0.7600000000000001 
0.7800000000000001 
0.7800000000000001 
0.7800000000000001 
0.7800000000000001 
0.7800000000000001 
0.7800000000000001 
0.7800000000000001 
0.7800000000000001 
0.7800000000000001 
0.8000000000000002 
0.8200000000000002 
0.8200000000000002 
0.8200000000000002 
0.8200000000000002 
0.8200000000000002 
0.8200000000000002 
0.8200000000000002 
0.8200000000000002 
0.8200000000000002 
0.8200000000000002 
0.8000000000000002 
0.8000000000000002 
0.8000000000000002 
0.8000000000000002 
0.8000000000000002 
0.8000000000000002 
0.8000000000000002 
0.8200000000000002 
0.8200000000000002 
0.8200000000000002 
0.8200000000000002 
0.8200000000000002 
0.8200000000000002 
0.8000000000000002 
0.8000000000000002 
0.8000000000000002 
0.7800000000000001 
0.8000000000000002 
0.8200000000000002 
0.8400000000000002 
0.8400000000000002 
0.8400000000000002 
0.8400000000000002 
0.8400000000000002 
0.8400000000000002 
0.8400000000000002 
0.8200000000000002 
0.8200000000000002 
0.8200000000000002 
0.8200000000000002 
0.8200000000000002 
0.8200000000000002 
0.8400000000000002 
0.8400000000000002 
0.8200000000000002 
0.8200000000000002 
0.8200000000000002 
0.8000000000000002 
0.8000000000000002 
0.8000000000000002 
0.8000000000000002 
0.8000000000000002 
0.8200000000000002 
0.8200000000000002 
0.8000000000000002 
0.8000000000000002 
0.7800000000000001 
0.7800000000000001 
0.7800000000000001 
0.7800000000000001 
0.7800000000000001 
0.7800000000000001 
0.7800000000000001 
0.7800000000000001 
0.8000000000000002 
0.8200000000000002 
0.8200000000000002 
0.8200000000000002 
0.8400000000000002 
0.8600000000000002 
0.8600000000000002 
0.8600000000000002 
0.8600000000000002 
0.8400000000000002 
0.8400000000000002 
0.8400000000000002 
0.8200000000000002 
0.8200000000000002 
0.8000000000000002 
0.8000000000000002 
0.8000000000000002 
0.8000000000000002 
0.8000000000000002 
0.8000000000000002 
0.7800000000000001 
0.7800000000000001 
0.7800000000000001 
0.8000000000000002 
0.8000000000000002 
0.8000000000000002 
0.7800000000000001 
0.7800000000000001 
0.7800000000000001 
0.8000000000000002 
0.8000000000000002 
0.8000000000000002 
0.7800000000000001 
0.7800000000000001 
0.7800000000000001 
0.7800000000000001 
0.7800000000000001 
0.8000000000000002 
0.8000000000000002 
0.8200000000000002 
0.8200000000000002 
0.8200000000000002 
0.8200000000000002 
0.8200000000000002 
0.8200000000000002 
0.8200000000000002 
0.8200000000000002 
0.8000000000000002 
0.7800000000000001 
0.7800000000000001 
0.7800000000000001 
0.7600000000000001 
0.7800000000000001 
0.7800000000000001 
0.7800000000000001 
0.7800000000000001 
0.7800000000000001 
0.7800000000000001 
0.7800000000000001 
0.7800000000000001 
0.7600000000000001 
0.7600000000000001 
0.7600000000000001 
0.7600000000000001 
0.7600000000000001 
0.7600000000000001 
0.7800000000000001 
0.7800000000000001 
0.7800000000000001 
0.7800000000000001 
0.7800000000000001 
0.8000000000000002 
0.7800000000000001 
0.7800000000000001 
0.7800000000000001 
0.7800000000000001 
0.7800000000000001 
0.7800000000000001 
0.7800000000000001 
0.7800000000000001 
0.7800000000000001 
0.8000000000000002 
0.8200000000000002 
0.8200000000000002 
0.8200000000000002 
0.8200000000000002 
0.8200000000000002 
0.8200000000000002 
0.8200000000000002 
0.8200000000000002 
0.8200000000000002 
0.8200000000000002 
0.8200000000000002 
0.8200000000000002 
0.8200000000000002 
0.8200000000000002 
0.8200000000000002 
0.8200000000000002 
0.8200000000000002 
0.8200000000000002 
0.8200000000000002 
0.8200000000000002 
0.8200000000000002 
0.8200000000000002 
0.8200000000000002 
0.8200000000000002 
0.8200000000000002 
0.8200000000000002 
0.8200000000000002 
0.8200000000000002 
0.8200000000000002 
0.8400000000000002 
0.8400000000000002 
0.8400000000000002 
0.8600000000000002 
0.8600000000000002 
0.8600000000000002 
0.8600000000000002 
0.8800000000000002 
0.8800000000000002 
0.8800000000000002 
0.8800000000000002 
0.8600000000000002 
0.8600000000000002 
0.8400000000000002 
0.8400000000000002 
0.8600000000000002 
0.8600000000000002 
0.8600000000000002 
0.8600000000000002 
0.8600000000000002 
0.8600000000000002 
0.8600000000000002 
0.8600000000000002 
0.8600000000000002 
0.8600000000000002 
0.8600000000000002 
0.8600000000000002 
0.8600000000000002 
0.8600000000000002 
0.8600000000000002 
0.8600000000000002 
0.8600000000000002 
0.8800000000000002 
0.8800000000000002 
0.8800000000000002 
0.9000000000000002 
0.9000000000000002 
0.9000000000000002 
0.9000000000000002 
0.8800000000000002 
0.8800000000000002 
0.8800000000000002 
0.8800000000000002 
0.8800000000000002 
0.8600000000000002 
0.8600000000000002 
0.8600000000000002 
0.8600000000000002 
0.8400000000000002 
0.8400000000000002 
0.8400000000000002 
0.8400000000000002 
0.8400000000000002 
0.8400000000000002 
0.8400000000000002 
0.8400000000000002 
0.8400000000000002 
0.8400000000000002 
0.8400000000000002 
0.8400000000000002 
0.8400000000000002 
0.8400000000000002 
0.8400000000000002 
0.8400000000000002 
0.8400000000000002 
0.8400000000000002 
0.8400000000000002 
0.8400000000000002 
0.8400000000000002 
0.8600000000000002 
0.8600000000000002 
0.8600000000000002 
0.8600000000000002 
0.8600000000000002 
0.8600000000000002 
0.8800000000000002 
0.8800000000000002 
0.8800000000000002 
0.8800000000000002 
0.8600000000000002 
0.8600000000000002 
0.8400000000000002 
0.8400000000000002 
0.8400000000000002 
0.8400000000000002 
0.8400000000000002 
0.8400000000000002 
0.8400000000000002 
0.8400000000000002 
0.8400000000000002 
0.8400000000000002 
0.8400000000000002 
0.8400000000000002 
0.8600000000000002 
0.8600000000000002 
0.8800000000000002 
0.8600000000000002 
0.8600000000000002 
0.8600000000000002 
0.8600000000000002 
0.8400000000000002 
0.8400000000000002 
0.8600000000000002 
0.8600000000000002 
0.8600000000000002 
0.8600000000000002 
0.8600000000000002 
0.8600000000000002 
0.8600000000000002 
0.8600000000000002 
0.8600000000000002 
0.8600000000000002 
0.8600000000000002 
0.8400000000000002 
0.8200000000000002 
0.8200000000000002 
0.8200000000000002 
0.8200000000000002 
0.8000000000000002 
0.8000000000000002 
0.7800000000000001 
0.7800000000000001 
0.7800000000000001 
0.7800000000000001 
0.7800000000000001 
0.7800000000000001 
0.7800000000000001 
0.7800000000000001 
0.7800000000000001 
0.7800000000000001 
0.7800000000000001 
0.7600000000000001 
0.7600000000000001 
0.7600000000000001 
0.7600000000000001 
0.7800000000000001 
0.7800000000000001 
0.7800000000000001 
0.7800000000000001 
0.7800000000000001 
0.7800000000000001 
0.7800000000000001 
0.7800000000000001 
0.7800000000000001 
0.7800000000000001 
0.7800000000000001 
0.7800000000000001 
0.7800000000000001 
0.7800000000000001 
0.7800000000000001 
0.8000000000000002 
0.8000000000000002 
0.8000000000000002 
0.8000000000000002 
0.8000000000000002 
0.8200000000000002 
0.8200000000000002 
0.8200000000000002 
0.8000000000000002 
0.8000000000000002 
0.8000000000000002 
0.8000000000000002 
0.8000000000000002 
0.8000000000000002 
0.8000000000000002 
0.8000000000000002 
0.8000000000000002 
0.8000000000000002 
0.8000000000000002 
0.8000000000000002 
0.8000000000000002 
0.8000000000000002 
0.8000000000000002 
0.8000000000000002 
0.8000000000000002 
0.8200000000000002 
0.8400000000000002 
0.8400000000000002 
0.8400000000000002 
0.8600000000000002 
0.8600000000000002 
0.8600000000000002 
0.8600000000000002 
0.8600000000000002 
0.8600000000000002 
0.8600000000000002 
0.8600000000000002 
0.8600000000000002 
0.8600000000000002 
0.8600000000000002 
0.8800000000000002 
0.8800000000000002 
0.8800000000000002 
0.8800000000000002 
0.8800000000000002 
0.8800000000000002 
0.9000000000000002 
0.8800000000000002 
0.8800000000000002 
0.8800000000000002 
0.8800000000000002 
0.8800000000000002 
0.8800000000000002 
0.8800000000000002 
0.8800000000000002 
0.8800000000000002 
0.8800000000000002 
0.8800000000000002 
0.8800000000000002 
0.8800000000000002 
0.8800000000000002 
0.8800000000000002 
0.8800000000000002 
0.8800000000000002 
0.8800000000000002 
0.8800000000000002 
0.8800000000000002 
0.8800000000000002 
0.8800000000000002 
0.8800000000000002 
0.8800000000000002 
0.8800000000000002 
0.8800000000000002 
0.8800000000000002 
0.9000000000000002 
0.9000000000000002 
0.9000000000000002 
0.9000000000000002 
0.9000000000000002 
0.9000000000000002 
0.9000000000000002 
0.9000000000000002 
0.9000000000000002 
0.9000000000000002 
0.9000000000000002 
0.9200000000000003 
0.9200000000000003 
0.9200000000000003 
0.9200000000000003 
0.9400000000000003 
0.9400000000000003 
0.9400000000000003 
0.9400000000000003 
0.9400000000000003 
0.9400000000000003 
0.9400000000000003 
0.9400000000000003 
0.9400000000000003 
0.9400000000000003 
0.9400000000000003 
0.9400000000000003 
0.9400000000000003 
0.9400000000000003 
0.9400000000000003 
0.9400000000000003 
0.9400000000000003 
0.9400000000000003 
0.9600000000000003 
0.9600000000000003 
0.9600000000000003 
0.9600000000000003 
0.9600000000000003 
0.9800000000000003 
0.9800000000000003 
0.9800000000000003 
0.9800000000000003 
0.9800000000000003 
0.9800000000000003 
0.9800000000000003 
0.9800000000000003 
0.9800000000000003 
0.9800000000000003 
0.9800000000000003 
0.9800000000000003 
0.9800000000000003 
0.9800000000000003 
0.9800000000000003 
0.9800000000000003 
0.9800000000000003 
0.9800000000000003 
0.9800000000000003 
0.9800000000000003 
0.9800000000000003 
0.9800000000000003 
0.9800000000000003 
0.9800000000000003 
0.9800000000000003 
0.9800000000000003 
0.9800000000000003 
0.9800000000000003 
0.9800000000000003 
0.9800000000000003 
0.9800000000000003 
0.9800000000000003 
0.9600000000000003 
0.9800000000000003 
0.9800000000000003 
0.9800000000000003 
0.9800000000000003 
0.9800000000000003 
0.9800000000000003 
0.9800000000000003 
0.9600000000000003 
0.9600000000000003 
0.9600000000000003 
0.9600000000000003 
0.9600000000000003 
0.9600000000000003 
0.9600000000000003 
0.9600000000000003 
0.9600000000000003 
0.9600000000000003 
0.9600000000000003 
0.9600000000000003 
0.9600000000000003 
0.9600000000000003 
0.9600000000000003 
0.9600000000000003 
0.9600000000000003 
0.9600000000000003 
0.9600000000000003 
0.9400000000000003 
0.9400000000000003 
0.9400000000000003 
0.9400000000000003 
0.9400000000000003 
0.9400000000000003 
0.9400000000000003 
0.9200000000000003 
0.9200000000000003 
0.9200000000000003 
0.9200000000000003 
0.9200000000000003 
0.9200000000000003 
0.9200000000000003 
0.9200000000000003 
0.9200000000000003 
0.9200000000000003 
0.9200000000000003 
0.9400000000000003 
0.9400000000000003 
0.9400000000000003 
0.9400000000000003 
0.9400000000000003 
0.9400000000000003 
0.9400000000000003 
0.9400000000000003 
0.9400000000000003 
0.9400000000000003 
0.9400000000000003 
0.9200000000000003 
0.9200000000000003 
0.9200000000000003 
0.9200000000000003 
0.9200000000000003 
0.9200000000000003 
0.9200000000000003 
0.9000000000000002 
0.9000000000000002 
0.9000000000000002 
0.9000000000000002 
0.9000000000000002 
0.9000000000000002 
0.9000000000000002 
0.9000000000000002 
0.9000000000000002 
0.9000000000000002 
0.9000000000000002 
0.9000000000000002 
0.9000000000000002 
0.9000000000000002 
0.8800000000000002 
0.8800000000000002 
0.8800000000000002 
0.8800000000000002 
0.8800000000000002 
0.8800000000000002 
0.8800000000000002 
0.8800000000000002 
0.8800000000000002 
0.8800000000000002 
0.8800000000000002 
0.8800000000000002 
0.8800000000000002 
0.8800000000000002 
0.8800000000000002 
0.8800000000000002 
0.8800000000000002 
0.8600000000000002 
0.8600000000000002 
0.8600000000000002 
0.8600000000000002 
0.8600000000000002 
0.8600000000000002 
0.8600000000000002 
0.8600000000000002 
0.8600000000000002 
0.8600000000000002 
0.8400000000000002 
0.8400000000000002 
0.8400000000000002 
0.8400000000000002 
0.8400000000000002 
0.8600000000000002 
0.8600000000000002 
0.8600000000000002 
0.8400000000000002 
0.8400000000000002 
0.8400000000000002 
0.8400000000000002 
0.8400000000000002 
0.8400000000000002 
0.8600000000000002 
0.8400000000000002 
0.8400000000000002 
0.8400000000000002 
0.8400000000000002 
0.8400000000000002 
0.8400000000000002 
0.8400000000000002 
0.8400000000000002 
0.8400000000000002 
0.8400000000000002 
0.8200000000000002 
0.8400000000000002 
0.8400000000000002 
0.8400000000000002 
0.8400000000000002 
0.8400000000000002 
0.8400000000000002 
0.8400000000000002 
0.8400000000000002 
0.8200000000000002 
0.8200000000000002 
0.8000000000000002 
0.8000000000000002 
0.8000000000000002 
0.8000000000000002 
0.7800000000000001 
0.7800000000000001 
0.7800000000000001 
0.7800000000000001 
0.7600000000000001 
0.7600000000000001 
0.7400000000000001 
0.7400000000000001 
0.7400000000000001 
0.7400000000000001 
0.7400000000000001 
0.7400000000000001 
0.7400000000000001 
0.7400000000000001 
0.7400000000000001 
0.7400000000000001 
0.7400000000000001 
0.7400000000000001 
0.7200000000000001 
0.7200000000000001 
0.7200000000000001 
0.7200000000000001 
0.7000000000000001 
0.7000000000000001 
0.7000000000000001 
0.7000000000000001 
0.7000000000000001 
0.7000000000000001 
0.6800000000000000 
0.6600000000000000 
0.6600000000000000 
0.6600000000000000 
0.6600000000000000 
0.6600000000000000 
0.6600000000000000 
0.6600000000000000 
0.6600000000000000 
0.6600000000000000 
0.6600000000000000 
0.6600000000000000 
0.6600000000000000 
0.6600000000000000 
0.6600000000000000 
0.6400000000000000 
0.6400000000000000 
0.6600000000000000 
0.6600000000000000 
0.6600000000000000 
0.6600000000000000 
0.6800000000000000 
0.6800000000000000 
0.6800000000000000 
0.6800000000000000 
0.6800000000000000 
0.6600000000000000 
0.6800000000000000 
0.6800000000000000 
0.6600000000000000 
0.6600000000000000 
0.6800000000000000 
0.7000000000000001 
0.7000000000000001 
0.7000000000000001 
0.6800000000000000 
0.6600000000000000 
0.6600000000000000 
0.6600000000000000 
0.6400000000000000 
0.6400000000000000 
0.6400000000000000 
0.6400000000000000 
0.6400000000000000 
0.6400000000000000 
0.6400000000000000 
0.6600000000000000 
0.6400000000000000 
0.6600000000000000 
0.6800000000000000 
0.6600000000000000 
0.6600000000000000 
0.6600000000000000 
0.6800000000000000 
0.6600000000000000 
0.6600000000000000 
0.6600000000000000 
0.6600000000000000 
0.6600000000000000 
0.6600000000000000 
0.6600000000000000 
0.6800000000000000 
0.6800000000000000 
0.6800000000000000 
0.6800000000000000 
0.6600000000000000 
0.6600000000000000 
0.6600000000000000 
0.6600000000000000 
0.6600000000000000 
0.6600000000000000 
0.6600000000000000 
0.6800000000000000 
0.6800000000000000 
0.6800000000000000 
0.6800000000000000 
0.6800000000000000 
0.7000000000000001 
0.7000000000000001 
0.7000000000000001 
0.7000000000000001 
0.7000000000000001 
0.7000000000000001 
0.7200000000000001 
0.7000000000000001 
0.7000000000000001 
0.7000000000000001 
0.7000000000000001 
0.7000000000000001 
0.7000000000000001 
0.7000000000000001 
0.7000000000000001 
0.7200000000000001 
0.7200000000000001 
0.7200000000000001 
0.7000000000000001 
0.7000000000000001 
0.7000000000000001 
0.7000000000000001 
0.7000000000000001 
0.6800000000000000 
0.6800000000000000 
0.6800000000000000 
0.6800000000000000 
0.6600000000000000 
0.6400000000000000 
0.6200000000000000 
0.6200000000000000 
0.6200000000000000 
0.6200000000000000 
0.6200000000000000 
0.6200000000000000 
0.6000000000000000 
0.6000000000000000 
0.6000000000000000 
0.6200000000000000 
0.6200000000000000 
0.6000000000000000 
0.6200000000000000 
0.6000000000000000 
0.6000000000000000 
0.6200000000000000 
0.6200000000000000 
0.6200000000000000 
0.6200000000000000 
0.6200000000000000 
0.6200000000000000 
0.6200000000000000 
0.6200000000000000 
0.6400000000000000 
0.6600000000000000 
0.6600000000000000 
0.6400000000000000 
0.6600000000000000 
0.6600000000000000 
0.6800000000000000 
0.6800000000000000 
0.6800000000000000 
0.6600000000000000 
0.6600000000000000 
0.6600000000000000 
0.6400000000000000 
0.6200000000000000 
0.6200000000000000 
0.6200000000000000 
0.6200000000000000 
0.6200000000000000 
0.6200000000000000 
0.6200000000000000 
0.6200000000000000 
0.6200000000000000 
0.6000000000000000 
0.6000000000000000 
0.6200000000000000 
0.6200000000000000 
0.6200000000000000 
0.6200000000000000 
0.6200000000000000 
0.6200000000000000 
0.6400000000000000 
0.6400000000000000 
0.6400000000000000 
0.6400000000000000 
0.6200000000000000 
0.6200000000000000 
0.6000000000000000 
0.6000000000000000 
0.5800000000000000 
0.5800000000000000 
0.5599999999999999 
0.5800000000000000 
0.5800000000000000 
0.5800000000000000 
0.5800000000000000 
0.5800000000000000 
0.5800000000000000 
0.5800000000000000 
0.5800000000000000 
0.5800000000000000 
0.5800000000000000 
0.5800000000000000 
0.5800000000000000 
0.5800000000000000 
0.5800000000000000 
0.5800000000000000 
0.5800000000000000 
0.5800000000000000 
0.5800000000000000 
0.5800000000000000 
0.5599999999999999 
0.5599999999999999 
0.5599999999999999 
0.5599999999999999 
0.5599999999999999 
0.5599999999999999 
0.5599999999999999 
0.5599999999999999 
0.5800000000000000 
0.5800000000000000 
0.5800000000000000 
0.6000000000000000 
0.6000000000000000 
0.5800000000000000 
0.5800000000000000 
0.5800000000000000 
0.6000000000000000 
0.6000000000000000 
0.6200000000000000 
0.6200000000000000 
0.6200000000000000 
0.6200000000000000 
0.6200000000000000 
0.6200000000000000 
0.6200000000000000 
0.6200000000000000 
0.6200000000000000 
0.6200000000000000 
0.6000000000000000 
0.6200000000000000 
0.6200000000000000 
0.6200000000000000 
0.6200000000000000 
0.6200000000000000 
0.6200000000000000 
0.6200000000000000 
0.6400000000000000 
0.6400000000000000 
0.6400000000000000 
0.6400000000000000 
0.6600000000000000 
0.6600000000000000 
0.6600000000000000 
0.6600000000000000 
0.6600000000000000 
0.6600000000000000 
0.6600000000000000 
0.6600000000000000 
0.6600000000000000 
0.6600000000000000 
0.6600000000000000 
0.6800000000000000 
0.6800000000000000 
0.6800000000000000 
0.6800000000000000 
0.6800000000000000 
0.6800000000000000 
0.6800000000000000 
0.6800000000000000 
0.6800000000000000 
0.7000000000000001 
0.7000000000000001 
0.7000000000000001 
0.7000000000000001 
0.7000000000000001 
0.7200000000000001 
0.7400000000000001 
0.7400000000000001 
0.7400000000000001 
0.7400000000000001 
0.7600000000000001 
0.7600000000000001 
0.7800000000000001 
0.7800000000000001 
0.7600000000000001 
0.7400000000000001 
0.7400000000000001 
0.7400000000000001 
0.7600000000000001 
0.7400000000000001 
0.7400000000000001 
0.7400000000000001 
0.7400000000000001 
0.7400000000000001 
0.7400000000000001 
0.7400000000000001 
0.7600000000000001 
