0.4199999999999998 
0.4199999999999998 
0.4399999999999998 
0.4199999999999998 
0.3999999999999998 
0.4199999999999998 
0.4199999999999998 
0.3999999999999998 
0.3999999999999998 
0.3999999999999998 
0.3999999999999998 
0.3999999999999998 
0.3999999999999998 
0.3999999999999998 
0.3999999999999998 
0.3799999999999998 
0.3799999999999998 
0.3999999999999998 
0.4199999999999998 
0.4199999999999998 
0.3999999999999998 
0.3999999999999998 
0.3999999999999998 
0.3999999999999998 
0.3999999999999998 
0.3799999999999998 
0.3599999999999998 
0.3399999999999997 
0.3399999999999997 
0.3599999999999998 
0.3599999999999998 
0.3599999999999998 
0.3799999999999998 
0.3599999999999998 
0.3599999999999998 
0.3399999999999997 
0.3199999999999997 
0.2999999999999997 
0.2999999999999997 
0.2799999999999997 
0.2599999999999997 
0.2399999999999997 
0.2399999999999997 
0.2599999999999997 
0.2599999999999997 
0.2599999999999997 
0.2599999999999997 
0.2599999999999997 
0.2799999999999997 
0.2799999999999997 
0.2599999999999997 
0.2399999999999997 
0.2399999999999997 
0.2399999999999997 
0.2199999999999997 
0.2199999999999997 
0.2199999999999997 
0.2399999999999997 
0.2599999999999997 
0.2799999999999997 
0.2599999999999997 
0.2599999999999997 
0.2599999999999997 
0.2599999999999997 
0.2399999999999997 
0.2399999999999997 
0.2599999999999997 
0.2799999999999997 
0.2799999999999997 
0.2999999999999997 
0.3199999999999997 
0.3399999999999997 
0.3199999999999997 
0.2999999999999997 
0.2999999999999997 
0.2999999999999997 
0.2999999999999997 
0.3199999999999997 
0.3399999999999997 
0.3599999999999998 
0.3799999999999998 
0.3799999999999998 
0.3799999999999998 
0.3999999999999998 
0.3999999999999998 
0.3999999999999998 
0.3799999999999998 
0.3999999999999998 
0.3999999999999998 
0.3799999999999998 
0.3799999999999998 
0.3799999999999998 
0.3799999999999998 
0.3999999999999998 
0.3999999999999998 
0.3999999999999998 
0.3999999999999998 
0.4199999999999998 
0.3999999999999998 
0.4199999999999998 
0.3999999999999998 
0.4199999999999998 
0.4199999999999998 
0.4199999999999998 
0.3999999999999998 
0.3999999999999998 
0.3799999999999998 
0.3599999999999998 
0.3399999999999997 
0.3399999999999997 
0.3199999999999997 
0.3199999999999997 
0.3399999999999997 
0.3599999999999998 
0.3799999999999998 
0.3799999999999998 
0.3599999999999998 
0.3799999999999998 
0.3799999999999998 
0.3999999999999998 
0.3799999999999998 
0.3999999999999998 
0.3999999999999998 
0.4199999999999998 
0.4399999999999998 
0.4199999999999998 
0.4199999999999998 
0.4199999999999998 
0.3999999999999998 
0.3999999999999998 
0.3999999999999998 
0.3799999999999998 
0.3999999999999998 
0.3799999999999998 
0.3799999999999998 
0.3799999999999998 
0.3799999999999998 
0.3799999999999998 
0.3799999999999998 
0.3799999999999998 
0.3799999999999998 
0.3599999999999998 
0.3399999999999997 
0.3399999999999997 
0.3599999999999998 
0.3799999999999998 
0.3999999999999998 
0.3799999999999998 
0.3799999999999998 
0.3799999999999998 
0.3999999999999998 
0.3999999999999998 
0.3999999999999998 
0.3999999999999998 
0.3799999999999998 
0.3799999999999998 
0.3799999999999998 
0.3999999999999998 
0.3799999999999998 
0.3599999999999998 
0.3599999999999998 
0.3599999999999998 
0.3599999999999998 
0.3599999999999998 
0.3599999999999998 
0.3599999999999998 
0.3599999999999998 
0.3599999999999998 
0.3599999999999998 
0.3399999999999997 
0.3399999999999997 
0.3599999999999998 
0.3399999999999997 
0.3399999999999997 
0.3399999999999997 
0.3399999999999997 
0.3399999999999997 
0.3199999999999997 
0.3199999999999997 
0.2999999999999997 
0.2799999999999997 
0.2599999999999997 
0.2599999999999997 
0.2599999999999997 
0.2799999999999997 
0.2799999999999997 
0.2799999999999997 
0.2999999999999997 
0.2999999999999997 
0.2999999999999997 
0.2799999999999997 
0.2799999999999997 
0.2999999999999997 
0.2799999999999997 
0.2799999999999997 
0.2799999999999997 
0.2799999999999997 
0.2799999999999997 
0.2599999999999997 
0.2799999999999997 
0.2799999999999997 
0.2799999999999997 
0.2799999999999997 
0.2799999999999997 
0.2799999999999997 
0.2799999999999997 
0.2799999999999997 
0.2799999999999997 
0.2799999999999997 
0.2799999999999997 
0.2799999999999997 
0.2799999999999997 
0.2599999999999997 
0.2799999999999997 
0.2999999999999997 
0.2799999999999997 
0.2999999999999997 
0.2999999999999997 
0.3199999999999997 
0.3199999999999997 
0.3199999999999997 
0.3199999999999997 
0.3399999999999997 
0.3199999999999997 
0.3199999999999997 
0.3199999999999997 
0.3199999999999997 
0.2999999999999997 
0.2999999999999997 
0.2999999999999997 
0.2999999999999997 
0.2999999999999997 
0.3199999999999997 
0.3199999999999997 
0.3199999999999997 
0.2999999999999997 
0.2999999999999997 
0.2999999999999997 
0.2799999999999997 
0.2799999999999997 
0.2799999999999997 
0.2799999999999997 
0.2599999999999997 
0.2599999999999997 
0.2799999999999997 
0.2599999999999997 
0.2399999999999997 
0.2199999999999997 
0.2199999999999997 
0.2199999999999997 
0.1999999999999997 
0.1799999999999997 
0.1999999999999997 
0.1799999999999997 
0.1799999999999997 
0.1999999999999997 
0.2199999999999997 
0.1999999999999997 
0.1999999999999997 
0.1999999999999997 
0.1999999999999997 
0.1999999999999997 
0.2199999999999997 
0.2199999999999997 
0.2399999999999997 
0.2399999999999997 
0.2399999999999997 
0.2599999999999997 
0.2399999999999997 
0.2399999999999997 
0.2199999999999997 
0.2199999999999997 
0.1999999999999997 
0.1799999999999997 
0.1599999999999997 
0.1599999999999997 
0.1799999999999997 
0.1999999999999997 
0.1999999999999997 
0.1999999999999997 
0.1799999999999997 
0.1799999999999997 
0.1999999999999997 
0.1999999999999997 
0.2199999999999997 
0.1999999999999997 
0.1999999999999997 
0.1999999999999997 
0.1799999999999997 
0.1599999999999997 
0.1399999999999997 
0.1199999999999997 
0.1199999999999997 
0.1399999999999997 
0.1599999999999997 
0.1599999999999997 
0.1599999999999997 
0.1599999999999997 
0.1599999999999997 
0.1799999999999997 
0.1999999999999997 
0.1999999999999997 
0.2199999999999997 
0.1999999999999997 
0.1799999999999997 
0.1599999999999997 
0.1599999999999997 
0.1799999999999997 
0.1999999999999997 
0.1999999999999997 
0.1999999999999997 
0.1799999999999997 
0.1999999999999997 
0.1799999999999997 
0.1999999999999997 
0.1999999999999997 
0.1999999999999997 
0.2199999999999997 
0.2199999999999997 
0.1999999999999997 
0.1799999999999997 
0.1799999999999997 
0.1999999999999997 
0.1799999999999997 
0.1999999999999997 
0.1799999999999997 
0.1799999999999997 
0.1599999999999997 
0.1599999999999997 
0.1599999999999997 
0.1399999999999997 
0.1399999999999997 
0.1399999999999997 
0.1599999999999997 
0.1799999999999997 
0.1999999999999997 
0.1799999999999997 
0.1799999999999997 
0.1799999999999997 
0.1799999999999997 
0.1999999999999997 
0.1999999999999997 
0.1799999999999997 
0.1799999999999997 
0.1799999999999997 
0.1999999999999997 
0.1999999999999997 
0.2199999999999997 
0.2399999999999997 
0.2199999999999997 
0.2399999999999997 
0.2199999999999997 
0.2199999999999997 
0.2199999999999997 
0.2199999999999997 
0.2199999999999997 
0.2399999999999997 
0.2199999999999997 
0.1999999999999997 
0.1799999999999997 
0.1799999999999997 
0.1799999999999997 
0.1799999999999997 
0.1999999999999997 
0.1799999999999997 
0.1999999999999997 
0.1999999999999997 
0.1799999999999997 
0.1799999999999997 
0.1599999999999997 
0.1799999999999997 
0.1799999999999997 
0.1999999999999997 
0.1999999999999997 
0.1999999999999997 
0.1999999999999997 
0.1999999999999997 
0.2199999999999997 
0.2199999999999997 
0.2399999999999997 
0.2199999999999997 
0.2199999999999997 
0.1999999999999997 
0.2199999999999997 
0.2199999999999997 
0.2199999999999997 
0.1999999999999997 
0.1999999999999997 
0.1799999999999997 
0.1599999999999997 
0.1599999999999997 
0.1799999999999997 
0.1599999999999997 
0.1599999999999997 
0.1599999999999997 
0.1399999999999997 
0.1399999999999997 
0.1199999999999997 
0.1399999999999997 
0.1599999999999997 
0.1599999999999997 
0.1399999999999997 
0.1399999999999997 
0.1199999999999997 
0.1199999999999997 
0.1399999999999997 
0.1599999999999997 
0.1399999999999997 
0.1599999999999997 
0.1599999999999997 
0.1599999999999997 
0.1599999999999997 
0.1399999999999997 
0.1199999999999997 
0.1399999999999997 
0.1599999999999997 
0.1399999999999997 
0.1199999999999997 
0.1199999999999997 
0.0999999999999997 
0.1199999999999997 
0.0999999999999997 
0.0999999999999997 
0.1199999999999997 
0.1199999999999997 
0.1199999999999997 
0.1399999999999997 
0.1199999999999997 
0.1399999999999997 
0.1599999999999997 
0.1599999999999997 
0.1599999999999997 
0.1599999999999997 
0.1799999999999997 
0.1799999999999997 
0.1799999999999997 
0.1599999999999997 
0.1599999999999997 
0.1399999999999997 
0.1199999999999997 
0.1399999999999997 
0.1599999999999997 
0.1599999999999997 
0.1799999999999997 
0.1799999999999997 
0.1999999999999997 
0.1999999999999997 
0.1799999999999997 
0.1599999999999997 
0.1599999999999997 
0.1799999999999997 
0.1799999999999997 
0.1999999999999997 
0.2199999999999997 
0.2199999999999997 
0.2199999999999997 
0.2199999999999997 
0.1999999999999997 
0.1799999999999997 
0.1799999999999997 
0.1799999999999997 
0.1999999999999997 
0.1999999999999997 
0.2199999999999997 
0.2199999999999997 
0.2199999999999997 
0.2399999999999997 
0.2399999999999997 
0.2399999999999997 
0.2399999999999997 
0.2199999999999997 
0.2199999999999997 
0.2399999999999997 
0.2599999999999997 
0.2399999999999997 
0.2199999999999997 
0.2199999999999997 
0.2199999999999997 
0.2399999999999997 
0.2399999999999997 
0.2399999999999997 
0.2399999999999997 
0.2399999999999997 
0.2599999999999997 
0.2599999999999997 
0.2399999999999997 
0.2599999999999997 
0.2599999999999997 
0.2599999999999997 
0.2599999999999997 
0.2399999999999997 
0.2399999999999997 
0.2199999999999997 
0.2199999999999997 
0.2399999999999997 
0.2399999999999997 
0.2399999999999997 
0.2399999999999997 
0.2399999999999997 
0.2199999999999997 
0.2399999999999997 
0.2399999999999997 
0.2399999999999997 
0.2399999999999997 
0.2399999999999997 
0.2399999999999997 
0.2599999999999997 
0.2599999999999997 
0.2599999999999997 
0.2399999999999997 
0.2399999999999997 
0.2399999999999997 
0.2399999999999997 
0.2399999999999997 
0.2199999999999997 
0.2399999999999997 
0.2599999999999997 
0.2599999999999997 
0.2599999999999997 
0.2599999999999997 
0.2599999999999997 
0.2599999999999997 
0.2599999999999997 
0.2599999999999997 
0.2599999999999997 
0.2599999999999997 
0.2799999999999997 
0.2799999999999997 
0.2799999999999997 
0.2799999999999997 
0.2999999999999997 
0.2999999999999997 
0.3199999999999997 
0.3199999999999997 
0.2999999999999997 
0.3199999999999997 
0.3199999999999997 
0.2999999999999997 
0.2799999999999997 
0.2799999999999997 
0.2799999999999997 
0.2599999999999997 
0.2599999999999997 
0.2799999999999997 
0.2799999999999997 
0.2799999999999997 
0.2799999999999997 
0.2799999999999997 
0.2999999999999997 
0.2999999999999997 
0.2999999999999997 
0.2799999999999997 
0.2799999999999997 
0.2799999999999997 
0.2799999999999997 
0.2799999999999997 
0.2799999999999997 
0.2999999999999997 
0.2999999999999997 
0.2799999999999997 
0.2799999999999997 
0.2799999999999997 
0.2999999999999997 
0.2999999999999997 
0.2999999999999997 
0.2999999999999997 
0.2999999999999997 
0.3199999999999997 
0.3399999999999997 
0.3399999999999997 
0.3399999999999997 
0.3199999999999997 
0.3399999999999997 
0.3399999999999997 
0.3199999999999997 
0.3199999999999997 
0.2999999999999997 
0.3199999999999997 
0.3199999999999997 
0.2999999999999997 
0.2999999999999997 
0.2799999999999997 
0.2599999999999997 
0.2599999999999997 
0.2599999999999997 
0.2599999999999997 
0.2599999999999997 
0.2599999999999997 
0.2399999999999997 
0.2599999999999997 
0.2599999999999997 
0.2799999999999997 
0.2799999999999997 
0.2799999999999997 
0.2599999999999997 
0.2399999999999997 
0.2399999999999997 
0.2599999999999997 
0.2399999999999997 
0.2399999999999997 
0.2399999999999997 
0.2199999999999997 
0.2199999999999997 
0.2199999999999997 
0.1999999999999997 
0.1999999999999997 
0.2199999999999997 
0.2199999999999997 
0.2199999999999997 
0.2399999999999997 
0.2599999999999997 
0.2599999999999997 
0.2599999999999997 
0.2599999999999997 
0.2599999999999997 
0.2599999999999997 
0.2399999999999997 
0.2199999999999997 
0.2199999999999997 
0.1999999999999997 
0.1799999999999997 
0.1799999999999997 
0.1799999999999997 
0.1799999999999997 
0.1799999999999997 
0.1599999999999997 
0.1799999999999997 
0.1599999999999997 
0.1799999999999997 
0.1799999999999997 
0.1799999999999997 
0.1799999999999997 
0.1999999999999997 
0.2199999999999997 
0.2199999999999997 
0.2199999999999997 
0.2199999999999997 
0.2199999999999997 
0.2199999999999997 
0.2199999999999997 
0.2199999999999997 
0.2199999999999997 
0.2399999999999997 
0.2399999999999997 
0.2599999999999997 
0.2399999999999997 
0.2399999999999997 
0.2599999999999997 
0.2599999999999997 
0.2399999999999997 
0.2199999999999997 
0.2199999999999997 
0.1999999999999997 
0.2199999999999997 
0.2199999999999997 
0.2199999999999997 
0.1999999999999997 
0.2199999999999997 
0.1999999999999997 
0.1799999999999997 
0.1999999999999997 
0.1999999999999997 
0.1799999999999997 
0.1599999999999997 
0.1399999999999997 
0.1399999999999997 
0.1199999999999997 
0.1199999999999997 
0.1199999999999997 
0.1199999999999997 
0.1199999999999997 
0.1399999999999997 
0.1399999999999997 
0.1399999999999997 
0.1199999999999997 
0.1399999999999997 
0.1599999999999997 
0.1399999999999997 
0.1399999999999997 
0.1599999999999997 
0.1399999999999997 
0.1599999999999997 
0.1799999999999997 
0.1599999999999997 
0.1599999999999997 
0.1599999999999997 
0.1599999999999997 
0.1399999999999997 
0.1399999999999997 
0.1199999999999997 
0.1199999999999997 
0.1399999999999997 
0.1399999999999997 
0.1199999999999997 
0.1399999999999997 
0.1199999999999997 
0.1399999999999997 
0.1599999999999997 
0.1599999999999997 
0.1399999999999997 
0.1399999999999997 
0.1199999999999997 
0.0999999999999997 
0.0999999999999997 
0.0999999999999997 
0.0999999999999997 
0.0799999999999997 
0.0799999999999997 
0.0999999999999997 
0.0799999999999997 
0.0799999999999997 
0.0599999999999997 
0.0399999999999997 
0.0399999999999997 
0.0199999999999997 
0.0399999999999997 
0.0599999999999997 
0.0399999999999997 
0.0199999999999997 
0.0399999999999997 
0.0199999999999997 
0.0199999999999997 
0.0199999999999997 
0.0399999999999997 
0.0399999999999997 
0.0399999999999997 
0.0399999999999997 
0.0199999999999997 
0.0199999999999997 
0.0399999999999997 
0.0399999999999997 
0.0399999999999997 
0.0399999999999997 
0.0399999999999997 
0.0399999999999997 
0.0599999999999997 
0.0799999999999997 
0.0999999999999997 
0.0999999999999997 
0.0799999999999997 
0.0799999999999997 
0.0999999999999997 
0.0999999999999997 
0.0999999999999997 
0.0999999999999997 
0.0999999999999997 
0.0799999999999997 
0.0999999999999997 
0.0799999999999997 
0.0799999999999997 
0.0799999999999997 
0.0999999999999997 
0.0799999999999997 
0.0599999999999997 
0.0599999999999997 
0.0599999999999997 
0.0399999999999997 
0.0199999999999997 
0.0399999999999997 
0.0399999999999997 
0.0599999999999997 
0.0599999999999997 
0.0799999999999997 
0.0999999999999997 
0.0999999999999997 
0.0999999999999997 
0.0999999999999997 
0.0999999999999997 
0.0799999999999997 
0.0999999999999997 
0.0999999999999997 
0.1199999999999997 
0.1199999999999997 
0.1199999999999997 
0.1399999999999997 
0.1199999999999997 
0.0999999999999997 
0.0999999999999997 
0.0999999999999997 
0.1199999999999997 
0.1199999999999997 
0.1199999999999997 
0.1199999999999997 
0.1199999999999997 
0.1199999999999997 
0.1399999999999997 
0.1399999999999997 
0.1399999999999997 
0.1399999999999997 
0.1399999999999997 
0.1399999999999997 
0.1399999999999997 
0.1199999999999997 
0.0999999999999997 
0.0799999999999997 
0.0599999999999997 
0.0599999999999997 
0.0599999999999997 
0.0799999999999997 
0.0999999999999997 
0.1199999999999997 
0.1199999999999997 
0.1199999999999997 
0.0999999999999997 
0.0999999999999997 
0.1199999999999997 
0.1199999999999997 
0.1199999999999997 
0.0999999999999997 
0.0999999999999997 
0.1199999999999997 
0.1399999999999997 
0.1399999999999997 
0.1399999999999997 
0.1199999999999997 
0.1199999999999997 
0.1399999999999997 
0.1199999999999997 
0.1399999999999997 
0.1399999999999997 
0.1399999999999997 
0.1199999999999997 
0.0999999999999997 
0.1199999999999997 
0.1199999999999997 
0.0999999999999997 
0.0999999999999997 
0.0999999999999997 
0.0799999999999997 
0.0599999999999997 
0.0799999999999997 
0.0999999999999997 
0.0999999999999997 
0.0999999999999997 
0.0999999999999997 
0.0999999999999997 
0.1199999999999997 
0.1199999999999997 
0.1199999999999997 
0.1199999999999997 
0.1199999999999997 
0.1199999999999997 
0.0999999999999997 
0.0799999999999997 
0.0599999999999997 
0.0599999999999997 
0.0599999999999997 
0.0399999999999997 
0.0399999999999997 
0.0399999999999997 
0.0399999999999997 
0.0199999999999997 
-0.0000000000000003 
-0.0000000000000003 
-0.0200000000000003 
-0.0200000000000003 
-0.0200000000000003 
-0.0200000000000003 
-0.0200000000000003 
-0.0200000000000003 
-0.0200000000000003 
-0.0200000000000003 
-0.0400000000000003 
-0.0400000000000003 
-0.0200000000000003 
-0.0200000000000003 
-0.0400000000000003 
-0.0400000000000003 
-0.0600000000000003 
-0.0800000000000003 
-0.0600000000000003 
-0.0600000000000003 
-0.0600000000000003 
-0.0400000000000003 
-0.0400000000000003 
-0.0200000000000003 
-0.0000000000000003 
-0.0000000000000003 
-0.0000000000000003 
-0.0000000000000003 
-0.0000000000000003 
-0.0200000000000003 
-0.0200000000000003 
-0.0400000000000003 
-0.0600000000000003 
-0.0400000000000003 
-0.0600000000000003 
-0.0600000000000003 
-0.0400000000000003 
-0.0200000000000003 
-0.0200000000000003 
-0.0400000000000003 
-0.0200000000000003 
-0.0200000000000003 
-0.0200000000000003 
-0.0000000000000003 
-0.0000000000000003 
-0.0200000000000003 
-0.0000000000000003 
-0.0000000000000003 
-0.0000000000000003 
0.0199999999999997 
0.0199999999999997 
0.0199999999999997 
0.0399999999999997 
0.0199999999999997 
0.0399999999999997 
0.0399999999999997 
0.0399999999999997 
0.0399999999999997 
0.0599999999999997 
0.0799999999999997 
0.0999999999999997 
0.0999999999999997 
0.1199999999999997 
0.0999999999999997 
0.0799999999999997 
0.0999999999999997 
0.0999999999999997 
0.0999999999999997 
0.0999999999999997 
0.0999999999999997 
0.1199999999999997 
0.1199999999999997 
0.1199999999999997 
0.1399999999999997 
0.1199999999999997 
0.1199999999999997 
0.1199999999999997 
0.1399999999999997 
0.1599999999999997 
0.1599999999999997 
0.1399999999999997 
0.1599999999999997 
0.1599999999999997 
0.1399999999999997 
0.1599999999999997 
0.1599999999999997 
0.1399999999999997 
0.1599999999999997 
0.1599999999999997 
0.1799999999999997 
0.1799999999999997 
0.1799999999999997 
0.1599999999999997 
0.1599999999999997 
0.1799999999999997 
0.1599999999999997 
0.1399999999999997 
0.1199999999999997 
0.1199999999999997 
0.1199999999999997 
0.0999999999999997 
0.1199999999999997 
0.1199999999999997 
0.1199999999999997 
0.0999999999999997 
0.1199999999999997 
0.0999999999999997 
0.1199999999999997 
0.1199999999999997 
0.0999999999999997 
0.1199999999999997 
0.1399999999999997 
0.1599999999999997 
0.1599999999999997 
0.1599999999999997 
0.1399999999999997 
0.1599999999999997 
0.1799999999999997 
0.1599999999999997 
0.1599999999999997 
0.1599999999999997 
0.1399999999999997 
0.1399999999999997 
0.1399999999999997 
0.1399999999999997 
0.1399999999999997 
0.1399999999999997 
0.1599999999999997 
0.1799999999999997 
0.1999999999999997 
0.2199999999999997 
0.1999999999999997 
0.1799999999999997 
0.1799999999999997 
0.1999999999999997 
0.1999999999999997 
0.1999999999999997 
0.1999999999999997 
0.1999999999999997 
0.1799999999999997 
0.1799999999999997 
0.1599999999999997 
0.1599999999999997 
0.1599999999999997 
0.1599999999999997 
0.1599999999999997 
0.1599999999999997 
0.1599999999999997 
