-0.4200000000000004 
-0.4000000000000004 
-0.4200000000000004 
-0.4200000000000004 
-0.4200000000000004 
-0.4200000000000004 
-0.4200000000000004 
-0.4200000000000004 
-0.4000000000000004 
-0.3800000000000003 
-0.3600000000000003 
-0.3600000000000003 
-0.3800000000000003 
-0.3600000000000003 
-0.3600000000000003 
-0.3800000000000003 
-0.3800000000000003 
-0.3800000000000003 
-0.3800000000000003 
-0.4000000000000004 
-0.4200000000000004 
-0.4000000000000004 
-0.4000000000000004 
-0.4000000000000004 
-0.4000000000000004 
-0.4200000000000004 
-0.4200000000000004 
-0.4200000000000004 
-0.4200000000000004 
-0.4200000000000004 
-0.4400000000000004 
-0.4600000000000004 
-0.4400000000000004 
-0.4200000000000004 
-0.4200000000000004 
-0.4000000000000004 
-0.3800000000000003 
-0.3600000000000003 
-0.3600000000000003 
-0.3400000000000003 
-0.3600000000000003 
-0.3600000000000003 
-0.3600000000000003 
-0.3800000000000003 
-0.4000000000000004 
-0.4000000000000004 
-0.4000000000000004 
-0.4000000000000004 
-0.4200000000000004 
-0.4400000000000004 
-0.4400000000000004 
-0.4400000000000004 
-0.4400000000000004 
-0.4400000000000004 
-0.4200000000000004 
-0.4000000000000004 
-0.4000000000000004 
-0.4000000000000004 
-0.3800000000000003 
-0.3800000000000003 
-0.3600000000000003 
-0.3800000000000003 
-0.3800000000000003 
-0.4000000000000004 
-0.3800000000000003 
-0.3600000000000003 
-0.3600000000000003 
-0.3800000000000003 
-0.3800000000000003 
-0.3800000000000003 
-0.3800000000000003 
-0.4000000000000004 
-0.4000000000000004 
-0.3800000000000003 
-0.3800000000000003 
-0.3600000000000003 
-0.3800000000000003 
-0.3600000000000003 
-0.3800000000000003 
-0.3800000000000003 
-0.3800000000000003 
-0.3800000000000003 
-0.3800000000000003 
-0.3800000000000003 
-0.3800000000000003 
-0.3800000000000003 
-0.3800000000000003 
-0.3800000000000003 
-0.3600000000000003 
-0.3600000000000003 
-0.3800000000000003 
-0.4000000000000004 
-0.4000000000000004 
-0.4000000000000004 
-0.4000000000000004 
-0.4200000000000004 
-0.4000000000000004 
-0.4200000000000004 
-0.4200000000000004 
-0.4200000000000004 
-0.4400000000000004 
-0.4600000000000004 
-0.4800000000000004 
-0.4800000000000004 
-0.4600000000000004 
-0.4800000000000004 
-0.4800000000000004 
-0.4600000000000004 
-0.4600000000000004 
-0.4400000000000004 
-0.4600000000000004 
-0.4400000000000004 
-0.4600000000000004 
-0.4600000000000004 
-0.4800000000000004 
-0.4600000000000004 
-0.4600000000000004 
-0.4400000000000004 
-0.4600000000000004 
-0.4400000000000004 
-0.4200000000000004 
-0.4200000000000004 
-0.4000000000000004 
-0.4200000000000004 
-0.4400000000000004 
-0.4600000000000004 
-0.4600000000000004 
-0.4600000000000004 
-0.4600000000000004 
-0.4600000000000004 
-0.4600000000000004 
-0.4800000000000004 
-0.4800000000000004 
-0.5000000000000004 
-0.5000000000000004 
-0.4800000000000004 
-0.4600000000000004 
-0.4600000000000004 
-0.4800000000000004 
-0.4800000000000004 
-0.4800000000000004 
-0.5000000000000004 
-0.4800000000000004 
-0.4800000000000004 
-0.4600000000000004 
-0.4400000000000004 
-0.4600000000000004 
-0.4600000000000004 
-0.4800000000000004 
-0.4800000000000004 
-0.4800000000000004 
-0.5000000000000004 
-0.5000000000000004 
-0.5000000000000004 
-0.4800000000000004 
-0.4800000000000004 
-0.5000000000000004 
-0.5200000000000005 
-0.5400000000000005 
-0.5400000000000005 
-0.5200000000000005 
-0.5000000000000004 
-0.5000000000000004 
-0.5000000000000004 
-0.5200000000000005 
-0.5200000000000005 
-0.5000000000000004 
-0.4800000000000004 
-0.4600000000000004 
-0.4600000000000004 
-0.4600000000000004 
-0.4800000000000004 
-0.4800000000000004 
-0.4800000000000004 
-0.4800000000000004 
-0.5000000000000004 
-0.5200000000000005 
-0.5400000000000005 
-0.5200000000000005 
-0.5000000000000004 
-0.5200000000000005 
-0.5200000000000005 
-0.5400000000000005 
-0.5600000000000005 
-0.5600000000000005 
-0.5600000000000005 
-0.5600000000000005 
-0.5600000000000005 
-0.5600000000000005 
-0.5800000000000005 
-0.5800000000000005 
-0.5800000000000005 
-0.5800000000000005 
-0.5800000000000005 
-0.5800000000000005 
-0.5800000000000005 
-0.5800000000000005 
-0.5800000000000005 
-0.5800000000000005 
-0.5600000000000005 
-0.5600000000000005 
-0.5600000000000005 
-0.5600000000000005 
-0.5400000000000005 
-0.5600000000000005 
-0.5600000000000005 
-0.5600000000000005 
-0.5400000000000005 
-0.5400000000000005 
-0.5400000000000005 
-0.5400000000000005 
-0.5200000000000005 
-0.5200000000000005 
-0.5200000000000005 
-0.5200000000000005 
-0.5200000000000005 
-0.5200000000000005 
-0.5200000000000005 
-0.5400000000000005 
-0.5400000000000005 
-0.5400000000000005 
-0.5400000000000005 
-0.5400000000000005 
-0.5200000000000005 
-0.5200000000000005 
-0.5200000000000005 
-0.5200000000000005 
-0.5000000000000004 
-0.5000000000000004 
-0.5000000000000004 
-0.5000000000000004 
-0.4800000000000004 
-0.4800000000000004 
-0.4600000000000004 
-0.4600000000000004 
-0.4400000000000004 
-0.4400000000000004 
-0.4400000000000004 
-0.4400000000000004 
-0.4400000000000004 
-0.4200000000000004 
-0.4000000000000004 
-0.3800000000000003 
-0.3800000000000003 
-0.3600000000000003 
-0.3400000000000003 
-0.3600000000000003 
-0.3800000000000003 
-0.4000000000000004 
-0.4000000000000004 
-0.3800000000000003 
-0.4000000000000004 
-0.4000000000000004 
-0.3800000000000003 
-0.4000000000000004 
-0.4000000000000004 
-0.3800000000000003 
-0.4000000000000004 
-0.3800000000000003 
-0.4000000000000004 
-0.3800000000000003 
-0.4000000000000004 
-0.4000000000000004 
-0.4000000000000004 
-0.4000000000000004 
-0.4000000000000004 
-0.3800000000000003 
-0.3800000000000003 
-0.3600000000000003 
-0.3800000000000003 
-0.3600000000000003 
-0.3800000000000003 
-0.3600000000000003 
-0.3800000000000003 
-0.3800000000000003 
-0.3800000000000003 
-0.3600000000000003 
-0.3400000000000003 
-0.3400000000000003 
-0.3400000000000003 
-0.3400000000000003 
-0.3600000000000003 
-0.3800000000000003 
-0.4000000000000004 
-0.4000000000000004 
-0.4200000000000004 
-0.4200000000000004 
-0.4000000000000004 
-0.4200000000000004 
-0.4200000000000004 
-0.4000000000000004 
-0.3800000000000003 
-0.3800000000000003 
-0.3800000000000003 
-0.3800000000000003 
-0.3800000000000003 
-0.4000000000000004 
-0.3800000000000003 
-0.3600000000000003 
-0.3600000000000003 
-0.3800000000000003 
-0.3800000000000003 
-0.4000000000000004 
-0.4000000000000004 
-0.4000000000000004 
-0.3800000000000003 
-0.4000000000000004 
-0.4000000000000004 
-0.4000000000000004 
-0.4000000000000004 
-0.3800000000000003 
-0.3800000000000003 
-0.4000000000000004 
-0.4000000000000004 
-0.3800000000000003 
-0.3800000000000003 
-0.4000000000000004 
-0.4000000000000004 
-0.4000000000000004 
-0.4200000000000004 
-0.4000000000000004 
-0.4200000000000004 
-0.4200000000000004 
-0.4200000000000004 
-0.4200000000000004 
-0.4000000000000004 
-0.4200000000000004 
-0.4200000000000004 
-0.4200000000000004 
-0.4400000000000004 
-0.4400000000000004 
-0.4200000000000004 
-0.4200000000000004 
-0.4400000000000004 
-0.4200000000000004 
-0.4400000000000004 
-0.4400000000000004 
-0.4400000000000004 
-0.4400000000000004 
-0.4200000000000004 
-0.4400000000000004 
-0.4400000000000004 
-0.4400000000000004 
-0.4400000000000004 
-0.4600000000000004 
-0.4400000000000004 
-0.4400000000000004 
-0.4600000000000004 
-0.4800000000000004 
-0.4800000000000004 
-0.4600000000000004 
-0.4600000000000004 
-0.4800000000000004 
-0.4800000000000004 
-0.4800000000000004 
-0.4800000000000004 
-0.5000000000000004 
-0.5000000000000004 
-0.5000000000000004 
-0.4800000000000004 
-0.4600000000000004 
-0.4600000000000004 
-0.4600000000000004 
-0.4600000000000004 
-0.4400000000000004 
-0.4400000000000004 
-0.4400000000000004 
-0.4200000000000004 
-0.4000000000000004 
-0.4000000000000004 
-0.4200000000000004 
-0.4000000000000004 
-0.4200000000000004 
-0.4200000000000004 
-0.4000000000000004 
-0.3800000000000003 
-0.3800000000000003 
-0.3600000000000003 
-0.3800000000000003 
-0.3800000000000003 
-0.3600000000000003 
-0.3600000000000003 
-0.3600000000000003 
-0.3800000000000003 
-0.3800000000000003 
-0.3800000000000003 
-0.3800000000000003 
-0.3800000000000003 
-0.3600000000000003 
-0.3800000000000003 
-0.3800000000000003 
-0.4000000000000004 
-0.3800000000000003 
-0.3800000000000003 
-0.3600000000000003 
-0.3600000000000003 
-0.3600000000000003 
-0.3600000000000003 
-0.3600000000000003 
-0.3600000000000003 
-0.3800000000000003 
-0.3800000000000003 
-0.3600000000000003 
-0.3800000000000003 
-0.3800000000000003 
-0.3800000000000003 
-0.3800000000000003 
-0.3800000000000003 
-0.3800000000000003 
-0.3800000000000003 
-0.3600000000000003 
-0.3600000000000003 
-0.3600000000000003 
-0.3400000000000003 
-0.3400000000000003 
-0.3600000000000003 
-0.3800000000000003 
-0.4000000000000004 
-0.4200000000000004 
-0.4000000000000004 
-0.4000000000000004 
-0.4000000000000004 
-0.4000000000000004 
-0.4000000000000004 
-0.4000000000000004 
-0.4000000000000004 
-0.4000000000000004 
-0.4000000000000004 
-0.4000000000000004 
-0.4000000000000004 
-0.4000000000000004 
-0.3800000000000003 
-0.3800000000000003 
-0.3600000000000003 
-0.3600000000000003 
-0.3800000000000003 
-0.3600000000000003 
-0.3600000000000003 
-0.3600000000000003 
-0.3600000000000003 
-0.3800000000000003 
-0.3800000000000003 
-0.3600000000000003 
-0.3800000000000003 
-0.3600000000000003 
-0.3600000000000003 
-0.3600000000000003 
-0.3400000000000003 
-0.3600000000000003 
-0.3800000000000003 
-0.3800000000000003 
-0.3800000000000003 
-0.4000000000000004 
-0.4000000000000004 
-0.4200000000000004 
-0.4200000000000004 
-0.4200000000000004 
-0.4400000000000004 
-0.4400000000000004 
-0.4400000000000004 
-0.4200000000000004 
-0.4000000000000004 
-0.4000000000000004 
-0.4000000000000004 
-0.3800000000000003 
-0.3800000000000003 
-0.3600000000000003 
-0.3400000000000003 
-0.3400000000000003 
-0.3400000000000003 
-0.3400000000000003 
-0.3600000000000003 
-0.3600000000000003 
-0.3800000000000003 
-0.3800000000000003 
-0.3800000000000003 
-0.3800000000000003 
-0.3600000000000003 
-0.3600000000000003 
-0.3600000000000003 
-0.3800000000000003 
-0.4000000000000004 
-0.3800000000000003 
-0.3800000000000003 
-0.3800000000000003 
-0.3800000000000003 
-0.3800000000000003 
-0.4000000000000004 
-0.4000000000000004 
-0.4200000000000004 
-0.4200000000000004 
-0.4000000000000004 
-0.4000000000000004 
-0.4200000000000004 
-0.4200000000000004 
-0.4200000000000004 
-0.4000000000000004 
-0.4000000000000004 
-0.4000000000000004 
-0.4000000000000004 
-0.4000000000000004 
-0.4200000000000004 
-0.4400000000000004 
-0.4400000000000004 
-0.4200000000000004 
-0.4200000000000004 
-0.4200000000000004 
-0.4200000000000004 
-0.4200000000000004 
-0.4200000000000004 
-0.4200000000000004 
-0.4200000000000004 
-0.4200000000000004 
-0.4000000000000004 
-0.4000000000000004 
-0.4000000000000004 
-0.3800000000000003 
-0.4000000000000004 
-0.4200000000000004 
-0.4400000000000004 
-0.4600000000000004 
-0.4800000000000004 
-0.5000000000000004 
-0.5000000000000004 
-0.4800000000000004 
-0.5000000000000004 
-0.5000000000000004 
-0.5200000000000005 
-0.5200000000000005 
-0.5000000000000004 
-0.5000000000000004 
-0.4800000000000004 
-0.4800000000000004 
-0.4800000000000004 
-0.5000000000000004 
-0.5200000000000005 
-0.5000000000000004 
-0.4800000000000004 
-0.4600000000000004 
-0.4800000000000004 
-0.4800000000000004 
-0.4800000000000004 
-0.4600000000000004 
-0.4600000000000004 
-0.4600000000000004 
-0.4400000000000004 
-0.4400000000000004 
-0.4200000000000004 
-0.4200000000000004 
-0.4400000000000004 
-0.4600000000000004 
-0.4600000000000004 
-0.4600000000000004 
-0.4600000000000004 
-0.4800000000000004 
-0.4600000000000004 
-0.4400000000000004 
-0.4400000000000004 
-0.4400000000000004 
-0.4200000000000004 
-0.4400000000000004 
-0.4400000000000004 
-0.4600000000000004 
-0.4800000000000004 
-0.4600000000000004 
-0.4600000000000004 
-0.4600000000000004 
-0.4600000000000004 
-0.4600000000000004 
-0.4400000000000004 
-0.4400000000000004 
-0.4400000000000004 
-0.4400000000000004 
-0.4200000000000004 
-0.4400000000000004 
-0.4600000000000004 
-0.4800000000000004 
-0.4600000000000004 
-0.4600000000000004 
-0.4600000000000004 
-0.4800000000000004 
-0.4600000000000004 
-0.4600000000000004 
-0.4600000000000004 
-0.4600000000000004 
-0.4600000000000004 
-0.4600000000000004 
-0.4800000000000004 
-0.4800000000000004 
-0.4600000000000004 
-0.4600000000000004 
-0.4800000000000004 
-0.5000000000000004 
-0.4800000000000004 
-0.4800000000000004 
-0.4800000000000004 
-0.4800000000000004 
-0.4800000000000004 
-0.4600000000000004 
-0.4400000000000004 
-0.4600000000000004 
-0.4600000000000004 
-0.4600000000000004 
-0.4600000000000004 
-0.4400000000000004 
-0.4400000000000004 
-0.4200000000000004 
-0.4200000000000004 
-0.4200000000000004 
-0.4200000000000004 
-0.4400000000000004 
-0.4400000000000004 
-0.4400000000000004 
-0.4400000000000004 
-0.4200000000000004 
-0.4400000000000004 
-0.4600000000000004 
-0.4800000000000004 
-0.4800000000000004 
-0.4800000000000004 
-0.4600000000000004 
-0.4600000000000004 
-0.4600000000000004 
-0.4600000000000004 
-0.4600000000000004 
-0.4600000000000004 
-0.4800000000000004 
-0.4600000000000004 
-0.4600000000000004 
-0.4400000000000004 
-0.4400000000000004 
-0.4400000000000004 
-0.4400000000000004 
-0.4200000000000004 
-0.4200000000000004 
-0.4200000000000004 
-0.4400000000000004 
-0.4200000000000004 
-0.4400000000000004 
-0.4600000000000004 
-0.4600000000000004 
-0.4600000000000004 
-0.4600000000000004 
-0.4600000000000004 
-0.4400000000000004 
-0.4600000000000004 
-0.4600000000000004 
-0.4600000000000004 
-0.4600000000000004 
-0.4600000000000004 
-0.4600000000000004 
-0.4800000000000004 
-0.4800000000000004 
-0.4800000000000004 
-0.4600000000000004 
-0.4800000000000004 
-0.4600000000000004 
-0.4400000000000004 
-0.4200000000000004 
-0.4200000000000004 
-0.4000000000000004 
-0.4000000000000004 
-0.4000000000000004 
-0.4000000000000004 
-0.3800000000000003 
-0.3800000000000003 
-0.3600000000000003 
-0.3400000000000003 
-0.3200000000000003 
-0.3200000000000003 
-0.3000000000000003 
-0.3200000000000003 
-0.3000000000000003 
-0.3000000000000003 
-0.2800000000000002 
-0.2600000000000002 
-0.2600000000000002 
-0.2600000000000002 
-0.2600000000000002 
-0.2400000000000002 
-0.2600000000000002 
-0.2800000000000002 
-0.2600000000000002 
-0.2600000000000002 
-0.2600000000000002 
-0.2800000000000002 
-0.3000000000000003 
-0.3200000000000003 
-0.3200000000000003 
-0.3200000000000003 
-0.3200000000000003 
-0.3200000000000003 
-0.3400000000000003 
-0.3400000000000003 
-0.3600000000000003 
-0.3800000000000003 
-0.3600000000000003 
-0.3400000000000003 
-0.3600000000000003 
-0.3600000000000003 
-0.3800000000000003 
-0.3800000000000003 
-0.3800000000000003 
-0.4000000000000004 
-0.4000000000000004 
-0.4000000000000004 
-0.4200000000000004 
-0.4200000000000004 
-0.4200000000000004 
-0.4200000000000004 
-0.4200000000000004 
-0.4400000000000004 
-0.4400000000000004 
-0.4600000000000004 
-0.4600000000000004 
-0.4800000000000004 
-0.4600000000000004 
-0.4600000000000004 
-0.4600000000000004 
-0.4600000000000004 
-0.4400000000000004 
-0.4600000000000004 
-0.4400000000000004 
-0.4400000000000004 
-0.4400000000000004 
-0.4400000000000004 
-0.4600000000000004 
-0.4600000000000004 
-0.4400000000000004 
-0.4400000000000004 
-0.4400000000000004 
-0.4400000000000004 
-0.4400000000000004 
-0.4400000000000004 
-0.4200000000000004 
-0.4000000000000004 
-0.4000000000000004 
-0.3800000000000003 
-0.3800000000000003 
-0.3600000000000003 
-0.3400000000000003 
-0.3600000000000003 
-0.3800000000000003 
-0.3800000000000003 
-0.4000000000000004 
-0.4000000000000004 
-0.4000000000000004 
-0.4000000000000004 
-0.4000000000000004 
-0.3800000000000003 
-0.4000000000000004 
-0.4000000000000004 
-0.4000000000000004 
-0.4000000000000004 
-0.4000000000000004 
-0.3800000000000003 
-0.3600000000000003 
-0.3600000000000003 
-0.3600000000000003 
-0.3800000000000003 
-0.3800000000000003 
-0.3800000000000003 
-0.4000000000000004 
-0.3800000000000003 
-0.3800000000000003 
-0.3800000000000003 
-0.3800000000000003 
-0.4000000000000004 
-0.4200000000000004 
-0.4200000000000004 
-0.4200000000000004 
-0.4000000000000004 
-0.3800000000000003 
-0.3800000000000003 
-0.3600000000000003 
-0.3600000000000003 
-0.3600000000000003 
-0.3400000000000003 
-0.3400000000000003 
-0.3400000000000003 
-0.3400000000000003 
-0.3600000000000003 
-0.3600000000000003 
-0.3600000000000003 
-0.3400000000000003 
-0.3600000000000003 
-0.3600000000000003 
-0.3600000000000003 
-0.3800000000000003 
-0.3800000000000003 
-0.3800000000000003 
-0.3800000000000003 
-0.3800000000000003 
-0.3800000000000003 
-0.3600000000000003 
-0.3400000000000003 
-0.3400000000000003 
-0.3400000000000003 
-0.3200000000000003 
-0.3200000000000003 
-0.3200000000000003 
-0.3000000000000003 
-0.2800000000000002 
-0.2800000000000002 
-0.2600000000000002 
-0.2400000000000002 
-0.2400000000000002 
-0.2400000000000002 
-0.2600000000000002 
-0.2800000000000002 
-0.3000000000000003 
-0.3000000000000003 
-0.3000000000000003 
-0.3200000000000003 
-0.3000000000000003 
-0.3000000000000003 
-0.3200000000000003 
-0.3000000000000003 
-0.3000000000000003 
-0.3200000000000003 
-0.3200000000000003 
-0.3200000000000003 
-0.3200000000000003 
-0.3200000000000003 
-0.3200000000000003 
-0.3400000000000003 
-0.3600000000000003 
-0.3600000000000003 
-0.3400000000000003 
-0.3400000000000003 
-0.3600000000000003 
-0.3600000000000003 
-0.3600000000000003 
-0.3600000000000003 
-0.3600000000000003 
-0.3600000000000003 
-0.3600000000000003 
-0.3600000000000003 
-0.3600000000000003 
-0.3600000000000003 
-0.3600000000000003 
-0.3800000000000003 
-0.3800000000000003 
-0.3800000000000003 
-0.3600000000000003 
-0.3400000000000003 
-0.3400000000000003 
-0.3600000000000003 
-0.3600000000000003 
-0.3600000000000003 
-0.3600000000000003 
-0.3400000000000003 
-0.3200000000000003 
-0.3000000000000003 
-0.2800000000000002 
-0.2800000000000002 
-0.2800000000000002 
-0.2800000000000002 
-0.3000000000000003 
-0.3200000000000003 
-0.3000000000000003 
-0.3000000000000003 
-0.3000000000000003 
-0.3000000000000003 
-0.3000000000000003 
-0.3000000000000003 
-0.3200000000000003 
-0.3000000000000003 
-0.2800000000000002 
-0.2600000000000002 
-0.2400000000000002 
-0.2400000000000002 
-0.2600000000000002 
-0.2400000000000002 
-0.2400000000000002 
-0.2400000000000002 
-0.2400000000000002 
-0.2400000000000002 
-0.2400000000000002 
-0.2400000000000002 
-0.2200000000000003 
-0.2200000000000003 
-0.2200000000000003 
-0.2000000000000003 
-0.2200000000000003 
-0.2400000000000002 
-0.2400000000000002 
-0.2400000000000002 
-0.2600000000000002 
-0.2400000000000002 
-0.2400000000000002 
-0.2400000000000002 
-0.2600000000000002 
-0.2600000000000002 
-0.2600000000000002 
-0.2400000000000002 
-0.2600000000000002 
-0.2600000000000002 
-0.2600000000000002 
-0.2400000000000002 
-0.2400000000000002 
-0.2400000000000002 
-0.2400000000000002 
-0.2400000000000002 
-0.2400000000000002 
-0.2200000000000003 
-0.2000000000000003 
-0.2000000000000003 
-0.2000000000000003 
-0.2000000000000003 
-0.2000000000000003 
-0.2200000000000003 
-0.2200000000000003 
-0.2400000000000002 
-0.2400000000000002 
-0.2400000000000002 
-0.2200000000000003 
-0.2000000000000003 
-0.1800000000000003 
-0.2000000000000003 
-0.2000000000000003 
-0.1800000000000003 
-0.1800000000000003 
-0.1800000000000003 
-0.1800000000000003 
-0.1800000000000003 
-0.2000000000000003 
-0.1800000000000003 
-0.1600000000000003 
-0.1600000000000003 
-0.1800000000000003 
-0.2000000000000003 
-0.2000000000000003 
-0.2000000000000003 
-0.2000000000000003 
-0.2200000000000003 
-0.2400000000000002 
-0.2400000000000002 
-0.2400000000000002 
-0.2200000000000003 
-0.2400000000000002 
-0.2200000000000003 
-0.2200000000000003 
-0.2000000000000003 
-0.2000000000000003 
-0.2000000000000003 
-0.2200000000000003 
-0.2400000000000002 
-0.2400000000000002 
-0.2400000000000002 
-0.2400000000000002 
-0.2600000000000002 
-0.2400000000000002 
-0.2400000000000002 
-0.2600000000000002 
-0.2600000000000002 
-0.2800000000000002 
-0.2600000000000002 
-0.2600000000000002 
-0.2400000000000002 
-0.2400000000000002 
-0.2400000000000002 
-0.2200000000000003 
-0.2400000000000002 
-0.2400000000000002 
-0.2400000000000002 
-0.2400000000000002 
-0.2400000000000002 
-0.2400000000000002 
-0.2200000000000003 
-0.2400000000000002 
-0.2200000000000003 
-0.2200000000000003 
-0.2000000000000003 
-0.2000000000000003 
-0.2200000000000003 
-0.2200000000000003 
-0.2200000000000003 
-0.2000000000000003 
-0.2000000000000003 
-0.2000000000000003 
-0.2000000000000003 
-0.1800000000000003 
-0.1600000000000003 
-0.1800000000000003 
-0.1600000000000003 
-0.1600000000000003 
-0.1400000000000003 
-0.1400000000000003 
-0.1400000000000003 
-0.1400000000000003 
-0.1600000000000003 
-0.1600000000000003 
-0.1800000000000003 
-0.1800000000000003 
-0.2000000000000003 
-0.1800000000000003 
-0.1600000000000003 
-0.1400000000000003 
-0.1200000000000003 
