-0.8200000000000007 
-0.8200000000000007 
-0.8200000000000007 
-0.8200000000000007 
-0.8200000000000007 
-0.8200000000000007 
-0.8000000000000007 
-0.8000000000000007 
-0.8000000000000007 
-0.8000000000000007 
-0.8000000000000007 
-0.8000000000000007 
-0.8000000000000007 
-0.8000000000000007 
-0.8000000000000007 
-0.8000000000000007 
-0.8000000000000007 
-0.7800000000000007 
-0.7800000000000007 
-0.7800000000000007 
-0.7800000000000007 
-0.8000000000000007 
-0.8000000000000007 
-0.8000000000000007 
-0.8000000000000007 
-0.8000000000000007 
-0.8000000000000007 
-0.8000000000000007 
-0.8000000000000007 
-0.8000000000000007 
-0.8000000000000007 
-0.7800000000000007 
-0.7800000000000007 
-0.7800000000000007 
-0.7800000000000007 
-0.7800000000000007 
-0.7800000000000007 
-0.7600000000000007 
-0.7600000000000007 
-0.7600000000000007 
-0.7600000000000007 
-0.7600000000000007 
-0.7600000000000007 
-0.7600000000000007 
-0.7600000000000007 
-0.7400000000000007 
-0.7400000000000007 
-0.7400000000000007 
-0.7400000000000007 
-0.7400000000000007 
-0.7400000000000007 
-0.7600000000000007 
-0.7600000000000007 
-0.7600000000000007 
-0.7600000000000007 
-0.7600000000000007 
-0.7600000000000007 
-0.7600000000000007 
-0.7600000000000007 
-0.7600000000000007 
-0.7600000000000007 
-0.7600000000000007 
-0.7400000000000007 
-0.7400000000000007 
-0.7200000000000006 
-0.7200000000000006 
-0.7200000000000006 
-0.7200000000000006 
-0.7200000000000006 
-0.7200000000000006 
-0.7000000000000006 
-0.6800000000000006 
-0.6800000000000006 
-0.6600000000000006 
-0.6600000000000006 
-0.6600000000000006 
-0.6600000000000006 
-0.6400000000000006 
-0.6200000000000006 
-0.6000000000000005 
-0.6200000000000006 
-0.6200000000000006 
-0.6000000000000005 
-0.5800000000000005 
-0.5800000000000005 
-0.6000000000000005 
-0.6000000000000005 
-0.6000000000000005 
-0.6000000000000005 
-0.6000000000000005 
-0.6200000000000006 
-0.6200000000000006 
-0.6000000000000005 
-0.6000000000000005 
-0.6000000000000005 
-0.6000000000000005 
-0.6000000000000005 
-0.6200000000000006 
-0.6400000000000006 
-0.6400000000000006 
-0.6400000000000006 
-0.6400000000000006 
-0.6400000000000006 
-0.6400000000000006 
-0.6400000000000006 
-0.6400000000000006 
-0.6400000000000006 
-0.6400000000000006 
-0.6400000000000006 
-0.6200000000000006 
-0.6200000000000006 
-0.6000000000000005 
-0.5800000000000005 
-0.5800000000000005 
-0.6000000000000005 
-0.6000000000000005 
-0.6000000000000005 
-0.6000000000000005 
-0.6000000000000005 
-0.6000000000000005 
-0.6200000000000006 
-0.6400000000000006 
-0.6400000000000006 
-0.6400000000000006 
-0.6400000000000006 
-0.6400000000000006 
-0.6400000000000006 
-0.6200000000000006 
-0.6200000000000006 
-0.6200000000000006 
-0.6200000000000006 
-0.6400000000000006 
-0.6600000000000006 
-0.6600000000000006 
-0.6600000000000006 
-0.6400000000000006 
-0.6200000000000006 
-0.6200000000000006 
-0.6200000000000006 
-0.6200000000000006 
-0.6200000000000006 
-0.6000000000000005 
-0.6000000000000005 
-0.6000000000000005 
-0.6000000000000005 
-0.6000000000000005 
-0.6000000000000005 
-0.5800000000000005 
-0.5800000000000005 
-0.5800000000000005 
-0.5800000000000005 
-0.5800000000000005 
-0.5600000000000005 
-0.5600000000000005 
-0.5600000000000005 
-0.5600000000000005 
-0.5600000000000005 
-0.5600000000000005 
-0.5600000000000005 
-0.5600000000000005 
-0.5800000000000005 
-0.6000000000000005 
-0.6200000000000006 
-0.6000000000000005 
-0.6200000000000006 
-0.6400000000000006 
-0.6600000000000006 
-0.6800000000000006 
-0.6600000000000006 
-0.6600000000000006 
-0.6600000000000006 
-0.6600000000000006 
-0.6800000000000006 
-0.7000000000000006 
-0.7000000000000006 
-0.7000000000000006 
-0.7000000000000006 
-0.7000000000000006 
-0.7000000000000006 
-0.7000000000000006 
-0.6800000000000006 
-0.6800000000000006 
-0.6600000000000006 
-0.6400000000000006 
-0.6400000000000006 
-0.6400000000000006 
-0.6400000000000006 
-0.6400000000000006 
-0.6600000000000006 
-0.6800000000000006 
-0.6800000000000006 
-0.6800000000000006 
-0.6800000000000006 
-0.6800000000000006 
-0.6800000000000006 
-0.6600000000000006 
-0.6600000000000006 
-0.6600000000000006 
-0.6800000000000006 
-0.6800000000000006 
-0.6800000000000006 
-0.6800000000000006 
-0.6800000000000006 
-0.6800000000000006 
-0.6800000000000006 
-0.6800000000000006 
-0.7000000000000006 
-0.7000000000000006 
-0.7000000000000006 
-0.7000000000000006 
-0.7000000000000006 
-0.7000000000000006 
-0.7000000000000006 
-0.7000000000000006 
-0.7000000000000006 
-0.6800000000000006 
-0.6600000000000006 
-0.6600000000000006 
-0.6800000000000006 
-0.6800000000000006 
-0.6600000000000006 
-0.6800000000000006 
-0.7000000000000006 
-0.7200000000000006 
-0.7200000000000006 
-0.7000000000000006 
-0.7000000000000006 
-0.7000000000000006 
-0.7200000000000006 
-0.7200000000000006 
-0.7200000000000006 
-0.7200000000000006 
-0.7200000000000006 
-0.7200000000000006 
-0.7200000000000006 
-0.7200000000000006 
-0.7200000000000006 
-0.7200000000000006 
-0.7200000000000006 
-0.7200000000000006 
-0.7200000000000006 
-0.7200000000000006 
-0.7200000000000006 
-0.7400000000000007 
-0.7400000000000007 
-0.7400000000000007 
-0.7200000000000006 
-0.7400000000000007 
-0.7400000000000007 
-0.7600000000000007 
-0.7800000000000007 
-0.7600000000000007 
-0.7600000000000007 
-0.7400000000000007 
-0.7600000000000007 
-0.7600000000000007 
-0.7400000000000007 
-0.7600000000000007 
-0.7600000000000007 
-0.7600000000000007 
-0.7800000000000007 
-0.7800000000000007 
-0.7800000000000007 
-0.7800000000000007 
-0.7800000000000007 
-0.7800000000000007 
-0.7800000000000007 
-0.7800000000000007 
-0.7800000000000007 
-0.7800000000000007 
-0.7800000000000007 
-0.7800000000000007 
-0.7800000000000007 
-0.7800000000000007 
-0.7800000000000007 
-0.7800000000000007 
-0.7800000000000007 
-0.7800000000000007 
-0.7600000000000007 
-0.7600000000000007 
-0.7600000000000007 
-0.7600000000000007 
-0.7600000000000007 
-0.7600000000000007 
-0.7600000000000007 
-0.7600000000000007 
-0.7600000000000007 
-0.7400000000000007 
-0.7400000000000007 
-0.7400000000000007 
-0.7200000000000006 
-0.7200000000000006 
-0.7200000000000006 
-0.7200000000000006 
-0.7200000000000006 
-0.7200000000000006 
-0.7200000000000006 
-0.7200000000000006 
-0.7200000000000006 
-0.7200000000000006 
-0.7200000000000006 
-0.7400000000000007 
-0.7400000000000007 
-0.7400000000000007 
-0.7400000000000007 
-0.7400000000000007 
-0.7600000000000007 
-0.7600000000000007 
-0.7600000000000007 
-0.7600000000000007 
-0.7600000000000007 
-0.7600000000000007 
-0.7600000000000007 
-0.7600000000000007 
-0.7600000000000007 
-0.7600000000000007 
-0.7600000000000007 
-0.7600000000000007 
-0.7600000000000007 
-0.7600000000000007 
-0.7600000000000007 
-0.7600000000000007 
-0.7600000000000007 
-0.7600000000000007 
-0.7400000000000007 
-0.7400000000000007 
-0.7400000000000007 
-0.7400000000000007 
-0.7600000000000007 
-0.7600000000000007 
-0.7600000000000007 
-0.7600000000000007 
-0.7800000000000007 
-0.7800000000000007 
-0.7800000000000007 
-0.8000000000000007 
-0.8000000000000007 
-0.8000000000000007 
-0.8000000000000007 
-0.8000000000000007 
-0.8000000000000007 
-0.8000000000000007 
-0.8000000000000007 
-0.7800000000000007 
-0.7800000000000007 
-0.8000000000000007 
-0.7800000000000007 
-0.7800000000000007 
-0.7800000000000007 
-0.7800000000000007 
-0.7600000000000007 
-0.7600000000000007 
-0.7600000000000007 
-0.7800000000000007 
-0.7800000000000007 
-0.7800000000000007 
-0.8000000000000007 
-0.8000000000000007 
-0.8000000000000007 
-0.8000000000000007 
-0.8000000000000007 
-0.8000000000000007 
-0.8000000000000007 
-0.8000000000000007 
-0.8000000000000007 
-0.8000000000000007 
-0.8000000000000007 
-0.8000000000000007 
-0.8000000000000007 
-0.8000000000000007 
-0.8000000000000007 
-0.8000000000000007 
-0.8000000000000007 
-0.8200000000000007 
-0.8200000000000007 
-0.8200000000000007 
-0.8200000000000007 
-0.8200000000000007 
-0.8200000000000007 
-0.8200000000000007 
-0.8200000000000007 
-0.8200000000000007 
-0.8400000000000007 
-0.8400000000000007 
-0.8400000000000007 
-0.8400000000000007 
-0.8400000000000007 
-0.8400000000000007 
-0.8200000000000007 
-0.8400000000000007 
-0.8400000000000007 
-0.8400000000000007 
-0.8400000000000007 
-0.8200000000000007 
-0.8200000000000007 
-0.8200000000000007 
-0.8200000000000007 
-0.8400000000000007 
-0.8200000000000007 
-0.8200000000000007 
-0.8200000000000007 
-0.8200000000000007 
-0.8200000000000007 
-0.8200000000000007 
-0.8000000000000007 
-0.8000000000000007 
-0.8000000000000007 
-0.8000000000000007 
-0.8000000000000007 
-0.8000000000000007 
-0.8000000000000007 
-0.8000000000000007 
-0.8200000000000007 
-0.8200000000000007 
-0.8200000000000007 
-0.8200000000000007 
-0.8200000000000007 
-0.8200000000000007 
-0.8200000000000007 
-0.8000000000000007 
-0.8000000000000007 
-0.8000000000000007 
-0.8000000000000007 
-0.8000000000000007 
-0.8000000000000007 
-0.8000000000000007 
-0.8000000000000007 
-0.7800000000000007 
-0.7800000000000007 
-0.7600000000000007 
-0.7600000000000007 
-0.7600000000000007 
-0.7600000000000007 
-0.7600000000000007 
-0.7800000000000007 
-0.7800000000000007 
-0.7800000000000007 
-0.8000000000000007 
-0.7800000000000007 
-0.7600000000000007 
-0.7400000000000007 
-0.7600000000000007 
-0.7400000000000007 
-0.7400000000000007 
-0.7400000000000007 
-0.7400000000000007 
-0.7200000000000006 
-0.7200000000000006 
-0.7200000000000006 
-0.7200000000000006 
-0.7200000000000006 
-0.7200000000000006 
-0.7200000000000006 
-0.7400000000000007 
-0.7400000000000007 
-0.7600000000000007 
-0.7600000000000007 
-0.7600000000000007 
-0.7600000000000007 
-0.7600000000000007 
-0.7600000000000007 
-0.7600000000000007 
-0.7600000000000007 
-0.7600000000000007 
-0.7400000000000007 
-0.7400000000000007 
-0.7400000000000007 
-0.7400000000000007 
-0.7600000000000007 
-0.7800000000000007 
-0.7600000000000007 
-0.7600000000000007 
-0.7600000000000007 
-0.7600000000000007 
-0.7600000000000007 
-0.7600000000000007 
-0.7600000000000007 
-0.7600000000000007 
-0.7600000000000007 
-0.7400000000000007 
-0.7400000000000007 
-0.7400000000000007 
-0.7400000000000007 
-0.7400000000000007 
-0.7400000000000007 
-0.7400000000000007 
-0.7600000000000007 
-0.7800000000000007 
-0.7800000000000007 
-0.7800000000000007 
-0.7800000000000007 
-0.8000000000000007 
-0.8000000000000007 
-0.8000000000000007 
-0.8000000000000007 
-0.8000000000000007 
-0.8000000000000007 
-0.8000000000000007 
-0.8000000000000007 
-0.8000000000000007 
-0.8000000000000007 
-0.7800000000000007 
-0.7800000000000007 
-0.7800000000000007 
-0.7800000000000007 
-0.7800000000000007 
-0.7800000000000007 
-0.7800000000000007 
-0.7800000000000007 
-0.7800000000000007 
-0.7800000000000007 
-0.7800000000000007 
-0.7800000000000007 
-0.7800000000000007 
-0.7600000000000007 
-0.7600000000000007 
-0.7600000000000007 
-0.7600000000000007 
-0.7800000000000007 
-0.7800000000000007 
-0.7800000000000007 
-0.7800000000000007 
-0.7600000000000007 
-0.7600000000000007 
-0.7800000000000007 
-0.7800000000000007 
-0.7800000000000007 
-0.8000000000000007 
-0.8000000000000007 
-0.8000000000000007 
-0.8000000000000007 
-0.8000000000000007 
-0.8000000000000007 
-0.8000000000000007 
-0.8000000000000007 
-0.8000000000000007 
-0.8200000000000007 
-0.8200000000000007 
-0.8200000000000007 
-0.8400000000000007 
-0.8400000000000007 
-0.8400000000000007 
-0.8400000000000007 
-0.8400000000000007 
-0.8400000000000007 
-0.8400000000000007 
-0.8400000000000007 
-0.8400000000000007 
-0.8600000000000008 
-0.8600000000000008 
-0.8600000000000008 
-0.8600000000000008 
-0.8600000000000008 
-0.8600000000000008 
-0.8600000000000008 
-0.8400000000000007 
-0.8400000000000007 
-0.8400000000000007 
-0.8400000000000007 
-0.8400000000000007 
-0.8400000000000007 
-0.8400000000000007 
-0.8400000000000007 
-0.8400000000000007 
-0.8200000000000007 
-0.8200000000000007 
-0.8200000000000007 
-0.8200000000000007 
-0.8200000000000007 
-0.8200000000000007 
-0.8200000000000007 
-0.8200000000000007 
-0.8200000000000007 
-0.8200000000000007 
-0.8200000000000007 
-0.8200000000000007 
-0.8200000000000007 
-0.8200000000000007 
-0.8200000000000007 
-0.8200000000000007 
-0.8000000000000007 
-0.8000000000000007 
-0.8000000000000007 
-0.8000000000000007 
-0.8200000000000007 
-0.8200000000000007 
-0.8200000000000007 
-0.8200000000000007 
-0.8200000000000007 
-0.8200000000000007 
-0.8200000000000007 
-0.8200000000000007 
-0.8200000000000007 
-0.8000000000000007 
-0.7800000000000007 
-0.7800000000000007 
-0.7800000000000007 
-0.7800000000000007 
-0.7800000000000007 
-0.7800000000000007 
-0.7800000000000007 
-0.7800000000000007 
-0.7800000000000007 
-0.7800000000000007 
-0.7800000000000007 
-0.7800000000000007 
-0.7800000000000007 
-0.7800000000000007 
-0.7800000000000007 
-0.7800000000000007 
-0.8000000000000007 
-0.8000000000000007 
-0.8000000000000007 
-0.8000000000000007 
-0.8000000000000007 
-0.8000000000000007 
-0.7800000000000007 
-0.7800000000000007 
-0.7800000000000007 
-0.7800000000000007 
-0.8000000000000007 
-0.8000000000000007 
-0.8000000000000007 
-0.8000000000000007 
-0.8000000000000007 
-0.7800000000000007 
-0.7800000000000007 
-0.7800000000000007 
-0.7800000000000007 
-0.7800000000000007 
-0.7600000000000007 
-0.7600000000000007 
-0.7600000000000007 
-0.7800000000000007 
-0.7800000000000007 
-0.7800000000000007 
-0.7600000000000007 
-0.7600000000000007 
-0.7600000000000007 
-0.7400000000000007 
-0.7600000000000007 
-0.7600000000000007 
-0.7600000000000007 
-0.7600000000000007 
-0.7600000000000007 
-0.7600000000000007 
-0.7600000000000007 
-0.7600000000000007 
-0.7800000000000007 
-0.7800000000000007 
-0.8000000000000007 
-0.8000000000000007 
-0.8000000000000007 
-0.8000000000000007 
-0.8000000000000007 
-0.8000000000000007 
-0.8000000000000007 
-0.8000000000000007 
-0.8000000000000007 
-0.8000000000000007 
-0.8200000000000007 
-0.8200000000000007 
-0.8400000000000007 
-0.8400000000000007 
-0.8400000000000007 
-0.8400000000000007 
-0.8400000000000007 
-0.8400000000000007 
-0.8600000000000008 
-0.8600000000000008 
-0.8600000000000008 
-0.8800000000000008 
-0.8800000000000008 
-0.9000000000000008 
-0.9000000000000008 
-0.9000000000000008 
-0.9000000000000008 
-0.9000000000000008 
-0.9000000000000008 
-0.9000000000000008 
-0.9000000000000008 
-0.8800000000000008 
-0.8800000000000008 
-0.8800000000000008 
-0.8800000000000008 
-0.8800000000000008 
-0.8800000000000008 
-0.8800000000000008 
-0.8800000000000008 
-0.8600000000000008 
-0.8600000000000008 
-0.8600000000000008 
-0.8600000000000008 
-0.8600000000000008 
-0.8600000000000008 
-0.8600000000000008 
-0.8600000000000008 
-0.8600000000000008 
-0.8600000000000008 
-0.8600000000000008 
-0.8600000000000008 
-0.8400000000000007 
-0.8400000000000007 
-0.8400000000000007 
-0.8400000000000007 
-0.8600000000000008 
-0.8600000000000008 
-0.8600000000000008 
-0.8600000000000008 
-0.8600000000000008 
-0.8600000000000008 
-0.8600000000000008 
-0.8600000000000008 
-0.8600000000000008 
-0.8600000000000008 
-0.8600000000000008 
-0.8600000000000008 
-0.8600000000000008 
-0.8600000000000008 
-0.8600000000000008 
-0.8600000000000008 
-0.8600000000000008 
-0.8600000000000008 
-0.8800000000000008 
-0.8800000000000008 
-0.8800000000000008 
-0.8800000000000008 
-0.8800000000000008 
-0.8600000000000008 
-0.8600000000000008 
-0.8600000000000008 
-0.8600000000000008 
-0.8400000000000007 
-0.8400000000000007 
-0.8400000000000007 
-0.8400000000000007 
-0.8400000000000007 
-0.8400000000000007 
-0.8400000000000007 
-0.8600000000000008 
-0.8600000000000008 
-0.8600000000000008 
-0.8600000000000008 
-0.8600000000000008 
-0.8600000000000008 
-0.8600000000000008 
-0.8600000000000008 
-0.8600000000000008 
-0.8600000000000008 
-0.8600000000000008 
-0.8600000000000008 
-0.8600000000000008 
-0.8600000000000008 
-0.8600000000000008 
-0.8600000000000008 
-0.8600000000000008 
-0.8600000000000008 
-0.8600000000000008 
-0.8600000000000008 
-0.8600000000000008 
-0.8800000000000008 
-0.8800000000000008 
-0.8800000000000008 
-0.8800000000000008 
-0.8800000000000008 
-0.8800000000000008 
-0.8800000000000008 
-0.8800000000000008 
-0.8600000000000008 
-0.8600000000000008 
-0.8600000000000008 
-0.8600000000000008 
-0.8600000000000008 
-0.8600000000000008 
-0.8600000000000008 
-0.8600000000000008 
-0.8600000000000008 
-0.8600000000000008 
-0.8600000000000008 
-0.8600000000000008 
-0.8600000000000008 
-0.8600000000000008 
-0.8600000000000008 
-0.8600000000000008 
-0.8600000000000008 
-0.8600000000000008 
-0.8600000000000008 
-0.8600000000000008 
-0.8600000000000008 
-0.8600000000000008 
-0.8600000000000008 
-0.8600000000000008 
-0.8600000000000008 
-0.8600000000000008 
-0.8600000000000008 
-0.8400000000000007 
-0.8400000000000007 
-0.8400000000000007 
-0.8400000000000007 
-0.8400000000000007 
-0.8400000000000007 
-0.8400000000000007 
-0.8400000000000007 
-0.8400000000000007 
-0.8400000000000007 
-0.8400000000000007 
-0.8400000000000007 
-0.8400000000000007 
-0.8400000000000007 
-0.8400000000000007 
-0.8400000000000007 
-0.8400000000000007 
-0.8600000000000008 
-0.8600000000000008 
-0.8600000000000008 
-0.8600000000000008 
-0.8600000000000008 
-0.8600000000000008 
-0.8600000000000008 
-0.8400000000000007 
-0.8400000000000007 
-0.8400000000000007 
-0.8400000000000007 
-0.8200000000000007 
-0.8200000000000007 
-0.8200000000000007 
-0.8000000000000007 
-0.8000000000000007 
-0.8000000000000007 
-0.8000000000000007 
-0.8000000000000007 
-0.8000000000000007 
-0.8000000000000007 
-0.8000000000000007 
-0.8000000000000007 
-0.8000000000000007 
-0.8000000000000007 
-0.8000000000000007 
-0.8000000000000007 
-0.8000000000000007 
-0.8000000000000007 
-0.7800000000000007 
-0.7800000000000007 
-0.7800000000000007 
-0.7800000000000007 
-0.7600000000000007 
-0.7800000000000007 
-0.7800000000000007 
-0.7800000000000007 
-0.8000000000000007 
-0.8000000000000007 
-0.7800000000000007 
-0.7800000000000007 
-0.7800000000000007 
-0.7800000000000007 
-0.7800000000000007 
-0.7800000000000007 
-0.7800000000000007 
-0.7600000000000007 
-0.7600000000000007 
-0.7600000000000007 
-0.7800000000000007 
-0.7800000000000007 
-0.7800000000000007 
-0.7800000000000007 
-0.7800000000000007 
-0.7800000000000007 
-0.7800000000000007 
-0.8000000000000007 
-0.8000000000000007 
-0.8000000000000007 
-0.8000000000000007 
-0.8000000000000007 
-0.8000000000000007 
-0.8200000000000007 
-0.8400000000000007 
-0.8400000000000007 
-0.8400000000000007 
-0.8400000000000007 
-0.8400000000000007 
-0.8600000000000008 
-0.8600000000000008 
-0.8600000000000008 
-0.8600000000000008 
-0.8600000000000008 
-0.8400000000000007 
-0.8400000000000007 
-0.8400000000000007 
-0.8400000000000007 
-0.8400000000000007 
-0.8400000000000007 
-0.8400000000000007 
-0.8400000000000007 
-0.8200000000000007 
-0.8200000000000007 
-0.8400000000000007 
-0.8200000000000007 
-0.8200000000000007 
-0.8200000000000007 
-0.8200000000000007 
-0.8400000000000007 
-0.8400000000000007 
-0.8400000000000007 
-0.8400000000000007 
-0.8400000000000007 
-0.8200000000000007 
-0.8200000000000007 
-0.8200000000000007 
-0.8200000000000007 
-0.8200000000000007 
-0.8400000000000007 
-0.8400000000000007 
-0.8600000000000008 
-0.8600000000000008 
-0.8600000000000008 
-0.8600000000000008 
-0.8600000000000008 
-0.8600000000000008 
-0.8600000000000008 
-0.8600000000000008 
-0.8600000000000008 
-0.8600000000000008 
-0.8400000000000007 
-0.8400000000000007 
-0.8400000000000007 
-0.8400000000000007 
-0.8400000000000007 
-0.8400000000000007 
-0.8600000000000008 
-0.8600000000000008 
-0.8600000000000008 
-0.8600000000000008 
-0.8600000000000008 
-0.8600000000000008 
-0.8600000000000008 
-0.8600000000000008 
-0.8600000000000008 
-0.8600000000000008 
-0.8600000000000008 
-0.8600000000000008 
-0.8600000000000008 
-0.8400000000000007 
-0.8400000000000007 
-0.8400000000000007 
-0.8400000000000007 
-0.8600000000000008 
-0.8600000000000008 
-0.8600000000000008 
-0.8600000000000008 
-0.8600000000000008 
-0.8400000000000007 
-0.8200000000000007 
-0.8400000000000007 
-0.8400000000000007 
-0.8600000000000008 
-0.8600000000000008 
-0.8600000000000008 
-0.8600000000000008 
-0.8600000000000008 
-0.8600000000000008 
-0.8600000000000008 
-0.8600000000000008 
-0.8800000000000008 
-0.8800000000000008 
-0.8800000000000008 
-0.8800000000000008 
-0.8800000000000008 
-0.8800000000000008 
-0.8800000000000008 
-0.8800000000000008 
-0.9000000000000008 
-0.9000000000000008 
-0.9200000000000008 
-0.9400000000000008 
-0.9400000000000008 
-0.9400000000000008 
-0.9400000000000008 
-0.9400000000000008 
-0.9400000000000008 
-0.9400000000000008 
-0.9400000000000008 
-0.9200000000000008 
-0.9200000000000008 
-0.9200000000000008 
-0.9200000000000008 
-0.9200000000000008 
-0.9200000000000008 
-0.9200000000000008 
-0.9200000000000008 
-0.9200000000000008 
-0.9200000000000008 
-0.9200000000000008 
-0.9200000000000008 
-0.9200000000000008 
-0.9200000000000008 
-0.9000000000000008 
-0.9000000000000008 
-0.9000000000000008 
-0.9000000000000008 
-0.9000000000000008 
