-0.0999999999999998 
-0.1199999999999998 
-0.1199999999999998 
-0.1199999999999998 
-0.0999999999999998 
-0.0999999999999998 
-0.1199999999999998 
-0.1199999999999998 
-0.1399999999999998 
-0.1599999999999998 
-0.1799999999999998 
-0.1999999999999998 
-0.1999999999999998 
-0.1999999999999998 
-0.1999999999999998 
-0.1999999999999998 
-0.2199999999999998 
-0.2399999999999998 
-0.2399999999999998 
-0.2599999999999998 
-0.2599999999999998 
-0.2599999999999998 
-0.2399999999999998 
-0.2399999999999998 
-0.2199999999999998 
-0.2199999999999998 
-0.2399999999999998 
-0.2399999999999998 
-0.2599999999999998 
-0.2599999999999998 
-0.2399999999999998 
-0.2599999999999998 
-0.2599999999999998 
-0.2399999999999998 
-0.2399999999999998 
-0.2199999999999998 
-0.2199999999999998 
-0.1999999999999998 
-0.1999999999999998 
-0.1999999999999998 
-0.1999999999999998 
-0.1799999999999998 
-0.1599999999999998 
-0.1599999999999998 
-0.1799999999999998 
-0.1599999999999998 
-0.1599999999999998 
-0.1399999999999998 
-0.1199999999999998 
-0.0999999999999998 
-0.1199999999999998 
-0.1399999999999998 
-0.1399999999999998 
-0.1399999999999998 
-0.1599999999999998 
-0.1799999999999998 
-0.1799999999999998 
-0.1999999999999998 
-0.1999999999999998 
-0.1999999999999998 
-0.1999999999999998 
-0.1999999999999998 
-0.2199999999999998 
-0.2199999999999998 
-0.1999999999999998 
-0.1799999999999998 
-0.1599999999999998 
-0.1799999999999998 
-0.1799999999999998 
-0.1599999999999998 
-0.1599999999999998 
-0.1399999999999998 
-0.1599999999999998 
-0.1599999999999998 
-0.1799999999999998 
-0.1799999999999998 
-0.1599999999999998 
-0.1799999999999998 
-0.1799999999999998 
-0.1599999999999998 
-0.1599999999999998 
-0.1799999999999998 
-0.1599999999999998 
-0.1799999999999998 
-0.1999999999999998 
-0.2199999999999998 
-0.1999999999999998 
-0.2199999999999998 
-0.2199999999999998 
-0.1999999999999998 
-0.1999999999999998 
-0.1799999999999998 
-0.1799999999999998 
-0.1799999999999998 
-0.1599999999999998 
-0.1599999999999998 
-0.1399999999999998 
-0.1199999999999998 
-0.1399999999999998 
-0.1399999999999998 
-0.1399999999999998 
-0.1399999999999998 
-0.1399999999999998 
-0.1599999999999998 
-0.1599999999999998 
-0.1799999999999998 
-0.1799999999999998 
-0.1999999999999998 
-0.2199999999999998 
-0.2399999999999998 
-0.2599999999999998 
-0.2599999999999998 
-0.2799999999999998 
-0.2799999999999998 
-0.2799999999999998 
-0.2799999999999998 
-0.2599999999999998 
-0.2799999999999998 
-0.2799999999999998 
-0.2599999999999998 
-0.2599999999999998 
-0.2799999999999998 
-0.2799999999999998 
-0.2999999999999998 
-0.2999999999999998 
-0.2999999999999998 
-0.2999999999999998 
-0.2999999999999998 
-0.2999999999999998 
-0.2799999999999998 
-0.2799999999999998 
-0.2799999999999998 
-0.2999999999999998 
-0.2999999999999998 
-0.2799999999999998 
-0.2599999999999998 
-0.2399999999999998 
-0.2399999999999998 
-0.2399999999999998 
-0.2399999999999998 
-0.2399999999999998 
-0.2399999999999998 
-0.2399999999999998 
-0.2399999999999998 
-0.2399999999999998 
-0.2599999999999998 
-0.2599999999999998 
-0.2399999999999998 
-0.2399999999999998 
-0.2399999999999998 
-0.2599999999999998 
-0.2599999999999998 
-0.2599999999999998 
-0.2399999999999998 
-0.2599999999999998 
-0.2799999999999998 
-0.2799999999999998 
-0.2799999999999998 
-0.2999999999999998 
-0.2799999999999998 
-0.2799999999999998 
-0.2799999999999998 
-0.2799999999999998 
-0.2799999999999998 
-0.2799999999999998 
-0.2799999999999998 
-0.2999999999999998 
-0.2999999999999998 
-0.3199999999999998 
-0.2999999999999998 
-0.3199999999999998 
-0.3199999999999998 
-0.2999999999999998 
-0.2799999999999998 
-0.2999999999999998 
-0.2799999999999998 
-0.2599999999999998 
-0.2799999999999998 
-0.2999999999999998 
-0.3199999999999998 
-0.2999999999999998 
-0.3199999999999998 
-0.3199999999999998 
-0.3399999999999999 
-0.3399999999999999 
-0.3399999999999999 
-0.3599999999999999 
-0.3599999999999999 
-0.3599999999999999 
-0.3799999999999999 
-0.3799999999999999 
-0.3799999999999999 
-0.3599999999999999 
-0.3599999999999999 
-0.3599999999999999 
-0.3599999999999999 
-0.3399999999999999 
-0.3399999999999999 
-0.3599999999999999 
-0.3799999999999999 
-0.3799999999999999 
-0.3999999999999999 
-0.3999999999999999 
-0.3999999999999999 
-0.3999999999999999 
-0.3999999999999999 
-0.3999999999999999 
-0.3999999999999999 
-0.3999999999999999 
-0.3999999999999999 
-0.3799999999999999 
-0.3799999999999999 
-0.3799999999999999 
-0.3999999999999999 
-0.3999999999999999 
-0.3999999999999999 
-0.3799999999999999 
-0.3999999999999999 
-0.4199999999999999 
-0.4199999999999999 
-0.4199999999999999 
-0.4199999999999999 
-0.3999999999999999 
-0.4199999999999999 
-0.4199999999999999 
-0.4199999999999999 
-0.4199999999999999 
-0.4199999999999999 
-0.3999999999999999 
-0.3999999999999999 
-0.3999999999999999 
-0.4199999999999999 
-0.4199999999999999 
-0.4199999999999999 
-0.4199999999999999 
-0.4399999999999999 
-0.4199999999999999 
-0.4199999999999999 
-0.3999999999999999 
-0.3799999999999999 
-0.3799999999999999 
-0.3599999999999999 
-0.3599999999999999 
-0.3399999999999999 
-0.3399999999999999 
-0.3599999999999999 
-0.3599999999999999 
-0.3599999999999999 
-0.3799999999999999 
-0.3799999999999999 
-0.3799999999999999 
-0.3599999999999999 
-0.3599999999999999 
-0.3599999999999999 
-0.3599999999999999 
-0.3399999999999999 
-0.3599999999999999 
-0.3799999999999999 
-0.3799999999999999 
-0.3999999999999999 
-0.4199999999999999 
-0.4199999999999999 
-0.4399999999999999 
-0.4199999999999999 
-0.4199999999999999 
-0.3999999999999999 
-0.4199999999999999 
-0.3999999999999999 
-0.3999999999999999 
-0.4199999999999999 
-0.4199999999999999 
-0.4199999999999999 
-0.4199999999999999 
-0.4199999999999999 
-0.4399999999999999 
-0.4600000000000000 
-0.4600000000000000 
-0.4600000000000000 
-0.4600000000000000 
-0.4600000000000000 
-0.4399999999999999 
-0.4399999999999999 
-0.4399999999999999 
-0.4399999999999999 
-0.4399999999999999 
-0.4399999999999999 
-0.4600000000000000 
-0.4399999999999999 
-0.4399999999999999 
-0.4399999999999999 
-0.4399999999999999 
-0.4399999999999999 
-0.4600000000000000 
-0.4399999999999999 
-0.4600000000000000 
-0.4600000000000000 
-0.4600000000000000 
-0.4600000000000000 
-0.4399999999999999 
-0.4399999999999999 
-0.4399999999999999 
-0.4399999999999999 
-0.4600000000000000 
-0.4600000000000000 
-0.4600000000000000 
-0.4800000000000000 
-0.4800000000000000 
-0.4800000000000000 
-0.4800000000000000 
-0.4800000000000000 
-0.4800000000000000 
-0.4800000000000000 
-0.4800000000000000 
-0.5000000000000000 
-0.5000000000000000 
-0.5000000000000000 
-0.5000000000000000 
-0.5000000000000000 
-0.5000000000000000 
-0.5200000000000000 
-0.5000000000000000 
-0.4800000000000000 
-0.4800000000000000 
-0.4800000000000000 
-0.4800000000000000 
-0.4800000000000000 
-0.4800000000000000 
-0.5000000000000000 
-0.5000000000000000 
-0.5200000000000000 
-0.5200000000000000 
-0.5000000000000000 
-0.5200000000000000 
-0.5000000000000000 
-0.5000000000000000 
-0.5000000000000000 
-0.4800000000000000 
-0.4800000000000000 
-0.4800000000000000 
-0.5000000000000000 
-0.5000000000000000 
-0.5200000000000000 
-0.5200000000000000 
-0.5200000000000000 
-0.5400000000000000 
-0.5400000000000000 
-0.5400000000000000 
-0.5200000000000000 
-0.5200000000000000 
-0.5400000000000000 
-0.5400000000000000 
-0.5400000000000000 
-0.5400000000000000 
-0.5400000000000000 
-0.5400000000000000 
-0.5400000000000000 
-0.5600000000000001 
-0.5600000000000001 
-0.5600000000000001 
-0.5600000000000001 
-0.5600000000000001 
-0.5600000000000001 
-0.5600000000000001 
-0.5600000000000001 
-0.5600000000000001 
-0.5600000000000001 
-0.5600000000000001 
-0.5600000000000001 
-0.5600000000000001 
-0.5800000000000001 
-0.5800000000000001 
-0.5800000000000001 
-0.6000000000000001 
-0.6000000000000001 
-0.6000000000000001 
-0.5800000000000001 
-0.5800000000000001 
-0.5800000000000001 
-0.5800000000000001 
-0.5800000000000001 
-0.5800000000000001 
-0.5600000000000001 
-0.5600000000000001 
-0.5400000000000000 
-0.5600000000000001 
-0.5600000000000001 
-0.5600000000000001 
-0.5600000000000001 
-0.5600000000000001 
-0.5600000000000001 
-0.5800000000000001 
-0.5800000000000001 
-0.5800000000000001 
-0.5800000000000001 
-0.5800000000000001 
-0.5800000000000001 
-0.5800000000000001 
-0.5800000000000001 
-0.5800000000000001 
-0.5800000000000001 
-0.5800000000000001 
-0.5800000000000001 
-0.5600000000000001 
-0.5600000000000001 
-0.5600000000000001 
-0.5600000000000001 
-0.5800000000000001 
-0.5800000000000001 
-0.5600000000000001 
-0.5800000000000001 
-0.5800000000000001 
-0.5800000000000001 
-0.5800000000000001 
-0.5800000000000001 
-0.5800000000000001 
-0.5600000000000001 
-0.5600000000000001 
-0.5600000000000001 
-0.5600000000000001 
-0.5800000000000001 
-0.5800000000000001 
-0.5600000000000001 
-0.5600000000000001 
-0.5600000000000001 
-0.5800000000000001 
-0.5800000000000001 
-0.5800000000000001 
-0.5800000000000001 
-0.5800000000000001 
-0.5800000000000001 
-0.6000000000000001 
-0.6200000000000001 
-0.6200000000000001 
-0.6200000000000001 
-0.6000000000000001 
-0.5800000000000001 
-0.5600000000000001 
-0.5600000000000001 
-0.5800000000000001 
-0.5800000000000001 
-0.5800000000000001 
-0.5800000000000001 
-0.5800000000000001 
-0.5800000000000001 
-0.5800000000000001 
-0.5600000000000001 
-0.5600000000000001 
-0.5800000000000001 
-0.5800000000000001 
-0.6000000000000001 
-0.6200000000000001 
-0.6200000000000001 
-0.6200000000000001 
-0.6200000000000001 
-0.6200000000000001 
-0.6200000000000001 
-0.6200000000000001 
-0.6200000000000001 
-0.6200000000000001 
-0.6200000000000001 
-0.6200000000000001 
-0.6400000000000001 
-0.6200000000000001 
-0.6000000000000001 
-0.6000000000000001 
-0.5800000000000001 
-0.5800000000000001 
-0.5800000000000001 
-0.5800000000000001 
-0.6000000000000001 
-0.6200000000000001 
-0.6200000000000001 
-0.6200000000000001 
-0.6200000000000001 
-0.6200000000000001 
-0.6200000000000001 
-0.6200000000000001 
-0.6200000000000001 
-0.6200000000000001 
-0.6200000000000001 
-0.6200000000000001 
-0.6000000000000001 
-0.6000000000000001 
-0.6000000000000001 
-0.6000000000000001 
-0.6000000000000001 
-0.6200000000000001 
-0.6200000000000001 
-0.6200000000000001 
-0.6200000000000001 
-0.6200000000000001 
-0.6400000000000001 
-0.6400000000000001 
-0.6400000000000001 
-0.6400000000000001 
-0.6600000000000001 
-0.6800000000000002 
-0.6600000000000001 
-0.6800000000000002 
-0.6800000000000002 
-0.6800000000000002 
-0.6800000000000002 
-0.6800000000000002 
-0.6800000000000002 
-0.6800000000000002 
-0.6800000000000002 
-0.6800000000000002 
-0.7000000000000002 
-0.6800000000000002 
-0.6800000000000002 
-0.6600000000000001 
-0.6600000000000001 
-0.6600000000000001 
-0.6600000000000001 
-0.6400000000000001 
-0.6200000000000001 
-0.6200000000000001 
-0.6200000000000001 
-0.6400000000000001 
-0.6200000000000001 
-0.6200000000000001 
-0.6200000000000001 
-0.6200000000000001 
-0.6200000000000001 
-0.6200000000000001 
-0.6200000000000001 
-0.6200000000000001 
-0.6200000000000001 
-0.6400000000000001 
-0.6400000000000001 
-0.6400000000000001 
-0.6400000000000001 
-0.6600000000000001 
-0.6600000000000001 
-0.6600000000000001 
-0.6600000000000001 
-0.6400000000000001 
-0.6400000000000001 
-0.6400000000000001 
-0.6400000000000001 
-0.6400000000000001 
-0.6600000000000001 
-0.6600000000000001 
-0.6600000000000001 
-0.6600000000000001 
-0.6600000000000001 
-0.6600000000000001 
-0.6600000000000001 
-0.6600000000000001 
-0.6600000000000001 
-0.6600000000000001 
-0.6600000000000001 
-0.6600000000000001 
-0.6600000000000001 
-0.6800000000000002 
-0.6800000000000002 
-0.6800000000000002 
-0.6800000000000002 
-0.7000000000000002 
-0.7000000000000002 
-0.7000000000000002 
-0.7000000000000002 
-0.6800000000000002 
-0.6600000000000001 
-0.6600000000000001 
-0.6600000000000001 
-0.6600000000000001 
-0.6600000000000001 
-0.6600000000000001 
-0.6800000000000002 
-0.6800000000000002 
-0.6600000000000001 
-0.6600000000000001 
-0.6600000000000001 
-0.6600000000000001 
-0.6400000000000001 
-0.6600000000000001 
-0.6800000000000002 
-0.6800000000000002 
-0.7000000000000002 
-0.6800000000000002 
-0.6800000000000002 
-0.6600000000000001 
-0.6600000000000001 
-0.6600000000000001 
-0.6800000000000002 
-0.6600000000000001 
-0.6600000000000001 
-0.6600000000000001 
-0.6600000000000001 
-0.6600000000000001 
-0.6600000000000001 
-0.6600000000000001 
-0.6600000000000001 
-0.6600000000000001 
-0.6800000000000002 
-0.6800000000000002 
-0.6800000000000002 
-0.6800000000000002 
-0.6800000000000002 
-0.6800000000000002 
-0.7000000000000002 
-0.7000000000000002 
-0.7000000000000002 
-0.7000000000000002 
-0.7200000000000002 
-0.7400000000000002 
-0.7400000000000002 
-0.7600000000000002 
-0.7600000000000002 
-0.7600000000000002 
-0.7600000000000002 
-0.7600000000000002 
-0.7600000000000002 
-0.7600000000000002 
-0.7600000000000002 
-0.7800000000000002 
-0.7800000000000002 
-0.7600000000000002 
-0.7400000000000002 
-0.7400000000000002 
-0.7400000000000002 
-0.7400000000000002 
-0.7400000000000002 
-0.7400000000000002 
-0.7400000000000002 
-0.7400000000000002 
-0.7400000000000002 
-0.7600000000000002 
-0.7600000000000002 
-0.7600000000000002 
-0.7400000000000002 
-0.7400000000000002 
-0.7600000000000002 
-0.7600000000000002 
-0.7600000000000002 
-0.7600000000000002 
-0.7600000000000002 
-0.7800000000000002 
-0.7800000000000002 
-0.7600000000000002 
-0.7400000000000002 
-0.7400000000000002 
-0.7400000000000002 
-0.7600000000000002 
-0.7600000000000002 
-0.7600000000000002 
-0.7600000000000002 
-0.7400000000000002 
-0.7600000000000002 
-0.7400000000000002 
-0.7400000000000002 
-0.7200000000000002 
-0.7200000000000002 
-0.7400000000000002 
-0.7200000000000002 
-0.7200000000000002 
-0.7200000000000002 
-0.7200000000000002 
-0.7200000000000002 
-0.7000000000000002 
-0.7000000000000002 
-0.7000000000000002 
-0.7000000000000002 
-0.7000000000000002 
-0.6800000000000002 
-0.6600000000000001 
-0.6800000000000002 
-0.6800000000000002 
-0.6600000000000001 
-0.6600000000000001 
-0.6600000000000001 
-0.6600000000000001 
-0.6600000000000001 
-0.6600000000000001 
-0.6600000000000001 
-0.6800000000000002 
-0.6600000000000001 
-0.6400000000000001 
-0.6400000000000001 
-0.6400000000000001 
-0.6400000000000001 
-0.6400000000000001 
-0.6400000000000001 
-0.6400000000000001 
-0.6400000000000001 
-0.6400000000000001 
-0.6200000000000001 
-0.6200000000000001 
-0.6000000000000001 
-0.6000000000000001 
-0.6000000000000001 
-0.5800000000000001 
-0.5800000000000001 
-0.5800000000000001 
-0.5600000000000001 
-0.5600000000000001 
-0.5400000000000000 
-0.5600000000000001 
-0.5600000000000001 
-0.5600000000000001 
-0.5600000000000001 
-0.5600000000000001 
-0.5400000000000000 
-0.5400000000000000 
-0.5600000000000001 
-0.5400000000000000 
-0.5200000000000000 
-0.5200000000000000 
-0.5400000000000000 
-0.5600000000000001 
-0.5600000000000001 
-0.5800000000000001 
-0.6000000000000001 
-0.6000000000000001 
-0.6000000000000001 
-0.6000000000000001 
-0.6000000000000001 
-0.6200000000000001 
-0.6200000000000001 
-0.6400000000000001 
-0.6400000000000001 
-0.6400000000000001 
-0.6400000000000001 
-0.6400000000000001 
-0.6400000000000001 
-0.6600000000000001 
-0.6600000000000001 
-0.6600000000000001 
-0.6600000000000001 
-0.6600000000000001 
-0.6400000000000001 
-0.6400000000000001 
-0.6600000000000001 
-0.6400000000000001 
-0.6400000000000001 
-0.6600000000000001 
-0.6600000000000001 
-0.6600000000000001 
-0.6600000000000001 
-0.6600000000000001 
-0.6600000000000001 
-0.6600000000000001 
-0.6600000000000001 
-0.6600000000000001 
-0.6600000000000001 
-0.6600000000000001 
-0.6600000000000001 
-0.6400000000000001 
-0.6600000000000001 
-0.6400000000000001 
-0.6400000000000001 
-0.6400000000000001 
-0.6600000000000001 
-0.6800000000000002 
-0.6800000000000002 
-0.6600000000000001 
-0.6600000000000001 
-0.6800000000000002 
-0.7000000000000002 
-0.7200000000000002 
-0.7200000000000002 
-0.7200000000000002 
-0.7200000000000002 
-0.7200000000000002 
-0.7200000000000002 
-0.7200000000000002 
-0.7200000000000002 
-0.7200000000000002 
-0.7000000000000002 
-0.7200000000000002 
-0.7200000000000002 
-0.7200000000000002 
-0.7200000000000002 
-0.7200000000000002 
-0.7200000000000002 
-0.7200000000000002 
-0.7400000000000002 
-0.7400000000000002 
-0.7400000000000002 
-0.7400000000000002 
-0.7400000000000002 
-0.7400000000000002 
-0.7400000000000002 
-0.7200000000000002 
-0.7200000000000002 
-0.7000000000000002 
-0.7000000000000002 
-0.7000000000000002 
-0.7000000000000002 
-0.7000000000000002 
-0.7000000000000002 
-0.7200000000000002 
-0.7200000000000002 
-0.7200000000000002 
-0.7200000000000002 
-0.7200000000000002 
-0.7200000000000002 
-0.7200000000000002 
-0.7200000000000002 
-0.7200000000000002 
-0.7000000000000002 
-0.6800000000000002 
-0.6800000000000002 
-0.6800000000000002 
-0.6800000000000002 
-0.6800000000000002 
-0.6800000000000002 
-0.6800000000000002 
-0.6800000000000002 
-0.6800000000000002 
-0.6800000000000002 
-0.6800000000000002 
-0.6800000000000002 
-0.6800000000000002 
-0.6800000000000002 
-0.6800000000000002 
-0.6800000000000002 
-0.6800000000000002 
-0.6800000000000002 
-0.6800000000000002 
-0.6800000000000002 
-0.6600000000000001 
-0.6600000000000001 
-0.6600000000000001 
-0.6600000000000001 
-0.6600000000000001 
-0.6600000000000001 
-0.6600000000000001 
-0.6400000000000001 
-0.6400000000000001 
-0.6400000000000001 
-0.6400000000000001 
-0.6600000000000001 
-0.6600000000000001 
-0.6600000000000001 
-0.6600000000000001 
-0.6600000000000001 
-0.6600000000000001 
-0.6600000000000001 
-0.6600000000000001 
-0.6400000000000001 
-0.6400000000000001 
-0.6600000000000001 
-0.6600000000000001 
-0.6600000000000001 
-0.6600000000000001 
-0.6600000000000001 
-0.6600000000000001 
-0.6600000000000001 
-0.6600000000000001 
-0.6600000000000001 
-0.6600000000000001 
-0.6600000000000001 
-0.6600000000000001 
-0.6800000000000002 
-0.6800000000000002 
-0.6800000000000002 
-0.6800000000000002 
-0.6600000000000001 
-0.6600000000000001 
-0.6800000000000002 
-0.7000000000000002 
-0.7000000000000002 
-0.7000000000000002 
-0.7000000000000002 
-0.7000000000000002 
-0.7000000000000002 
-0.7000000000000002 
-0.7000000000000002 
-0.7000000000000002 
-0.6800000000000002 
-0.6800000000000002 
-0.6600000000000001 
-0.6400000000000001 
-0.6200000000000001 
-0.6200000000000001 
-0.6200000000000001 
-0.6000000000000001 
-0.5800000000000001 
-0.5800000000000001 
-0.6000000000000001 
-0.6000000000000001 
-0.6000000000000001 
-0.6000000000000001 
-0.6000000000000001 
-0.6000000000000001 
-0.6000000000000001 
-0.5800000000000001 
-0.5800000000000001 
-0.5800000000000001 
-0.5800000000000001 
-0.5800000000000001 
-0.5800000000000001 
-0.5800000000000001 
-0.5800000000000001 
-0.6000000000000001 
-0.5800000000000001 
-0.5800000000000001 
-0.5600000000000001 
-0.5600000000000001 
-0.5600000000000001 
-0.5600000000000001 
-0.5600000000000001 
-0.5800000000000001 
-0.5600000000000001 
-0.5600000000000001 
-0.5600000000000001 
-0.5400000000000000 
-0.5400000000000000 
-0.5400000000000000 
-0.5200000000000000 
-0.5400000000000000 
-0.5600000000000001 
-0.5600000000000001 
-0.5600000000000001 
-0.5800000000000001 
-0.5800000000000001 
-0.5800000000000001 
-0.6000000000000001 
-0.6000000000000001 
-0.6000000000000001 
-0.6000000000000001 
-0.6000000000000001 
-0.6000000000000001 
-0.6000000000000001 
-0.6000000000000001 
-0.6000000000000001 
-0.5800000000000001 
-0.5800000000000001 
-0.5800000000000001 
-0.5600000000000001 
-0.5600000000000001 
-0.5600000000000001 
-0.5800000000000001 
-0.5600000000000001 
-0.5400000000000000 
-0.5400000000000000 
-0.5400000000000000 
-0.5400000000000000 
-0.5400000000000000 
-0.5400000000000000 
-0.5600000000000001 
-0.5600000000000001 
-0.5400000000000000 
-0.5600000000000001 
-0.5400000000000000 
-0.5400000000000000 
-0.5400000000000000 
-0.5400000000000000 
-0.5400000000000000 
-0.5200000000000000 
-0.5000000000000000 
-0.5000000000000000 
-0.5000000000000000 
-0.5000000000000000 
-0.5200000000000000 
-0.5200000000000000 
-0.5400000000000000 
-0.5400000000000000 
-0.5400000000000000 
-0.5400000000000000 
-0.5400000000000000 
-0.5200000000000000 
-0.5200000000000000 
-0.5200000000000000 
-0.5200000000000000 
-0.5200000000000000 
-0.5200000000000000 
-0.5200000000000000 
-0.5000000000000000 
-0.4800000000000000 
-0.4800000000000000 
-0.4800000000000000 
-0.4600000000000000 
-0.4600000000000000 
-0.4800000000000000 
-0.4800000000000000 
-0.4800000000000000 
-0.4800000000000000 
-0.4800000000000000 
-0.4600000000000000 
-0.4600000000000000 
-0.4600000000000000 
-0.4600000000000000 
-0.4600000000000000 
-0.4800000000000000 
-0.4800000000000000 
-0.4800000000000000 
-0.5000000000000000 
-0.5000000000000000 
-0.5000000000000000 
-0.5000000000000000 
-0.5000000000000000 
-0.5000000000000000 
-0.5000000000000000 
-0.5000000000000000 
-0.5000000000000000 
-0.4800000000000000 
-0.5000000000000000 
