0.0000 	0.000000e+00 	1.224745e-01 	1.732051e-01
0.1000 	1.224745e-03 	2.454563e-01 	3.446781e-01
0.2000 	4.891805e-03 	3.694303e-01 	5.127044e-01
0.3000 	1.220425e-02 	4.948370e-01 	6.756036e-01
0.4000 	2.434302e-02 	6.220515e-01 	8.317467e-01
0.5000 	4.245888e-02 	7.513628e-01 	9.795724e-01
0.6000 	6.766378e-02 	8.829563e-01 	1.117602e+00
0.7000 	1.010216e-01 	1.016896e+00 	1.244456e+00
0.8000 	1.435382e-01 	1.153112e+00 	1.358866e+00
0.9000 	1.961505e-01 	1.291385e+00 	1.459686e+00
1.0000 	2.597151e-01 	1.431341e+00 	1.545910e+00
1.1000 	3.349960e-01 	1.572443e+00 	1.616675e+00
1.2000 	4.226514e-01 	1.713987e+00 	1.671273e+00
1.3000 	5.232201e-01 	1.855104e+00 	1.709158e+00
1.4000 	6.371077e-01 	1.994761e+00 	1.729952e+00
1.5000 	7.645718e-01 	2.131771e+00 	1.733446e+00
1.6000 	9.057079e-01 	2.264797e+00 	1.719606e+00
1.7000 	1.060435e+00 	2.392371e+00 	1.688570e+00
1.8000 	1.228481e+00 	2.512907e+00 	1.640648e+00
1.9000 	1.409372e+00 	2.624721e+00 	1.576319e+00
2.0000 	1.602416e+00 	2.726051e+00 	1.496227e+00
2.1000 	1.806696e+00 	2.815082e+00 	1.401173e+00
2.2000 	2.021061e+00 	2.889974e+00 	1.292108e+00
2.3000 	2.244114e+00 	2.948888e+00 	1.170121e+00
2.4000 	2.474215e+00 	2.990014e+00 	1.036433e+00
2.5000 	2.709474e+00 	3.011604e+00 	8.923805e-01
2.6000 	2.947755e+00 	3.012002e+00 	7.394044e-01
2.7000 	3.186678e+00 	2.989674e+00 	5.790342e-01
2.8000 	3.423631e+00 	2.943240e+00 	4.128737e-01
2.9000 	3.655780e+00 	2.871502e+00 	2.425844e-01
3.0000 	3.880086e+00 	2.773474e+00 	6.986934e-02
3.1000 	4.093326e+00 	2.648411e+00 	-1.035445e-01
3.2000 	4.292117e+00 	2.495828e+00 	-2.759228e-01
3.3000 	4.472945e+00 	2.315528e+00 	-4.455419e-01
3.4000 	4.632199e+00 	2.107617e+00 	-6.107057e-01
3.5000 	4.766207e+00 	1.872522e+00 	-7.697623e-01
3.6000 	4.871278e+00 	1.611005e+00 	-9.211213e-01
3.7000 	4.943747e+00 	1.324167e+00 	-1.063269e+00
3.8000 	4.980019e+00 	1.013454e+00 	-1.194784e+00
3.9000 	4.976626e+00 	6.806588e-01 	-1.314352e+00
4.0000 	4.930274e+00 	3.279135e-01 	-1.420775e+00
4.1000 	4.837897e+00 	-4.231864e-02 	-1.512991e+00
4.2000 	4.696719e+00 	-4.272575e-01 	-1.590077e+00
4.3000 	4.504301e+00 	-8.238246e-01 	-1.651263e+00
4.4000 	4.258601e+00 	-1.228666e+00 	-1.695935e+00
4.5000 	3.958029e+00 	-1.638180e+00 	-1.723649e+00
4.6000 	3.601495e+00 	-2.048549e+00 	-1.734126e+00
4.7000 	3.188460e+00 	-2.455774e+00 	-1.727261e+00
4.8000 	2.718983e+00 	-2.855713e+00 	-1.703124e+00
4.9000 	2.193760e+00 	-3.244127e+00 	-1.661956e+00
5.0000 	1.614157e+00 	-3.616719e+00 	-1.604168e+00
5.1000 	9.822452e-01 	-3.969185e+00 	-1.530339e+00
5.2000 	3.008193e-01 	-4.297263e+00 	-1.441206e+00
5.3000 	-4.265874e-01 	-4.596780e+00 	-1.337661e+00
5.4000 	-1.195696e+00 	-4.863706e+00 	-1.220739e+00
5.5000 	-2.001485e+00 	-5.094203e+00 	-1.091610e+00
5.6000 	-2.838201e+00 	-5.284673e+00 	-9.515653e-01
5.7000 	-3.699381e+00 	-5.431813e+00 	-8.020046e-01
5.8000 	-4.577886e+00 	-5.532654e+00 	-6.444238e-01
5.9000 	-5.465939e+00 	-5.584613e+00 	-4.803989e-01
6.0000 	-6.355178e+00 	-5.585530e+00 	-3.115699e-01
6.1000 	-7.236721e+00 	-5.533708e+00 	-1.396252e-01
6.2000 	-8.101234e+00 	-5.427944e+00 	3.371571e-02
6.3000 	-8.939014e+00 	-5.267564e+00 	2.067195e-01
6.4000 	-9.740079e+00 	-5.052441e+00 	3.776560e-01
6.5000 	-1.049427e+01 	-4.783017e+00 	5.448161e-01
6.6000 	-1.119134e+01 	-4.460315e+00 	7.065279e-01
6.7000 	-1.182111e+01 	-4.085944e+00 	8.611745e-01
6.8000 	-1.237353e+01 	-3.662103e+00 	1.007209e+00
6.9000 	-1.283883e+01 	-3.191568e+00 	1.143172e+00
7.0000 	-1.320765e+01 	-2.677685e+00 	1.267703e+00
7.1000 	-1.347118e+01 	-2.124349e+00 	1.379557e+00
7.2000 	-1.362124e+01 	-1.535974e+00 	1.477615e+00
7.3000 	-1.365045e+01 	-9.174625e-01 	1.560898e+00
7.4000 	-1.355233e+01 	-2.741677e-01 	1.628571e+00
7.5000 	-1.332142e+01 	3.881545e-01 	1.679959e+00
7.6000 	-1.295342e+01 	1.063395e+00 	1.714547e+00
7.7000 	-1.244525e+01 	1.745146e+00 	1.731989e+00
7.8000 	-1.179518e+01 	2.426767e+00 	1.732112e+00
7.9000 	-1.100289e+01 	3.101440e+00 	1.714913e+00
8.0000 	-1.006955e+01 	3.762249e+00 	1.680566e+00
8.1000 	-8.997900e+00 	4.402240e+00 	1.629412e+00
8.2000 	-7.792246e+00 	5.014503e+00 	1.561965e+00
8.3000 	-6.458524e+00 	5.592241e+00 	1.478898e+00
8.4000 	-5.004294e+00 	6.128846e+00 	1.381042e+00
8.5000 	-3.438733e+00 	6.617972e+00 	1.269375e+00
8.6000 	-1.772605e+00 	7.053612e+00 	1.145015e+00
8.7000 	-1.821487e-02 	7.430167e+00 	1.009205e+00
8.8000 	1.810659e+00 	7.742512e+00 	8.633024e-01
8.9000 	3.698852e+00 	7.986064e+00 	7.087670e-01
9.0000 	5.629916e+00 	8.156844e+00 	5.471439e-01
9.1000 	7.586250e+00 	8.251527e+00 	3.800494e-01
9.2000 	9.549237e+00 	8.267495e+00 	2.091544e-01
9.3000 	1.149941e+01 	8.202879e+00 	3.616780e-02
9.4000 	1.341661e+01 	8.056597e+00 	-1.371805e-01
9.5000 	1.528021e+01 	7.828377e+00 	-3.091569e-01
9.6000 	1.706930e+01 	7.518781e+00 	-4.780418e-01
9.7000 	1.876288e+01 	7.129217e+00 	-6.421462e-01
9.8000 	2.034012e+01 	6.661940e+00 	-7.998292e-01
9.9000 	2.178059e+01 	6.120044e+00 	-9.495139e-01
10.0000 	2.306444e+01 	5.507454e+00 	-1.089703e+00
10.1000 	2.417273e+01 	4.828891e+00 	-1.218996e+00
10.2000 	2.508758e+01 	4.089850e+00 	-1.336099e+00
10.3000 	2.579245e+01 	3.296549e+00 	-1.439840e+00
10.4000 	2.627236e+01 	2.455885e+00 	-1.529183e+00
10.5000 	2.651411e+01 	1.575369e+00 	-1.603235e+00
10.6000 	2.650647e+01 	6.630681e-01 	-1.661254e+00
10.7000 	2.624039e+01 	-2.724765e-01 	-1.702660e+00
10.8000 	2.570919e+01 	-1.222323e+00 	-1.727040e+00
10.9000 	2.490867e+01 	-2.177216e+00 	-1.734149e+00
11.0000 	2.383729e+01 	-3.127679e+00 	-1.723917e+00
11.1000 	2.249627e+01 	-4.064105e+00 	-1.696446e+00
11.2000 	2.088964e+01 	-4.976853e+00 	-1.652011e+00
11.3000 	1.902434e+01 	-5.856354e+00 	-1.591055e+00
11.4000 	1.691024e+01 	-6.693201e+00 	-1.514188e+00
11.5000 	1.456010e+01 	-7.478258e+00 	-1.422180e+00
11.6000 	1.198958e+01 	-8.202754e+00 	-1.315950e+00
11.7000 	9.217140e+00 	-8.858383e+00 	-1.196561e+00
11.8000 	6.263941e+00 	-9.437393e+00 	-1.065206e+00
11.9000 	3.153729e+00 	-9.932681e+00 	-9.231984e-01
12.0000 	-8.734750e-02 	-1.033787e+01 	-7.719593e-01
12.1000 	-3.430929e+00 	-1.064741e+01 	-6.130005e-01
12.2000 	-6.846675e+00 	-1.085660e+01 	-4.479118e-01
12.3000 	-1.030252e+01 	-1.096170e+01 	-2.783439e-01
12.4000 	-1.376496e+01 	-1.095997e+01 	-1.059926e-01
12.5000 	-1.719935e+01 	-1.084970e+01 	6.741867e-02
12.6000 	-2.057024e+01 	-1.063026e+01 	2.401557e-01
12.7000 	-2.384173e+01 	-1.030212e+01 	4.104912e-01
12.8000 	-2.697782e+01 	-9.866844e+00 	5.767218e-01
12.9000 	-2.994281e+01 	-9.327136e+00 	7.371852e-01
13.0000 	-3.270164e+01 	-8.686786e+00 	8.902767e-01
13.1000 	-3.522032e+01 	-7.950665e+00 	1.034465e+00
13.2000 	-3.746630e+01 	-7.124693e+00 	1.168310e+00
13.3000 	-3.940887e+01 	-6.215790e+00 	1.290471e+00
13.4000 	-4.101951e+01 	-5.231826e+00 	1.399727e+00
13.5000 	-4.227227e+01 	-4.181545e+00 	1.494986e+00
13.6000 	-4.314412e+01 	-3.074499e+00 	1.575295e+00
13.7000 	-4.361528e+01 	-1.920956e+00 	1.639851e+00
13.8000 	-4.366949e+01 	-7.318038e-01 	1.688009e+00
13.9000 	-4.329432e+01 	4.815461e-01 	1.719287e+00
14.0000 	-4.248140e+01 	1.707273e+00 	1.733371e+00
14.1000 	-4.122659e+01 	2.933262e+00 	1.730122e+00
14.2000 	-3.953019e+01 	4.147219e+00 	1.709572e+00
14.3000 	-3.739700e+01 	5.336799e+00 	1.671926e+00
14.4000 	-3.483649e+01 	6.489731e+00 	1.617561e+00
14.5000 	-3.186270e+01 	7.593941e+00 	1.547020e+00
14.6000 	-2.849436e+01 	8.637682e+00 	1.461009e+00
14.7000 	-2.475469e+01 	9.609656e+00 	1.360388e+00
14.8000 	-2.067137e+01 	1.049914e+01 	1.246163e+00
14.9000 	-1.627636e+01 	1.129609e+01 	1.119477e+00
15.0000 	-1.160562e+01 	1.199127e+01 	9.815953e-01
15.1000 	-6.698906e+00 	1.257636e+01 	8.338980e-01
15.2000 	-1.599442e+00 	1.304403e+01 	6.778617e-01
15.3000 	3.646455e+00 	1.338803e+01 	5.150468e-01
15.4000 	8.989769e+00 	1.360330e+01 	3.470814e-01
15.5000 	1.437922e+01 	1.368601e+01 	1.756452e-01
15.6000 	1.976173e+01 	1.363362e+01 	2.452587e-03
15.7000 	2.508297e+01 	1.344491e+01 	-1.707646e-01
15.8000 	3.028783e+01 	1.312005e+01 	-3.422741e-01
15.9000 	3.532100e+01 	1.266057e+01 	-5.103609e-01
16.0000 	4.012758e+01 	1.206937e+01 	-6.733441e-01
16.1000 	4.465357e+01 	1.135075e+01 	-8.295938e-01
16.2000 	4.884653e+01 	1.051033e+01 	-9.775476e-01
16.3000 	5.265613e+01 	9.555024e+00 	-1.115726e+00
16.4000 	5.603472e+01 	8.493012e+00 	-1.242747e+00
16.5000 	5.893789e+01 	7.333644e+00 	-1.357341e+00
16.6000 	6.132502e+01 	6.087365e+00 	-1.458361e+00
16.7000 	6.315978e+01 	4.765629e+00 	-1.544797e+00
16.8000 	6.441059e+01 	3.380789e+00 	-1.615786e+00
16.9000 	6.505110e+01 	1.945983e+00 	-1.670617e+00
17.0000 	6.506057e+01 	4.750114e-01 	-1.708741e+00
17.1000 	6.442417e+01 	-1.017798e+00 	-1.729778e+00
17.2000 	6.313336e+01 	-2.517727e+00 	-1.733518e+00
17.3000 	6.118604e+01 	-4.009814e+00 	-1.719922e+00
17.4000 	5.858676e+01 	-5.479002e+00 	-1.689127e+00
17.5000 	5.534682e+01 	-6.910292e+00 	-1.641441e+00
17.6000 	5.148431e+01 	-8.288893e+00 	-1.577340e+00
17.7000 	4.702406e+01 	-9.600378e+00 	-1.497466e+00
17.8000 	4.199758e+01 	-1.083083e+01 	-1.402617e+00
17.9000 	3.644281e+01 	-1.196701e+01 	-1.293742e+00
18.0000 	3.040394e+01 	-1.299645e+01 	-1.171930e+00
18.1000 	2.393106e+01 	-1.390765e+01 	-1.038398e+00
18.2000 	1.707980e+01 	-1.469015e+01 	-8.944826e-01
18.3000 	9.910845e+00 	-1.533470e+01 	-7.416222e-01
18.4000 	2.489430e+00 	-1.583331e+01 	-5.813455e-01
18.5000 	-5.115213e+00 	-1.617941e+01 	-4.152554e-01
18.6000 	-1.283050e+01 	-1.636786e+01 	-2.450127e-01
18.7000 	-2.058116e+01 	-1.639509e+01 	-7.231986e-02
18.8000 	-2.828995e+01 	-1.625909e+01 	1.010961e-01
18.9000 	-3.587844e+01 	-1.595949e+01 	2.735012e-01
19.0000 	-4.326774e+01 	-1.549755e+01 	4.431712e-01
19.1000 	-5.037934e+01 	-1.487621e+01 	6.084096e-01
19.2000 	-5.713590e+01 	-1.410003e+01 	7.675638e-01
19.3000 	-6.346211e+01 	-1.317517e+01 	9.190424e-01
19.4000 	-6.928545e+01 	-1.210936e+01 	1.061331e+00
19.5000 	-7.453703e+01 	-1.091185e+01 	1.193005e+00
19.6000 	-7.915235e+01 	-9.593290e+00 	1.312750e+00
19.7000 	-8.307209e+01 	-8.165670e+00 	1.419368e+00
19.8000 	-8.624276e+01 	-6.642199e+00 	1.511791e+00
19.9000 	-8.861742e+01 	-5.037189e+00 	1.589097e+00
20.0000 	-9.015629e+01 	-3.365915e+00 	1.650512e+00
20.1000 	-9.082724e+01 	-1.644478e+00 	1.695421e+00
20.2000 	-9.060638e+01 	1.103590e-01 	1.723377e+00
20.3000 	-8.947834e+01 	1.881326e+00 	1.734098e+00
20.4000 	-8.743671e+01 	3.650820e+00 	1.727479e+00
20.5000 	-8.448420e+01 	5.401082e+00 	1.703585e+00
20.6000 	-8.063284e+01 	7.114368e+00 	1.662655e+00
20.7000 	-7.590400e+01 	8.773137e+00 	1.605098e+00
20.8000 	-7.032840e+01 	1.036023e+01 	1.531491e+00
20.9000 	-6.394591e+01 	1.185903e+01 	1.442568e+00
21.0000 	-5.680537e+01 	1.325366e+01 	1.339220e+00
21.1000 	-4.896424e+01 	1.452916e+01 	1.222480e+00
21.2000 	-4.048818e+01 	1.567158e+01 	1.093515e+00
21.3000 	-3.145051e+01 	1.666823e+01 	9.536147e-01
21.4000 	-2.193166e+01 	1.750772e+01 	8.041783e-01
21.5000 	-1.201842e+01 	1.818019e+01 	6.467002e-01
21.6000 	-1.803192e+00 	1.867732e+01 	4.827550e-01
21.7000 	8.616842e+00 	1.899250e+01 	3.139823e-01
21.8000 	1.914063e+01 	1.912090e+01 	1.420697e-01
21.9000 	2.966423e+01 	1.905951e+01 	-3.126355e-02
22.0000 	4.008177e+01 	1.880721e+01 	-2.042842e-01
22.1000 	5.028657e+01 	1.836479e+01 	-3.752619e-01
22.2000 	6.017216e+01 	1.773498e+01 	-5.424871e-01
22.3000 	6.963337e+01 	1.692239e+01 	-7.042874e-01
22.4000 	7.856747e+01 	1.593354e+01 	-8.590448e-01
22.5000 	8.687523e+01 	1.477676e+01 	-1.005212e+00
22.6000 	9.446201e+01 	1.346216e+01 	-1.141327e+00
22.7000 	1.012388e+02 	1.200152e+01 	-1.266028e+00
22.8000 	1.071232e+02 	1.040821e+01 	-1.378069e+00
22.9000 	1.120404e+02 	8.697035e+00 	-1.476330e+00
23.0000 	1.159243e+02 	6.884127e+00 	-1.559827e+00
23.1000 	1.187177e+02 	4.986780e+00 	-1.627726e+00
23.2000 	1.203738e+02 	3.023288e+00 	-1.679348e+00
23.3000 	1.208564e+02 	1.012769e+00 	-1.714176e+00
23.4000 	1.201406e+02 	-1.025019e+00 	-1.731863e+00
23.5000 	1.182131e+02 	-3.069875e+00 	-1.732231e+00
23.6000 	1.150728e+02 	-5.101355e+00 	-1.715276e+00
23.7000 	1.107307e+02 	-7.098974e+00 	-1.681169e+00
23.8000 	1.052104e+02 	-9.042415e+00 	-1.630250e+00
23.9000 	9.854749e+01 	-1.091173e+01 	-1.563029e+00
24.0000 	9.079001e+01 	-1.268757e+01 	-1.480177e+00
24.1000 	8.199776e+01 	-1.435133e+01 	-1.382524e+00
24.2000 	7.224202e+01 	-1.588540e+01 	-1.271045e+00
24.3000 	6.160501e+01 	-1.727332e+01 	-1.146856e+00
24.4000 	5.017921e+01 	-1.849999e+01 	-1.011198e+00
24.5000 	3.806662e+01 	-1.955176e+01 	-8.654287e-01
24.6000 	2.537784e+01 	-2.041667e+01 	-7.110047e-01
24.7000 	1.223113e+01 	-2.108453e+01 	-5.494707e-01
24.8000 	-1.248750e+00 	-2.154703e+01 	-3.824420e-01
24.9000 	-1.493161e+01 	-2.179789e+01 	-2.115888e-01
