0.0000 	6.123724e-03 	1.227281e+00 	1.723391e+00
0.1000 	2.445903e-02 	1.234779e+00 	1.697496e+00
0.2000 	5.489753e-02 	1.246904e+00 	1.654627e+00
0.3000 	9.725609e-02 	1.263106e+00 	1.595212e+00
0.4000 	1.512732e-01 	1.282629e+00 	1.519844e+00
0.5000 	2.166038e-01 	1.304524e+00 	1.429278e+00
0.6000 	2.928136e-01 	1.327667e+00 	1.324420e+00
0.7000 	3.793720e-01 	1.350777e+00 	1.206317e+00
0.8000 	4.756444e-01 	1.372443e+00 	1.076151e+00
0.9000 	5.808848e-01 	1.391146e+00 	9.352230e-01
1.0000 	6.942278e-01 	1.405289e+00 	7.849432e-01
1.1000 	8.146814e-01 	1.413229e+00 	6.268139e-01
1.2000 	9.411205e-01 	1.413305e+00 	4.624165e-01
1.3000 	1.072281e+00 	1.403872e+00 	2.933949e-01
1.4000 	1.206758e+00 	1.383335e+00 	1.214394e-01
1.5000 	1.343001e+00 	1.350178e+00 	-5.173055e-02
1.6000 	1.479315e+00 	1.303002e+00 	-2.243832e-01
1.7000 	1.613867e+00 	1.240553e+00 	-3.947920e-01
1.8000 	1.744685e+00 	1.161750e+00 	-5.612528e-01
1.9000 	1.869673e+00 	1.065716e+00 	-7.221011e-01
2.0000 	1.986623e+00 	9.518052e-01 	-8.757285e-01
2.1000 	2.093224e+00 	8.196186e-01 	-1.020599e+00
2.2000 	2.187089e+00 	6.690298e-01 	-1.155263e+00
2.3000 	2.265773e+00 	5.001981e-01 	-1.278374e+00
2.4000 	2.326802e+00 	3.135807e-01 	-1.388702e+00
2.5000 	2.367698e+00 	1.099405e-01 	-1.485142e+00
2.6000 	2.386017e+00 	-1.096506e-01 	-1.566732e+00
2.7000 	2.379379e+00 	-3.438125e-01 	-1.632654e+00
2.8000 	2.345509e+00 	-5.908628e-01 	-1.682249e+00
2.9000 	2.282276e+00 	-8.488269e-01 	-1.715022e+00
3.0000 	2.187731e+00 	-1.115453e+00 	-1.730645e+00
3.1000 	2.060155e+00 	-1.388231e+00 	-1.728961e+00
3.2000 	1.898095e+00 	-1.664416e+00 	-1.709987e+00
3.3000 	1.700410e+00 	-1.941057e+00 	-1.673914e+00
3.4000 	1.466310e+00 	-2.215027e+00 	-1.621102e+00
3.5000 	1.195396e+00 	-2.483057e+00 	-1.552078e+00
3.6000 	8.876984e-01 	-2.741778e+00 	-1.467534e+00
3.7000 	5.437058e-01 	-2.987756e+00 	-1.368315e+00
3.8000 	1.643985e-01 	-3.217540e+00 	-1.255412e+00
3.9000 	-2.487281e-01 	-3.427702e+00 	-1.129955e+00
4.0000 	-6.936445e-01 	-3.614887e+00 	-9.931989e-01
4.1000 	-1.167773e+00 	-3.775855e+00 	-8.465105e-01
4.2000 	-1.667983e+00 	-3.907530e+00 	-6.913571e-01
4.3000 	-2.190588e+00 	-4.007043e+00 	-5.292901e-01
4.4000 	-2.731358e+00 	-4.071778e+00 	-3.619302e-01
4.5000 	-3.285532e+00 	-4.099415e+00 	-1.909510e-01
4.6000 	-3.847844e+00 	-4.087967e+00 	-1.806226e-02
4.7000 	-4.412558e+00 	-4.035820e+00 	1.550071e-01
4.8000 	-4.973505e+00 	-3.941765e+00 	3.265264e-01
4.9000 	-5.524134e+00 	-3.805027e+00 	4.947804e-01
5.0000 	-6.057572e+00 	-3.625291e+00 	6.580866e-01
5.1000 	-6.566687e+00 	-3.402721e+00 	8.148119e-01
5.2000 	-7.044163e+00 	-3.137976e+00 	9.633891e-01
5.3000 	-7.482577e+00 	-2.832217e+00 	1.102332e+00
5.4000 	-7.874487e+00 	-2.487113e+00 	1.230252e+00
5.5000 	-8.212523e+00 	-2.104835e+00 	1.345870e+00
5.6000 	-8.489483e+00 	-1.688050e+00 	1.448029e+00
5.7000 	-8.698428e+00 	-1.239904e+00 	1.535707e+00
5.8000 	-8.832788e+00 	-7.640024e-01 	1.608029e+00
5.9000 	-8.886460e+00 	-2.643801e-01 	1.664270e+00
6.0000 	-8.853911e+00 	2.545286e-01 	1.703868e+00
6.1000 	-8.730278e+00 	7.879308e-01 	1.726428e+00
6.2000 	-8.511463e+00 	1.330718e+00 	1.731723e+00
6.3000 	-8.194226e+00 	1.877515e+00 	1.719702e+00
6.4000 	-7.776272e+00 	2.422734e+00 	1.690483e+00
6.5000 	-7.256327e+00 	2.960631e+00 	1.644359e+00
6.6000 	-6.634213e+00 	3.485364e+00 	1.581792e+00
6.7000 	-5.910903e+00 	3.991062e+00 	1.503407e+00
6.8000 	-5.088574e+00 	4.471884e+00 	1.409988e+00
6.9000 	-4.170640e+00 	4.922087e+00 	1.302469e+00
7.0000 	-3.161779e+00 	5.336093e+00 	1.181925e+00
7.1000 	-2.067939e+00 	5.708558e+00 	1.049562e+00
7.2000 	-8.963337e-01 	6.034432e+00 	9.067033e-01
7.3000 	3.445789e-01 	6.309030e+00 	7.547777e-01
7.4000 	1.645136e+00 	6.528085e+00 	5.953043e-01
7.5000 	2.994523e+00 	6.687812e+00 	4.298778e-01
7.6000 	4.380842e+00 	6.784960e+00 	2.601525e-01
7.7000 	5.791203e+00 	6.816860e+00 	8.782575e-02
7.8000 	7.211820e+00 	6.781469e+00 	-8.537929e-02
7.9000 	8.628134e+00 	6.677410e+00 	-2.577305e-01
8.0000 	1.002494e+01 	6.503999e+00 	-4.275045e-01
8.1000 	1.138654e+01 	6.261274e+00 	-5.930034e-01
8.2000 	1.269688e+01 	5.950005e+00 	-7.525722e-01
8.3000 	1.393976e+01 	5.571711e+00 	-9.046154e-01
8.4000 	1.509895e+01 	5.128654e+00 	-1.047612e+00
8.5000 	1.615845e+01 	4.623834e+00 	-1.180133e+00
8.6000 	1.710259e+01 	4.060974e+00 	-1.300853e+00
8.7000 	1.791632e+01 	3.444496e+00 	-1.408564e+00
8.8000 	1.858533e+01 	2.779488e+00 	-1.502189e+00
8.9000 	1.909629e+01 	2.071662e+00 	-1.580793e+00
9.0000 	1.943699e+01 	1.327313e+00 	-1.643588e+00
9.1000 	1.959660e+01 	5.532537e-01 	-1.689948e+00
9.2000 	1.956578e+01 	-2.432372e-01 	-1.719408e+00
9.3000 	1.933687e+01 	-1.054490e+00 	-1.731674e+00
9.4000 	1.890404e+01 	-1.872514e+00 	-1.726623e+00
9.5000 	1.826345e+01 	-2.689080e+00 	-1.704307e+00
9.6000 	1.741333e+01 	-3.495798e+00 	-1.664947e+00
9.7000 	1.635412e+01 	-4.284207e+00 	-1.608937e+00
9.8000 	1.508853e+01 	-5.045864e+00 	-1.536838e+00
9.9000 	1.362159e+01 	-5.772430e+00 	-1.449371e+00
10.0000 	1.196072e+01 	-6.455766e+00 	-1.347410e+00
10.1000 	1.011567e+01 	-7.088018e+00 	-1.231975e+00
10.2000 	8.098596e+00 	-7.661710e+00 	-1.104221e+00
10.3000 	5.923914e+00 	-8.169827e+00 	-9.654238e-01
10.4000 	3.608296e+00 	-8.605899e+00 	-8.169726e-01
10.5000 	1.170535e+00 	-8.964083e+00 	-6.603517e-01
10.6000 	-1.368572e+00 	-9.239229e+00 	-4.971273e-01
10.7000 	-3.986385e+00 	-9.426955e+00 	-3.289316e-01
10.8000 	-6.658604e+00 	-9.523700e+00 	-1.574466e-01
10.9000 	-9.359474e+00 	-9.526782e+00 	1.561286e-02
11.0000 	-1.206202e+01 	-9.434441e+00 	1.885162e-01
11.1000 	-1.473828e+01 	-9.245870e+00 	3.595344e-01
11.2000 	-1.735963e+01 	-8.961245e+00 	5.269572e-01
11.3000 	-1.989699e+01 	-8.581738e+00 	6.891105e-01
11.4000 	-2.232119e+01 	-8.109522e+00 	8.443727e-01
11.5000 	-2.460328e+01 	-7.547768e+00 	9.911911e-01
11.6000 	-2.671482e+01 	-6.900623e+00 	1.128098e+00
11.7000 	-2.862821e+01 	-6.173192e+00 	1.253723e+00
11.8000 	-3.031706e+01 	-5.371492e+00 	1.366811e+00
11.9000 	-3.175644e+01 	-4.502408e+00 	1.466232e+00
12.0000 	-3.292329e+01 	-3.573638e+00 	1.550990e+00
12.1000 	-3.379664e+01 	-2.593622e+00 	1.620238e+00
12.2000 	-3.435796e+01 	-1.571467e+00 	1.673283e+00
12.3000 	-3.459142e+01 	-5.168652e-01 	1.709596e+00
12.4000 	-3.448412e+01 	5.600017e-01 	1.728813e+00
12.5000 	-3.402639e+01 	1.648557e+00 	1.730741e+00
12.6000 	-3.321191e+01 	2.737934e+00 	1.715363e+00
12.7000 	-3.203793e+01 	3.817085e+00 	1.682830e+00
12.8000 	-3.050540e+01 	4.874893e+00 	1.633470e+00
12.9000 	-2.861907e+01 	5.900288e+00 	1.567774e+00
13.0000 	-2.638754e+01 	6.882357e+00 	1.486401e+00
13.1000 	-2.382332e+01 	7.810466e+00 	1.390164e+00
13.2000 	-2.094276e+01 	8.674373e+00 	1.280025e+00
13.3000 	-1.776602e+01 	9.464336e+00 	1.157086e+00
13.4000 	-1.431698e+01 	1.017123e+01 	1.022577e+00
13.5000 	-1.062306e+01 	1.078663e+01 	8.778410e-01
13.6000 	-6.715047e+00 	1.130295e+01 	7.243269e-01
13.7000 	-2.626850e+00 	1.171348e+01 	5.635696e-01
13.8000 	1.604751e+00 	1.201251e+01 	3.971766e-01
13.9000 	5.940428e+00 	1.219539e+01 	2.268118e-01
14.0000 	1.033866e+01 	1.225858e+01 	5.417893e-02
14.1000 	1.475608e+01 	1.219973e+01 	-1.189958e-01
14.2000 	1.914795e+01 	1.201769e+01 	-2.909805e-01
14.3000 	2.346851e+01 	1.171256e+01 	-4.600554e-01
14.4000 	2.767151e+01 	1.128571e+01 	-6.245298e-01
14.5000 	3.171065e+01 	1.073975e+01 	-7.827588e-01
14.6000 	3.554008e+01 	1.007857e+01 	-9.331603e-01
14.7000 	3.911490e+01 	9.307277e+00 	-1.074230e+00
14.8000 	4.239165e+01 	8.432165e+00 	-1.204558e+00
14.9000 	4.532879e+01 	7.460686e+00 	-1.322840e+00
15.0000 	4.788726e+01 	6.401372e+00 	-1.427893e+00
15.1000 	5.003087e+01 	5.263764e+00 	-1.518668e+00
15.2000 	5.172680e+01 	4.058333e+00 	-1.594256e+00
15.3000 	5.294606e+01 	2.796375e+00 	-1.653901e+00
15.4000 	5.366381e+01 	1.489915e+00 	-1.697008e+00
15.5000 	5.385983e+01 	1.515859e-01 	-1.723144e+00
15.6000 	5.351876e+01 	-1.205491e+00 	-1.732049e+00
15.7000 	5.263045e+01 	-2.567833e+00 	-1.723633e+00
15.8000 	5.119016e+01 	-3.921733e+00 	-1.697982e+00
15.9000 	4.919875e+01 	-5.253396e+00 	-1.655350e+00
16.0000 	4.666282e+01 	-6.549079e+00 	-1.596165e+00
16.1000 	4.359477e+01 	-7.795232e+00 	-1.521018e+00
16.2000 	4.001282e+01 	-8.978643e+00 	-1.430661e+00
16.3000 	3.594095e+01 	-1.008657e+01 	-1.325997e+00
16.4000 	3.140881e+01 	-1.110690e+01 	-1.208073e+00
16.5000 	2.645151e+01 	-1.202824e+01 	-1.078069e+00
16.6000 	2.110942e+01 	-1.284007e+01 	-9.372838e-01
16.7000 	1.542783e+01 	-1.353288e+01 	-7.871259e-01
16.8000 	9.456631e+00 	-1.409823e+01 	-6.290967e-01
16.9000 	3.249885e+00 	-1.452889e+01 	-4.647766e-01
17.0000 	-3.134648e+00 	-1.481891e+01 	-2.958087e-01
17.1000 	-9.636025e+00 	-1.496369e+01 	-1.238827e-01
17.2000 	-1.619068e+01 	-1.496008e+01 	4.928208e-02
17.3000 	-2.273302e+01 	-1.480638e+01 	2.219541e-01
17.4000 	-2.919611e+01 	-1.450239e+01 	3.924065e-01
17.5000 	-3.551225e+01 	-1.404945e+01 	5.589349e-01
17.6000 	-4.161376e+01 	-1.345043e+01 	7.198739e-01
17.7000 	-4.743365e+01 	-1.270971e+01 	8.736142e-01
17.8000 	-5.290629e+01 	-1.183315e+01 	1.018618e+00
17.9000 	-5.796820e+01 	-1.082808e+01 	1.153436e+00
18.0000 	-6.255871e+01 	-9.703188e+00 	1.276720e+00
18.1000 	-6.662067e+01 	-8.468500e+00 	1.387236e+00
18.2000 	-7.010110e+01 	-7.135254e+00 	1.483880e+00
18.3000 	-7.295187e+01 	-5.715817e+00 	1.565686e+00
18.4000 	-7.513029e+01 	-4.223565e+00 	1.631834e+00
18.5000 	-7.659963e+01 	-2.672759e+00 	1.681664e+00
18.6000 	-7.732971e+01 	-1.078408e+00 	1.714677e+00
18.7000 	-7.729728e+01 	5.438728e-01 	1.730544e+00
18.8000 	-7.648643e+01 	2.178021e+00 	1.729105e+00
18.9000 	-7.488894e+01 	3.807679e+00 	1.710375e+00
19.0000 	-7.250448e+01 	5.416365e+00 	1.674542e+00
19.1000 	-6.934082e+01 	6.987633e+00 	1.621963e+00
19.2000 	-6.541387e+01 	8.505243e+00 	1.553164e+00
19.3000 	-6.074773e+01 	9.953333e+00 	1.468834e+00
19.4000 	-5.537458e+01 	1.131658e+01 	1.369815e+00
19.5000 	-4.933451e+01 	1.258036e+01 	1.257098e+00
19.6000 	-4.267530e+01 	1.373090e+01 	1.131811e+00
19.7000 	-3.545203e+01 	1.475545e+01 	9.952047e-01
19.8000 	-2.772668e+01 	1.564241e+01 	8.486467e-01
19.9000 	-1.956764e+01 	1.638142e+01 	6.936023e-01
20.0000 	-1.104911e+01 	1.696356e+01 	5.316219e-01
20.1000 	-2.250451e+00 	1.738137e+01 	3.643253e-01
20.2000 	6.744524e+00 	1.762902e+01 	1.933854e-01
20.3000 	1.584834e+01 	1.770231e+01 	2.051163e-02
20.4000 	2.497070e+01 	1.759878e+01 	-1.525672e-01
20.5000 	3.401934e+01 	1.731774e+01 	-3.241204e-01
20.6000 	4.290097e+01 	1.686028e+01 	-4.924324e-01
20.7000 	5.152219e+01 	1.622929e+01 	-6.558201e-01
20.8000 	5.979047e+01 	1.542945e+01 	-8.126496e-01
20.9000 	6.761515e+01 	1.446719e+01 	-9.613525e-01
21.0000 	7.490835e+01 	1.335065e+01 	-1.100442e+00
21.1000 	8.158597e+01 	1.208959e+01 	-1.228527e+00
21.2000 	8.756863e+01 	1.069535e+01 	-1.344327e+00
21.3000 	9.278255e+01 	9.180718e+00 	-1.446683e+00
21.4000 	9.716046e+01 	7.559810e+00 	-1.534573e+00
21.5000 	1.006424e+02 	5.847959e+00 	-1.607117e+00
21.6000 	1.031763e+02 	4.061556e+00 	-1.663590e+00
21.7000 	1.047191e+02 	2.217902e+00 	-1.703426e+00
21.8000 	1.052369e+02 	3.350350e-01 	-1.726229e+00
21.9000 	1.047057e+02 	-1.568445e+00 	-1.731769e+00
22.0000 	1.031117e+02 	-3.473558e+00 	-1.719992e+00
22.1000 	1.004519e+02 	-5.361135e+00 	-1.691015e+00
22.2000 	9.673397e+01 	-7.212012e+00 	-1.645127e+00
22.3000 	9.197656e+01 	-9.007219e+00 	-1.582788e+00
22.4000 	8.620932e+01 	-1.072818e+01 	-1.504622e+00
22.5000 	7.947270e+01 	-1.235691e+01 	-1.411409e+00
22.6000 	7.181778e+01 	-1.387618e+01 	-1.304082e+00
22.7000 	6.330592e+01 	-1.526973e+01 	-1.183714e+00
22.8000 	5.400831e+01 	-1.652242e+01 	-1.051509e+00
22.9000 	4.400539e+01 	-1.762041e+01 	-9.087895e-01
23.0000 	3.338621e+01 	-1.855127e+01 	-7.569816e-01
23.1000 	2.224766e+01 	-1.930420e+01 	-5.976040e-01
23.2000 	1.069359e+01 	-1.987005e+01 	-4.322502e-01
23.3000 	-1.166118e+00 	-2.024153e+01 	-2.625740e-01
23.4000 	-1.321658e+01 	-2.041322e+01 	-9.027203e-02
23.5000 	-2.533901e+01 	-2.038168e+01 	8.293266e-02
23.6000 	-3.741186e+01 	-2.014550e+01 	2.553080e-01
23.7000 	-4.931205e+01 	-1.970530e+01 	4.251303e-01
23.8000 	-6.091618e+01 	-1.906380e+01 	5.907013e-01
23.9000 	-7.210178e+01 	-1.822576e+01 	7.503653e-01
24.0000 	-8.274862e+01 	-1.719795e+01 	9.025256e-01
24.1000 	-9.273995e+01 	-1.598915e+01 	1.045661e+00
24.2000 	-1.019638e+02 	-1.460999e+01 	1.178339e+00
24.3000 	-1.103141e+02 	-1.307295e+01 	1.299234e+00
24.4000 	-1.176919e+02 	-1.139218e+01 	1.407137e+00
24.5000 	-1.240068e+02 	-9.583428e+00 	1.500968e+00
24.6000 	-1.291775e+02 	-7.663828e+00 	1.579790e+00
24.7000 	-1.331330e+02 	-5.651792e+00 	1.642814e+00
24.8000 	-1.358137e+02 	-3.566810e+00 	1.689409e+00
24.9000 	-1.371719e+02 	-1.429266e+00 	1.719111e+00
