-0.0060958862304688 
-0.0060958862304688 
-0.0060882568359375 
-0.0060958862304688 
-0.0060958862304688 
-0.0061035156250000 
-0.0061035156250000 
-0.0060958862304688 
-0.0060882568359375 
-0.0060958862304688 
-0.0060958862304688 
-0.0060958862304688 
-0.0061035156250000 
-0.0060958862304688 
-0.0060958862304688 
-0.0060958862304688 
-0.0060882568359375 
-0.0060806274414062 
-0.0060806274414062 
-0.0060806274414062 
-0.0060882568359375 
-0.0060958862304688 
-0.0060882568359375 
-0.0060806274414062 
-0.0060882568359375 
-0.0060806274414062 
-0.0060729980468750 
-0.0060729980468750 
-0.0060806274414062 
-0.0060882568359375 
-0.0060806274414062 
-0.0060806274414062 
-0.0060806274414062 
-0.0060729980468750 
-0.0060806274414062 
-0.0060882568359375 
-0.0060958862304688 
-0.0061035156250000 
-0.0061035156250000 
-0.0060958862304688 
-0.0060958862304688 
-0.0061035156250000 
-0.0061035156250000 
-0.0061035156250000 
-0.0061111450195312 
-0.0061187744140625 
-0.0061264038085938 
-0.0061187744140625 
-0.0061111450195312 
-0.0061187744140625 
-0.0061111450195312 
-0.0061111450195312 
-0.0061111450195312 
-0.0061035156250000 
-0.0060958862304688 
-0.0061035156250000 
-0.0061035156250000 
-0.0061035156250000 
-0.0061111450195312 
-0.0061187744140625 
-0.0061187744140625 
-0.0061187744140625 
-0.0061111450195312 
-0.0061187744140625 
-0.0061111450195312 
-0.0061035156250000 
-0.0061111450195312 
-0.0061187744140625 
-0.0061187744140625 
-0.0061187744140625 
-0.0061111450195312 
-0.0061035156250000 
-0.0061111450195312 
-0.0061111450195312 
-0.0061035156250000 
-0.0061111450195312 
-0.0061111450195312 
-0.0061187744140625 
-0.0061111450195312 
-0.0061035156250000 
-0.0061035156250000 
-0.0061035156250000 
-0.0060958862304688 
-0.0060958862304688 
-0.0060958862304688 
-0.0061035156250000 
-0.0061035156250000 
-0.0060958862304688 
-0.0060958862304688 
-0.0060882568359375 
-0.0060958862304688 
-0.0061035156250000 
-0.0061111450195312 
-0.0061187744140625 
-0.0061187744140625 
-0.0061111450195312 
-0.0061111450195312 
-0.0061187744140625 
-0.0061111450195312 
-0.0061111450195312 
-0.0061035156250000 
-0.0061035156250000 
-0.0061111450195312 
-0.0061035156250000 
-0.0061035156250000 
-0.0061111450195312 
-0.0061111450195312 
-0.0061035156250000 
-0.0061035156250000 
-0.0061035156250000 
-0.0060958862304688 
-0.0060958862304688 
-0.0061035156250000 
-0.0061111450195312 
-0.0061187744140625 
-0.0061111450195312 
-0.0061111450195312 
-0.0061187744140625 
-0.0061111450195312 
-0.0061035156250000 
-0.0060958862304688 
-0.0060958862304688 
-0.0060958862304688 
-0.0061035156250000 
-0.0061111450195312 
-0.0061187744140625 
-0.0061264038085938 
-0.0061187744140625 
-0.0061187744140625 
-0.0061187744140625 
-0.0061264038085938 
-0.0061264038085938 
-0.0061340332031250 
-0.0061264038085938 
-0.0061340332031250 
-0.0061340332031250 
-0.0061416625976562 
-0.0061492919921875 
-0.0061569213867188 
-0.0061645507812500 
-0.0061645507812500 
-0.0061645507812500 
-0.0061645507812500 
-0.0061645507812500 
-0.0061645507812500 
-0.0061569213867188 
-0.0061645507812500 
-0.0061569213867188 
-0.0061492919921875 
-0.0061569213867188 
-0.0061569213867188 
-0.0061645507812500 
-0.0061569213867188 
-0.0061645507812500 
-0.0061645507812500 
-0.0061645507812500 
-0.0061645507812500 
-0.0061721801757812 
-0.0061721801757812 
-0.0061798095703125 
-0.0061874389648438 
-0.0061950683593750 
-0.0061874389648438 
-0.0061798095703125 
-0.0061874389648438 
-0.0061798095703125 
-0.0061721801757812 
-0.0061721801757812 
-0.0061798095703125 
-0.0061721801757812 
-0.0061798095703125 
-0.0061798095703125 
-0.0061874389648438 
-0.0061874389648438 
-0.0061874389648438 
-0.0061950683593750 
-0.0061874389648438 
-0.0061798095703125 
-0.0061721801757812 
-0.0061645507812500 
-0.0061645507812500 
-0.0061721801757812 
-0.0061798095703125 
-0.0061874389648438 
-0.0061798095703125 
-0.0061721801757812 
-0.0061645507812500 
-0.0061569213867188 
-0.0061569213867188 
-0.0061569213867188 
-0.0061569213867188 
-0.0061569213867188 
-0.0061645507812500 
-0.0061645507812500 
-0.0061569213867188 
-0.0061569213867188 
-0.0061569213867188 
-0.0061569213867188 
-0.0061492919921875 
-0.0061416625976562 
-0.0061340332031250 
-0.0061340332031250 
-0.0061416625976562 
-0.0061416625976562 
-0.0061492919921875 
-0.0061416625976562 
-0.0061340332031250 
-0.0061416625976562 
-0.0061340332031250 
-0.0061416625976562 
-0.0061492919921875 
-0.0061569213867188 
-0.0061492919921875 
-0.0061492919921875 
-0.0061416625976562 
-0.0061492919921875 
-0.0061416625976562 
-0.0061340332031250 
-0.0061416625976562 
-0.0061416625976562 
-0.0061416625976562 
-0.0061416625976562 
-0.0061416625976562 
-0.0061492919921875 
-0.0061416625976562 
-0.0061340332031250 
-0.0061264038085938 
-0.0061264038085938 
-0.0061264038085938 
-0.0061264038085938 
-0.0061187744140625 
-0.0061264038085938 
-0.0061340332031250 
-0.0061264038085938 
-0.0061340332031250 
-0.0061416625976562 
-0.0061492919921875 
-0.0061416625976562 
-0.0061340332031250 
-0.0061264038085938 
-0.0061264038085938 
-0.0061340332031250 
-0.0061340332031250 
-0.0061416625976562 
-0.0061416625976562 
-0.0061340332031250 
-0.0061416625976562 
-0.0061340332031250 
-0.0061264038085938 
-0.0061264038085938 
-0.0061187744140625 
-0.0061264038085938 
-0.0061187744140625 
-0.0061187744140625 
-0.0061111450195312 
-0.0061035156250000 
-0.0060958862304688 
-0.0060882568359375 
-0.0060958862304688 
-0.0061035156250000 
-0.0061111450195312 
-0.0061111450195312 
-0.0061035156250000 
-0.0061111450195312 
-0.0061187744140625 
-0.0061264038085938 
-0.0061340332031250 
-0.0061340332031250 
-0.0061264038085938 
-0.0061187744140625 
-0.0061187744140625 
-0.0061264038085938 
-0.0061187744140625 
-0.0061111450195312 
-0.0061035156250000 
-0.0060958862304688 
-0.0060958862304688 
-0.0061035156250000 
-0.0060958862304688 
-0.0060958862304688 
-0.0060958862304688 
-0.0061035156250000 
-0.0061111450195312 
-0.0061035156250000 
-0.0061111450195312 
-0.0061111450195312 
-0.0061187744140625 
-0.0061187744140625 
-0.0061187744140625 
-0.0061111450195312 
-0.0061187744140625 
-0.0061264038085938 
-0.0061340332031250 
-0.0061416625976562 
-0.0061492919921875 
-0.0061492919921875 
-0.0061569213867188 
-0.0061645507812500 
-0.0061645507812500 
-0.0061721801757812 
-0.0061798095703125 
-0.0061721801757812 
-0.0061798095703125 
-0.0061798095703125 
-0.0061798095703125 
-0.0061798095703125 
-0.0061874389648438 
-0.0061950683593750 
-0.0061874389648438 
-0.0061874389648438 
-0.0061874389648438 
-0.0061950683593750 
-0.0061874389648438 
-0.0061950683593750 
-0.0061874389648438 
-0.0061950683593750 
-0.0061874389648438 
-0.0061798095703125 
-0.0061798095703125 
-0.0061721801757812 
-0.0061798095703125 
-0.0061798095703125 
-0.0061721801757812 
-0.0061721801757812 
-0.0061645507812500 
-0.0061721801757812 
-0.0061645507812500 
-0.0061645507812500 
-0.0061569213867188 
-0.0061569213867188 
-0.0061569213867188 
-0.0061645507812500 
-0.0061721801757812 
-0.0061721801757812 
-0.0061798095703125 
-0.0061874389648438 
-0.0061874389648438 
-0.0061950683593750 
-0.0062026977539062 
-0.0062026977539062 
-0.0061950683593750 
-0.0062026977539062 
-0.0061950683593750 
-0.0061950683593750 
-0.0061950683593750 
-0.0061950683593750 
-0.0062026977539062 
-0.0062103271484375 
-0.0062103271484375 
-0.0062179565429688 
-0.0062255859375000 
-0.0062255859375000 
-0.0062332153320312 
-0.0062408447265625 
-0.0062408447265625 
-0.0062332153320312 
-0.0062255859375000 
-0.0062255859375000 
-0.0062179565429688 
-0.0062255859375000 
-0.0062179565429688 
-0.0062255859375000 
-0.0062255859375000 
-0.0062179565429688 
-0.0062179565429688 
-0.0062103271484375 
-0.0062103271484375 
-0.0062103271484375 
-0.0062179565429688 
-0.0062255859375000 
-0.0062179565429688 
-0.0062103271484375 
-0.0062026977539062 
-0.0061950683593750 
-0.0061950683593750 
-0.0061950683593750 
-0.0062026977539062 
-0.0061950683593750 
-0.0061874389648438 
-0.0061874389648438 
-0.0061950683593750 
-0.0062026977539062 
-0.0062026977539062 
-0.0062103271484375 
-0.0062179565429688 
-0.0062103271484375 
-0.0062026977539062 
-0.0061950683593750 
-0.0062026977539062 
-0.0062103271484375 
-0.0062179565429688 
-0.0062255859375000 
-0.0062179565429688 
-0.0062103271484375 
-0.0062179565429688 
-0.0062179565429688 
-0.0062255859375000 
-0.0062255859375000 
-0.0062332153320312 
-0.0062255859375000 
-0.0062255859375000 
-0.0062255859375000 
-0.0062255859375000 
-0.0062255859375000 
-0.0062255859375000 
-0.0062255859375000 
-0.0062332153320312 
-0.0062408447265625 
-0.0062484741210938 
-0.0062408447265625 
-0.0062332153320312 
-0.0062255859375000 
-0.0062255859375000 
-0.0062255859375000 
-0.0062332153320312 
-0.0062255859375000 
-0.0062255859375000 
-0.0062255859375000 
-0.0062332153320312 
-0.0062408447265625 
-0.0062408447265625 
-0.0062332153320312 
-0.0062332153320312 
-0.0062408447265625 
-0.0062332153320312 
-0.0062332153320312 
-0.0062332153320312 
-0.0062255859375000 
-0.0062255859375000 
-0.0062179565429688 
-0.0062179565429688 
-0.0062255859375000 
-0.0062332153320312 
-0.0062408447265625 
-0.0062484741210938 
-0.0062561035156250 
-0.0062561035156250 
-0.0062637329101562 
-0.0062561035156250 
-0.0062484741210938 
-0.0062484741210938 
-0.0062408447265625 
-0.0062332153320312 
-0.0062332153320312 
-0.0062255859375000 
-0.0062179565429688 
-0.0062103271484375 
-0.0062179565429688 
-0.0062179565429688 
-0.0062179565429688 
-0.0062255859375000 
-0.0062255859375000 
-0.0062255859375000 
-0.0062255859375000 
-0.0062179565429688 
-0.0062179565429688 
-0.0062255859375000 
-0.0062255859375000 
-0.0062179565429688 
-0.0062179565429688 
-0.0062255859375000 
-0.0062255859375000 
-0.0062255859375000 
-0.0062255859375000 
-0.0062255859375000 
-0.0062332153320312 
-0.0062332153320312 
-0.0062332153320312 
-0.0062255859375000 
-0.0062179565429688 
-0.0062179565429688 
-0.0062255859375000 
-0.0062332153320312 
-0.0062255859375000 
-0.0062255859375000 
-0.0062179565429688 
-0.0062179565429688 
-0.0062255859375000 
-0.0062255859375000 
-0.0062179565429688 
-0.0062103271484375 
-0.0062103271484375 
-0.0062179565429688 
-0.0062255859375000 
-0.0062179565429688 
-0.0062255859375000 
-0.0062332153320312 
-0.0062255859375000 
-0.0062179565429688 
-0.0062255859375000 
-0.0062332153320312 
-0.0062332153320312 
-0.0062408447265625 
-0.0062408447265625 
-0.0062484741210938 
-0.0062561035156250 
-0.0062561035156250 
-0.0062637329101562 
-0.0062561035156250 
-0.0062637329101562 
-0.0062713623046875 
-0.0062637329101562 
-0.0062561035156250 
-0.0062637329101562 
-0.0062637329101562 
-0.0062637329101562 
-0.0062713623046875 
-0.0062637329101562 
-0.0062637329101562 
-0.0062637329101562 
-0.0062561035156250 
-0.0062637329101562 
-0.0062713623046875 
-0.0062713623046875 
-0.0062713623046875 
-0.0062713623046875 
-0.0062637329101562 
-0.0062561035156250 
-0.0062561035156250 
-0.0062637329101562 
-0.0062561035156250 
-0.0062561035156250 
-0.0062484741210938 
-0.0062484741210938 
-0.0062484741210938 
-0.0062561035156250 
-0.0062484741210938 
-0.0062408447265625 
-0.0062408447265625 
-0.0062332153320312 
-0.0062255859375000 
-0.0062179565429688 
-0.0062179565429688 
-0.0062103271484375 
-0.0062103271484375 
-0.0062026977539062 
-0.0062026977539062 
-0.0062026977539062 
-0.0062103271484375 
-0.0062026977539062 
-0.0061950683593750 
-0.0061874389648438 
-0.0061798095703125 
-0.0061798095703125 
-0.0061721801757812 
-0.0061645507812500 
-0.0061569213867188 
-0.0061645507812500 
-0.0061721801757812 
-0.0061798095703125 
-0.0061721801757812 
-0.0061721801757812 
-0.0061798095703125 
-0.0061721801757812 
-0.0061721801757812 
-0.0061721801757812 
-0.0061721801757812 
-0.0061645507812500 
-0.0061645507812500 
-0.0061721801757812 
-0.0061645507812500 
-0.0061569213867188 
-0.0061492919921875 
-0.0061569213867188 
-0.0061569213867188 
-0.0061569213867188 
-0.0061569213867188 
-0.0061645507812500 
-0.0061721801757812 
-0.0061645507812500 
-0.0061645507812500 
-0.0061645507812500 
-0.0061721801757812 
-0.0061721801757812 
-0.0061721801757812 
-0.0061721801757812 
-0.0061645507812500 
-0.0061569213867188 
-0.0061492919921875 
-0.0061492919921875 
-0.0061416625976562 
-0.0061416625976562 
-0.0061416625976562 
-0.0061340332031250 
-0.0061264038085938 
-0.0061187744140625 
-0.0061111450195312 
-0.0061187744140625 
-0.0061187744140625 
-0.0061187744140625 
-0.0061187744140625 
-0.0061264038085938 
-0.0061264038085938 
-0.0061340332031250 
-0.0061264038085938 
-0.0061187744140625 
-0.0061187744140625 
-0.0061187744140625 
-0.0061111450195312 
-0.0061035156250000 
-0.0061035156250000 
-0.0061035156250000 
-0.0061035156250000 
-0.0061035156250000 
-0.0060958862304688 
-0.0060958862304688 
-0.0060958862304688 
-0.0060958862304688 
-0.0060958862304688 
-0.0060958862304688 
-0.0060882568359375 
-0.0060806274414062 
-0.0060729980468750 
-0.0060729980468750 
-0.0060653686523438 
-0.0060653686523438 
-0.0060577392578125 
-0.0060501098632812 
-0.0060424804687500 
-0.0060501098632812 
-0.0060424804687500 
-0.0060424804687500 
-0.0060424804687500 
-0.0060424804687500 
-0.0060501098632812 
-0.0060501098632812 
-0.0060501098632812 
-0.0060501098632812 
-0.0060577392578125 
-0.0060501098632812 
-0.0060424804687500 
-0.0060348510742188 
-0.0060348510742188 
-0.0060348510742188 
-0.0060424804687500 
-0.0060348510742188 
-0.0060424804687500 
-0.0060501098632812 
-0.0060501098632812 
-0.0060424804687500 
-0.0060424804687500 
-0.0060424804687500 
-0.0060501098632812 
-0.0060577392578125 
-0.0060577392578125 
-0.0060653686523438 
-0.0060577392578125 
-0.0060577392578125 
-0.0060577392578125 
-0.0060577392578125 
-0.0060653686523438 
-0.0060577392578125 
-0.0060501098632812 
-0.0060424804687500 
-0.0060501098632812 
-0.0060577392578125 
-0.0060653686523438 
-0.0060653686523438 
-0.0060653686523438 
-0.0060729980468750 
-0.0060729980468750 
-0.0060729980468750 
-0.0060729980468750 
-0.0060729980468750 
-0.0060806274414062 
-0.0060806274414062 
-0.0060729980468750 
-0.0060653686523438 
-0.0060729980468750 
-0.0060806274414062 
-0.0060806274414062 
-0.0060729980468750 
-0.0060806274414062 
-0.0060882568359375 
-0.0060806274414062 
-0.0060806274414062 
-0.0060882568359375 
-0.0060958862304688 
-0.0060882568359375 
-0.0060806274414062 
-0.0060882568359375 
-0.0060882568359375 
-0.0060958862304688 
-0.0061035156250000 
-0.0060958862304688 
-0.0060958862304688 
-0.0060958862304688 
-0.0060882568359375 
-0.0060882568359375 
-0.0060806274414062 
-0.0060882568359375 
-0.0060806274414062 
-0.0060729980468750 
-0.0060729980468750 
-0.0060806274414062 
-0.0060882568359375 
-0.0060806274414062 
-0.0060729980468750 
-0.0060806274414062 
-0.0060806274414062 
-0.0060729980468750 
-0.0060653686523438 
-0.0060653686523438 
-0.0060653686523438 
-0.0060729980468750 
-0.0060653686523438 
-0.0060577392578125 
-0.0060501098632812 
-0.0060577392578125 
-0.0060577392578125 
-0.0060577392578125 
-0.0060577392578125 
-0.0060653686523438 
-0.0060653686523438 
-0.0060653686523438 
-0.0060653686523438 
-0.0060577392578125 
-0.0060653686523438 
-0.0060577392578125 
-0.0060577392578125 
-0.0060653686523438 
-0.0060653686523438 
-0.0060653686523438 
-0.0060577392578125 
-0.0060577392578125 
-0.0060653686523438 
-0.0060729980468750 
-0.0060729980468750 
-0.0060653686523438 
-0.0060729980468750 
-0.0060653686523438 
-0.0060577392578125 
-0.0060577392578125 
-0.0060653686523438 
-0.0060653686523438 
-0.0060577392578125 
-0.0060653686523438 
-0.0060653686523438 
-0.0060653686523438 
-0.0060729980468750 
-0.0060806274414062 
-0.0060729980468750 
-0.0060653686523438 
-0.0060577392578125 
-0.0060577392578125 
-0.0060577392578125 
-0.0060501098632812 
-0.0060577392578125 
-0.0060577392578125 
-0.0060577392578125 
-0.0060577392578125 
-0.0060653686523438 
-0.0060729980468750 
-0.0060653686523438 
-0.0060653686523438 
-0.0060653686523438 
-0.0060577392578125 
-0.0060653686523438 
-0.0060577392578125 
-0.0060501098632812 
-0.0060577392578125 
-0.0060577392578125 
-0.0060577392578125 
-0.0060653686523438 
-0.0060729980468750 
-0.0060806274414062 
-0.0060806274414062 
-0.0060806274414062 
-0.0060806274414062 
-0.0060729980468750 
-0.0060729980468750 
-0.0060806274414062 
-0.0060729980468750 
-0.0060806274414062 
-0.0060729980468750 
-0.0060729980468750 
-0.0060653686523438 
-0.0060653686523438 
-0.0060577392578125 
-0.0060501098632812 
-0.0060501098632812 
-0.0060577392578125 
-0.0060577392578125 
-0.0060501098632812 
-0.0060577392578125 
-0.0060653686523438 
-0.0060729980468750 
-0.0060653686523438 
-0.0060729980468750 
-0.0060729980468750 
-0.0060729980468750 
-0.0060653686523438 
-0.0060729980468750 
-0.0060729980468750 
-0.0060729980468750 
-0.0060806274414062 
-0.0060729980468750 
-0.0060806274414062 
-0.0060882568359375 
-0.0060806274414062 
-0.0060729980468750 
-0.0060729980468750 
-0.0060653686523438 
-0.0060729980468750 
-0.0060806274414062 
-0.0060806274414062 
-0.0060806274414062 
-0.0060806274414062 
-0.0060882568359375 
-0.0060882568359375 
-0.0060806274414062 
-0.0060806274414062 
-0.0060806274414062 
-0.0060882568359375 
-0.0060882568359375 
-0.0060806274414062 
-0.0060882568359375 
-0.0060958862304688 
-0.0060958862304688 
-0.0061035156250000 
-0.0060958862304688 
-0.0060882568359375 
-0.0060958862304688 
-0.0061035156250000 
-0.0061111450195312 
-0.0061111450195312 
-0.0061187744140625 
-0.0061187744140625 
-0.0061111450195312 
-0.0061035156250000 
-0.0060958862304688 
-0.0061035156250000 
-0.0061035156250000 
-0.0061035156250000 
-0.0061035156250000 
-0.0060958862304688 
-0.0060882568359375 
-0.0060882568359375 
-0.0060882568359375 
-0.0060806274414062 
-0.0060882568359375 
-0.0060882568359375 
-0.0060958862304688 
-0.0060882568359375 
-0.0060882568359375 
-0.0060882568359375 
-0.0060882568359375 
-0.0060806274414062 
-0.0060882568359375 
-0.0060882568359375 
-0.0060806274414062 
-0.0060729980468750 
-0.0060653686523438 
-0.0060653686523438 
-0.0060653686523438 
-0.0060653686523438 
-0.0060577392578125 
-0.0060653686523438 
-0.0060577392578125 
-0.0060653686523438 
-0.0060577392578125 
-0.0060653686523438 
-0.0060729980468750 
-0.0060653686523438 
-0.0060729980468750 
-0.0060806274414062 
-0.0060806274414062 
-0.0060806274414062 
-0.0060806274414062 
-0.0060806274414062 
-0.0060729980468750 
-0.0060653686523438 
-0.0060653686523438 
-0.0060729980468750 
-0.0060729980468750 
-0.0060729980468750 
-0.0060653686523438 
-0.0060653686523438 
-0.0060577392578125 
-0.0060653686523438 
-0.0060729980468750 
-0.0060806274414062 
-0.0060882568359375 
-0.0060806274414062 
-0.0060806274414062 
-0.0060729980468750 
-0.0060806274414062 
-0.0060806274414062 
-0.0060882568359375 
-0.0060806274414062 
-0.0060806274414062 
-0.0060882568359375 
-0.0060958862304688 
-0.0060958862304688 
-0.0060882568359375 
-0.0060806274414062 
-0.0060729980468750 
-0.0060806274414062 
-0.0060806274414062 
-0.0060882568359375 
-0.0060958862304688 
-0.0060882568359375 
-0.0060882568359375 
-0.0060882568359375 
-0.0060882568359375 
-0.0060806274414062 
-0.0060806274414062 
-0.0060806274414062 
-0.0060806274414062 
-0.0060806274414062 
-0.0060882568359375 
-0.0060806274414062 
-0.0060729980468750 
-0.0060653686523438 
-0.0060653686523438 
-0.0060577392578125 
-0.0060653686523438 
-0.0060577392578125 
-0.0060501098632812 
-0.0060501098632812 
-0.0060501098632812 
-0.0060501098632812 
-0.0060501098632812 
-0.0060501098632812 
-0.0060501098632812 
-0.0060501098632812 
-0.0060501098632812 
-0.0060577392578125 
-0.0060653686523438 
-0.0060653686523438 
-0.0060729980468750 
-0.0060653686523438 
-0.0060653686523438 
-0.0060577392578125 
-0.0060501098632812 
-0.0060424804687500 
-0.0060424804687500 
-0.0060424804687500 
-0.0060501098632812 
-0.0060501098632812 
-0.0060501098632812 
-0.0060424804687500 
-0.0060348510742188 
-0.0060272216796875 
-0.0060348510742188 
-0.0060348510742188 
-0.0060424804687500 
-0.0060348510742188 
-0.0060348510742188 
-0.0060348510742188 
-0.0060272216796875 
-0.0060348510742188 
-0.0060272216796875 
-0.0060348510742188 
-0.0060272216796875 
-0.0060348510742188 
-0.0060272216796875 
-0.0060272216796875 
-0.0060348510742188 
-0.0060424804687500 
-0.0060424804687500 
-0.0060348510742188 
-0.0060272216796875 
-0.0060348510742188 
-0.0060348510742188 
-0.0060272216796875 
-0.0060272216796875 
-0.0060195922851562 
-0.0060272216796875 
-0.0060348510742188 
-0.0060348510742188 
-0.0060272216796875 
-0.0060272216796875 
-0.0060272216796875 
-0.0060272216796875 
-0.0060348510742188 
-0.0060272216796875 
-0.0060348510742188 
-0.0060272216796875 
-0.0060348510742188 
-0.0060424804687500 
-0.0060501098632812 
-0.0060501098632812 
-0.0060501098632812 
-0.0060577392578125 
-0.0060577392578125 
-0.0060577392578125 
-0.0060653686523438 
-0.0060653686523438 
-0.0060577392578125 
-0.0060653686523438 
-0.0060577392578125 
-0.0060577392578125 
-0.0060653686523438 
-0.0060729980468750 
-0.0060729980468750 
-0.0060806274414062 
-0.0060806274414062 
-0.0060806274414062 
-0.0060806274414062 
