0.0023956298828125 
0.0023880004882812 
0.0023803710937500 
0.0023803710937500 
0.0023803710937500 
0.0023803710937500 
0.0023727416992188 
0.0023651123046875 
0.0023574829101562 
0.0023574829101562 
0.0023498535156250 
0.0023498535156250 
0.0023422241210938 
0.0023345947265625 
0.0023422241210938 
0.0023422241210938 
0.0023498535156250 
0.0023422241210938 
0.0023498535156250 
0.0023498535156250 
0.0023574829101562 
0.0023498535156250 
0.0023574829101562 
0.0023574829101562 
0.0023574829101562 
0.0023498535156250 
0.0023574829101562 
0.0023651123046875 
0.0023727416992188 
0.0023651123046875 
0.0023651123046875 
0.0023727416992188 
0.0023651123046875 
0.0023727416992188 
0.0023651123046875 
0.0023574829101562 
0.0023651123046875 
0.0023727416992188 
0.0023651123046875 
0.0023574829101562 
0.0023498535156250 
0.0023498535156250 
0.0023574829101562 
0.0023651123046875 
0.0023651123046875 
0.0023727416992188 
0.0023727416992188 
0.0023803710937500 
0.0023880004882812 
0.0023956298828125 
0.0023880004882812 
0.0023880004882812 
0.0023956298828125 
0.0023956298828125 
0.0023956298828125 
0.0023956298828125 
0.0023956298828125 
0.0023956298828125 
0.0023956298828125 
0.0023880004882812 
0.0023803710937500 
0.0023727416992188 
0.0023727416992188 
0.0023651123046875 
0.0023574829101562 
0.0023651123046875 
0.0023651123046875 
0.0023651123046875 
0.0023727416992188 
0.0023727416992188 
0.0023651123046875 
0.0023727416992188 
0.0023727416992188 
0.0023803710937500 
0.0023880004882812 
0.0023880004882812 
0.0023803710937500 
0.0023727416992188 
0.0023803710937500 
0.0023880004882812 
0.0023956298828125 
0.0023956298828125 
0.0023880004882812 
0.0023956298828125 
0.0023956298828125 
0.0024032592773438 
0.0023956298828125 
0.0024032592773438 
0.0024108886718750 
0.0024032592773438 
0.0024108886718750 
0.0024032592773438 
0.0024032592773438 
0.0024032592773438 
0.0023956298828125 
0.0024032592773438 
0.0024032592773438 
0.0024032592773438 
0.0023956298828125 
0.0023880004882812 
0.0023956298828125 
0.0024032592773438 
0.0024108886718750 
0.0024108886718750 
0.0024032592773438 
0.0023956298828125 
0.0023880004882812 
0.0023803710937500 
0.0023803710937500 
0.0023727416992188 
0.0023727416992188 
0.0023803710937500 
0.0023803710937500 
0.0023880004882812 
0.0023880004882812 
0.0023803710937500 
0.0023880004882812 
0.0023956298828125 
0.0024032592773438 
0.0024108886718750 
0.0024185180664062 
0.0024108886718750 
0.0024032592773438 
0.0023956298828125 
0.0023956298828125 
0.0024032592773438 
0.0023956298828125 
0.0023956298828125 
0.0023880004882812 
0.0023880004882812 
0.0023803710937500 
0.0023727416992188 
0.0023803710937500 
0.0023803710937500 
0.0023727416992188 
0.0023651123046875 
0.0023727416992188 
0.0023803710937500 
0.0023803710937500 
0.0023803710937500 
0.0023880004882812 
0.0023956298828125 
0.0024032592773438 
0.0024108886718750 
0.0024108886718750 
0.0024032592773438 
0.0024108886718750 
0.0024032592773438 
0.0024108886718750 
0.0024185180664062 
0.0024108886718750 
0.0024108886718750 
0.0024185180664062 
0.0024108886718750 
0.0024185180664062 
0.0024108886718750 
0.0024185180664062 
0.0024108886718750 
0.0024032592773438 
0.0024032592773438 
0.0024108886718750 
0.0024185180664062 
0.0024108886718750 
0.0024032592773438 
0.0023956298828125 
0.0023880004882812 
0.0023880004882812 
0.0023803710937500 
0.0023880004882812 
0.0023803710937500 
0.0023727416992188 
0.0023727416992188 
0.0023803710937500 
0.0023727416992188 
0.0023727416992188 
0.0023727416992188 
0.0023727416992188 
0.0023727416992188 
0.0023651123046875 
0.0023651123046875 
0.0023727416992188 
0.0023803710937500 
0.0023803710937500 
0.0023727416992188 
0.0023651123046875 
0.0023574829101562 
0.0023651123046875 
0.0023574829101562 
0.0023574829101562 
0.0023651123046875 
0.0023727416992188 
0.0023803710937500 
0.0023880004882812 
0.0023956298828125 
0.0023956298828125 
0.0023880004882812 
0.0023880004882812 
0.0023803710937500 
0.0023880004882812 
0.0023880004882812 
0.0023803710937500 
0.0023727416992188 
0.0023727416992188 
0.0023651123046875 
0.0023727416992188 
0.0023651123046875 
0.0023651123046875 
0.0023727416992188 
0.0023727416992188 
0.0023803710937500 
0.0023880004882812 
0.0023956298828125 
0.0024032592773438 
0.0024108886718750 
0.0024108886718750 
0.0024032592773438 
0.0024108886718750 
0.0024185180664062 
0.0024108886718750 
0.0024032592773438 
0.0024032592773438 
0.0023956298828125 
0.0023956298828125 
0.0023880004882812 
0.0023880004882812 
0.0023880004882812 
0.0023803710937500 
0.0023727416992188 
0.0023651123046875 
0.0023574829101562 
0.0023498535156250 
0.0023422241210938 
0.0023345947265625 
0.0023269653320312 
0.0023345947265625 
0.0023345947265625 
0.0023422241210938 
0.0023498535156250 
0.0023498535156250 
0.0023498535156250 
0.0023574829101562 
0.0023574829101562 
0.0023651123046875 
0.0023727416992188 
0.0023651123046875 
0.0023727416992188 
0.0023727416992188 
0.0023727416992188 
0.0023803710937500 
0.0023727416992188 
0.0023727416992188 
0.0023803710937500 
0.0023880004882812 
0.0023880004882812 
0.0023803710937500 
0.0023727416992188 
0.0023727416992188 
0.0023651123046875 
0.0023574829101562 
0.0023651123046875 
0.0023651123046875 
0.0023727416992188 
0.0023651123046875 
0.0023727416992188 
0.0023651123046875 
0.0023651123046875 
0.0023574829101562 
0.0023651123046875 
0.0023651123046875 
0.0023574829101562 
0.0023498535156250 
0.0023422241210938 
0.0023345947265625 
0.0023269653320312 
0.0023269653320312 
0.0023269653320312 
0.0023193359375000 
0.0023117065429688 
0.0023193359375000 
0.0023269653320312 
0.0023345947265625 
0.0023422241210938 
0.0023498535156250 
0.0023498535156250 
0.0023498535156250 
0.0023498535156250 
0.0023498535156250 
0.0023574829101562 
0.0023498535156250 
0.0023422241210938 
0.0023498535156250 
0.0023574829101562 
0.0023574829101562 
0.0023498535156250 
0.0023574829101562 
0.0023574829101562 
0.0023498535156250 
0.0023422241210938 
0.0023498535156250 
0.0023574829101562 
0.0023498535156250 
0.0023422241210938 
0.0023498535156250 
0.0023422241210938 
0.0023422241210938 
0.0023345947265625 
0.0023269653320312 
0.0023193359375000 
0.0023193359375000 
0.0023269653320312 
0.0023345947265625 
0.0023269653320312 
0.0023345947265625 
0.0023422241210938 
0.0023422241210938 
0.0023422241210938 
0.0023422241210938 
0.0023422241210938 
0.0023498535156250 
0.0023574829101562 
0.0023498535156250 
0.0023422241210938 
0.0023422241210938 
0.0023422241210938 
0.0023422241210938 
0.0023345947265625 
0.0023269653320312 
0.0023193359375000 
0.0023269653320312 
0.0023193359375000 
0.0023269653320312 
0.0023269653320312 
0.0023345947265625 
0.0023269653320312 
0.0023193359375000 
0.0023193359375000 
0.0023193359375000 
0.0023269653320312 
0.0023269653320312 
0.0023345947265625 
0.0023269653320312 
0.0023345947265625 
0.0023269653320312 
0.0023193359375000 
0.0023117065429688 
0.0023117065429688 
0.0023193359375000 
0.0023117065429688 
0.0023193359375000 
0.0023269653320312 
0.0023345947265625 
0.0023269653320312 
0.0023345947265625 
0.0023422241210938 
0.0023498535156250 
0.0023422241210938 
0.0023498535156250 
0.0023422241210938 
0.0023498535156250 
0.0023574829101562 
0.0023651123046875 
0.0023574829101562 
0.0023651123046875 
0.0023574829101562 
0.0023651123046875 
0.0023574829101562 
0.0023498535156250 
0.0023498535156250 
0.0023498535156250 
0.0023498535156250 
0.0023574829101562 
0.0023498535156250 
0.0023498535156250 
0.0023422241210938 
0.0023345947265625 
0.0023422241210938 
0.0023498535156250 
0.0023422241210938 
0.0023345947265625 
0.0023345947265625 
0.0023345947265625 
0.0023422241210938 
0.0023345947265625 
0.0023422241210938 
0.0023498535156250 
0.0023498535156250 
0.0023574829101562 
0.0023651123046875 
0.0023727416992188 
0.0023727416992188 
0.0023727416992188 
0.0023651123046875 
0.0023651123046875 
0.0023574829101562 
0.0023651123046875 
0.0023727416992188 
0.0023651123046875 
0.0023727416992188 
0.0023727416992188 
0.0023651123046875 
0.0023727416992188 
0.0023651123046875 
0.0023727416992188 
0.0023803710937500 
0.0023727416992188 
0.0023727416992188 
0.0023803710937500 
0.0023880004882812 
0.0023803710937500 
0.0023880004882812 
0.0023803710937500 
0.0023803710937500 
0.0023727416992188 
0.0023651123046875 
0.0023727416992188 
0.0023651123046875 
0.0023727416992188 
0.0023727416992188 
0.0023727416992188 
0.0023727416992188 
0.0023803710937500 
0.0023880004882812 
0.0023803710937500 
0.0023727416992188 
0.0023651123046875 
0.0023727416992188 
0.0023651123046875 
0.0023574829101562 
0.0023498535156250 
0.0023422241210938 
0.0023345947265625 
0.0023269653320312 
0.0023345947265625 
0.0023269653320312 
0.0023345947265625 
0.0023269653320312 
0.0023193359375000 
0.0023193359375000 
0.0023269653320312 
0.0023193359375000 
0.0023269653320312 
0.0023345947265625 
0.0023269653320312 
0.0023345947265625 
0.0023345947265625 
0.0023269653320312 
0.0023193359375000 
0.0023117065429688 
0.0023193359375000 
0.0023117065429688 
0.0023040771484375 
0.0023040771484375 
0.0022964477539062 
0.0022964477539062 
0.0023040771484375 
0.0023117065429688 
0.0023040771484375 
0.0023117065429688 
0.0023040771484375 
0.0023117065429688 
0.0023117065429688 
0.0023040771484375 
0.0023117065429688 
0.0023040771484375 
0.0022964477539062 
0.0022888183593750 
0.0022888183593750 
0.0022888183593750 
0.0022811889648438 
0.0022888183593750 
0.0022964477539062 
0.0022964477539062 
0.0023040771484375 
0.0023117065429688 
0.0023040771484375 
0.0023040771484375 
0.0022964477539062 
0.0022888183593750 
0.0022811889648438 
0.0022735595703125 
0.0022811889648438 
0.0022735595703125 
0.0022811889648438 
0.0022888183593750 
0.0022964477539062 
0.0022888183593750 
0.0022811889648438 
0.0022888183593750 
0.0022811889648438 
0.0022735595703125 
0.0022811889648438 
0.0022888183593750 
0.0022811889648438 
0.0022735595703125 
0.0022659301757812 
0.0022659301757812 
0.0022659301757812 
0.0022583007812500 
0.0022659301757812 
0.0022583007812500 
0.0022583007812500 
0.0022659301757812 
0.0022735595703125 
0.0022811889648438 
0.0022888183593750 
0.0022811889648438 
0.0022811889648438 
0.0022888183593750 
0.0022811889648438 
0.0022735595703125 
0.0022735595703125 
0.0022811889648438 
0.0022811889648438 
0.0022888183593750 
0.0022964477539062 
0.0022888183593750 
0.0022811889648438 
0.0022735595703125 
0.0022735595703125 
0.0022735595703125 
0.0022811889648438 
0.0022888183593750 
0.0022888183593750 
0.0022888183593750 
0.0022888183593750 
0.0022811889648438 
0.0022888183593750 
0.0022811889648438 
0.0022811889648438 
0.0022735595703125 
0.0022811889648438 
0.0022888183593750 
0.0022964477539062 
0.0022964477539062 
0.0022888183593750 
0.0022811889648438 
0.0022735595703125 
0.0022811889648438 
0.0022811889648438 
0.0022888183593750 
0.0022888183593750 
0.0022811889648438 
0.0022811889648438 
0.0022811889648438 
0.0022735595703125 
0.0022659301757812 
0.0022583007812500 
0.0022506713867188 
0.0022430419921875 
0.0022506713867188 
0.0022430419921875 
0.0022430419921875 
0.0022354125976562 
0.0022277832031250 
0.0022277832031250 
0.0022354125976562 
0.0022277832031250 
0.0022201538085938 
0.0022201538085938 
0.0022277832031250 
0.0022201538085938 
0.0022125244140625 
0.0022125244140625 
0.0022201538085938 
0.0022277832031250 
0.0022201538085938 
0.0022125244140625 
0.0022048950195312 
0.0022125244140625 
0.0022125244140625 
0.0022048950195312 
0.0022125244140625 
0.0022201538085938 
0.0022277832031250 
0.0022277832031250 
0.0022201538085938 
0.0022201538085938 
0.0022277832031250 
0.0022201538085938 
0.0022277832031250 
0.0022201538085938 
0.0022277832031250 
0.0022354125976562 
0.0022277832031250 
0.0022277832031250 
0.0022201538085938 
0.0022201538085938 
0.0022201538085938 
0.0022125244140625 
0.0022201538085938 
0.0022201538085938 
0.0022125244140625 
0.0022201538085938 
0.0022277832031250 
0.0022354125976562 
0.0022430419921875 
0.0022354125976562 
0.0022430419921875 
0.0022354125976562 
0.0022430419921875 
0.0022354125976562 
0.0022354125976562 
0.0022430419921875 
0.0022354125976562 
0.0022430419921875 
0.0022506713867188 
0.0022506713867188 
0.0022430419921875 
0.0022506713867188 
0.0022506713867188 
0.0022430419921875 
0.0022430419921875 
0.0022506713867188 
0.0022430419921875 
0.0022506713867188 
0.0022506713867188 
0.0022583007812500 
0.0022506713867188 
0.0022583007812500 
0.0022659301757812 
0.0022735595703125 
0.0022811889648438 
0.0022735595703125 
0.0022659301757812 
0.0022583007812500 
0.0022659301757812 
0.0022583007812500 
0.0022583007812500 
0.0022506713867188 
0.0022583007812500 
0.0022659301757812 
0.0022659301757812 
0.0022659301757812 
0.0022583007812500 
0.0022659301757812 
0.0022735595703125 
0.0022735595703125 
0.0022735595703125 
0.0022659301757812 
0.0022583007812500 
0.0022659301757812 
0.0022735595703125 
0.0022811889648438 
0.0022735595703125 
0.0022735595703125 
0.0022811889648438 
0.0022888183593750 
0.0022888183593750 
0.0022888183593750 
0.0022964477539062 
0.0023040771484375 
0.0023040771484375 
0.0022964477539062 
0.0023040771484375 
0.0023117065429688 
0.0023117065429688 
0.0023117065429688 
0.0023117065429688 
0.0023193359375000 
0.0023193359375000 
0.0023269653320312 
0.0023269653320312 
0.0023193359375000 
0.0023193359375000 
0.0023117065429688 
0.0023040771484375 
0.0023117065429688 
0.0023040771484375 
0.0023117065429688 
0.0023040771484375 
0.0022964477539062 
0.0022888183593750 
0.0022811889648438 
0.0022735595703125 
0.0022659301757812 
0.0022735595703125 
0.0022811889648438 
0.0022888183593750 
0.0022964477539062 
0.0022964477539062 
0.0022964477539062 
0.0023040771484375 
0.0023040771484375 
0.0023040771484375 
0.0023040771484375 
0.0023117065429688 
0.0023193359375000 
0.0023269653320312 
0.0023269653320312 
0.0023269653320312 
0.0023269653320312 
0.0023193359375000 
0.0023117065429688 
0.0023117065429688 
0.0023193359375000 
0.0023193359375000 
0.0023193359375000 
0.0023193359375000 
0.0023193359375000 
0.0023269653320312 
0.0023345947265625 
0.0023422241210938 
0.0023422241210938 
0.0023345947265625 
0.0023269653320312 
0.0023269653320312 
0.0023193359375000 
0.0023193359375000 
0.0023117065429688 
0.0023193359375000 
0.0023117065429688 
0.0023040771484375 
0.0022964477539062 
0.0022888183593750 
0.0022964477539062 
0.0023040771484375 
0.0023117065429688 
0.0023040771484375 
0.0022964477539062 
0.0022888183593750 
0.0022964477539062 
0.0022964477539062 
0.0022888183593750 
0.0022888183593750 
0.0022811889648438 
0.0022735595703125 
0.0022811889648438 
0.0022735595703125 
0.0022811889648438 
0.0022888183593750 
0.0022964477539062 
0.0022964477539062 
0.0022888183593750 
0.0022964477539062 
0.0023040771484375 
0.0022964477539062 
0.0022964477539062 
0.0022888183593750 
0.0022888183593750 
0.0022964477539062 
0.0022964477539062 
0.0022888183593750 
0.0022811889648438 
0.0022735595703125 
0.0022659301757812 
0.0022735595703125 
0.0022659301757812 
0.0022583007812500 
0.0022659301757812 
0.0022659301757812 
0.0022583007812500 
0.0022659301757812 
0.0022583007812500 
0.0022506713867188 
0.0022583007812500 
0.0022583007812500 
0.0022659301757812 
0.0022583007812500 
0.0022659301757812 
0.0022659301757812 
0.0022659301757812 
0.0022735595703125 
0.0022735595703125 
0.0022811889648438 
0.0022888183593750 
0.0022964477539062 
0.0022888183593750 
0.0022964477539062 
0.0023040771484375 
0.0023040771484375 
0.0023117065429688 
0.0023193359375000 
0.0023269653320312 
0.0023345947265625 
0.0023422241210938 
0.0023498535156250 
0.0023574829101562 
0.0023498535156250 
0.0023574829101562 
0.0023574829101562 
0.0023651123046875 
0.0023651123046875 
0.0023727416992188 
0.0023727416992188 
0.0023803710937500 
0.0023727416992188 
0.0023727416992188 
0.0023803710937500 
0.0023880004882812 
0.0023956298828125 
0.0023956298828125 
0.0024032592773438 
0.0024108886718750 
0.0024032592773438 
0.0024032592773438 
0.0024108886718750 
0.0024185180664062 
0.0024261474609375 
0.0024261474609375 
0.0024337768554688 
0.0024261474609375 
0.0024185180664062 
0.0024261474609375 
0.0024185180664062 
0.0024108886718750 
0.0024032592773438 
0.0023956298828125 
0.0023880004882812 
0.0023956298828125 
0.0023880004882812 
0.0023956298828125 
0.0023880004882812 
0.0023880004882812 
0.0023803710937500 
0.0023727416992188 
0.0023727416992188 
0.0023727416992188 
0.0023651123046875 
0.0023574829101562 
0.0023498535156250 
0.0023422241210938 
0.0023498535156250 
0.0023574829101562 
0.0023498535156250 
0.0023574829101562 
0.0023498535156250 
0.0023422241210938 
0.0023345947265625 
0.0023422241210938 
0.0023498535156250 
0.0023422241210938 
0.0023345947265625 
0.0023345947265625 
0.0023269653320312 
0.0023269653320312 
0.0023345947265625 
0.0023345947265625 
0.0023269653320312 
0.0023269653320312 
0.0023345947265625 
0.0023269653320312 
0.0023193359375000 
0.0023269653320312 
0.0023345947265625 
0.0023269653320312 
0.0023269653320312 
0.0023345947265625 
0.0023345947265625 
0.0023422241210938 
0.0023422241210938 
0.0023498535156250 
0.0023574829101562 
0.0023498535156250 
0.0023574829101562 
0.0023498535156250 
0.0023574829101562 
0.0023574829101562 
0.0023651123046875 
0.0023651123046875 
0.0023574829101562 
0.0023498535156250 
0.0023422241210938 
0.0023498535156250 
0.0023574829101562 
0.0023651123046875 
0.0023574829101562 
0.0023498535156250 
0.0023422241210938 
0.0023422241210938 
0.0023498535156250 
0.0023574829101562 
0.0023574829101562 
0.0023651123046875 
0.0023727416992188 
0.0023651123046875 
0.0023651123046875 
0.0023574829101562 
0.0023574829101562 
0.0023574829101562 
0.0023651123046875 
0.0023651123046875 
0.0023727416992188 
0.0023727416992188 
0.0023727416992188 
0.0023727416992188 
0.0023727416992188 
0.0023727416992188 
0.0023727416992188 
0.0023727416992188 
0.0023727416992188 
0.0023803710937500 
0.0023727416992188 
0.0023727416992188 
0.0023651123046875 
0.0023574829101562 
0.0023651123046875 
0.0023727416992188 
0.0023651123046875 
0.0023574829101562 
0.0023574829101562 
0.0023651123046875 
0.0023727416992188 
0.0023651123046875 
0.0023727416992188 
0.0023727416992188 
0.0023651123046875 
0.0023727416992188 
0.0023803710937500 
0.0023880004882812 
0.0023956298828125 
0.0023880004882812 
0.0023956298828125 
0.0024032592773438 
0.0023956298828125 
0.0023880004882812 
0.0023956298828125 
0.0023880004882812 
0.0023880004882812 
0.0023803710937500 
0.0023880004882812 
0.0023803710937500 
0.0023880004882812 
0.0023803710937500 
0.0023727416992188 
0.0023803710937500 
0.0023727416992188 
0.0023803710937500 
0.0023803710937500 
0.0023880004882812 
0.0023956298828125 
0.0024032592773438 
0.0024032592773438 
0.0023956298828125 
0.0023880004882812 
0.0023956298828125 
0.0024032592773438 
0.0024108886718750 
0.0024185180664062 
0.0024261474609375 
0.0024185180664062 
0.0024261474609375 
0.0024337768554688 
0.0024414062500000 
0.0024337768554688 
0.0024261474609375 
0.0024337768554688 
0.0024414062500000 
0.0024414062500000 
0.0024490356445312 
0.0024490356445312 
0.0024490356445312 
0.0024566650390625 
0.0024490356445312 
0.0024490356445312 
0.0024490356445312 
0.0024414062500000 
0.0024337768554688 
0.0024414062500000 
0.0024490356445312 
0.0024490356445312 
0.0024490356445312 
0.0024566650390625 
0.0024490356445312 
0.0024414062500000 
0.0024337768554688 
0.0024261474609375 
0.0024261474609375 
0.0024337768554688 
0.0024414062500000 
0.0024337768554688 
0.0024414062500000 
0.0024414062500000 
0.0024414062500000 
0.0024490356445312 
0.0024414062500000 
0.0024337768554688 
0.0024414062500000 
0.0024337768554688 
0.0024337768554688 
0.0024261474609375 
0.0024337768554688 
0.0024261474609375 
0.0024261474609375 
0.0024261474609375 
0.0024261474609375 
0.0024261474609375 
0.0024337768554688 
0.0024261474609375 
0.0024185180664062 
0.0024108886718750 
0.0024185180664062 
0.0024108886718750 
0.0024032592773438 
0.0023956298828125 
0.0024032592773438 
0.0023956298828125 
0.0023956298828125 
0.0023880004882812 
0.0023803710937500 
0.0023727416992188 
