-0.0043411254882812 
-0.0043487548828125 
-0.0043411254882812 
-0.0043334960937500 
-0.0043334960937500 
-0.0043411254882812 
-0.0043334960937500 
-0.0043258666992188 
-0.0043258666992188 
-0.0043182373046875 
-0.0043182373046875 
-0.0043258666992188 
-0.0043258666992188 
-0.0043182373046875 
-0.0043258666992188 
-0.0043258666992188 
-0.0043258666992188 
-0.0043334960937500 
-0.0043258666992188 
-0.0043334960937500 
-0.0043411254882812 
-0.0043487548828125 
-0.0043411254882812 
-0.0043487548828125 
-0.0043563842773438 
-0.0043640136718750 
-0.0043563842773438 
-0.0043640136718750 
-0.0043640136718750 
-0.0043640136718750 
-0.0043640136718750 
-0.0043716430664062 
-0.0043792724609375 
-0.0043792724609375 
-0.0043869018554688 
-0.0043792724609375 
-0.0043792724609375 
-0.0043869018554688 
-0.0043792724609375 
-0.0043869018554688 
-0.0043869018554688 
-0.0043792724609375 
-0.0043792724609375 
-0.0043869018554688 
-0.0043869018554688 
-0.0043792724609375 
-0.0043869018554688 
-0.0043792724609375 
-0.0043792724609375 
-0.0043869018554688 
-0.0043869018554688 
-0.0043869018554688 
-0.0043869018554688 
-0.0043869018554688 
-0.0043792724609375 
-0.0043869018554688 
-0.0043945312500000 
-0.0044021606445312 
-0.0043945312500000 
-0.0043869018554688 
-0.0043792724609375 
-0.0043716430664062 
-0.0043792724609375 
-0.0043792724609375 
-0.0043792724609375 
-0.0043792724609375 
-0.0043869018554688 
-0.0043945312500000 
-0.0044021606445312 
-0.0044021606445312 
-0.0043945312500000 
-0.0044021606445312 
-0.0044021606445312 
-0.0044097900390625 
-0.0044174194335938 
-0.0044174194335938 
-0.0044250488281250 
-0.0044174194335938 
-0.0044250488281250 
-0.0044174194335938 
-0.0044097900390625 
-0.0044174194335938 
-0.0044097900390625 
-0.0044174194335938 
-0.0044250488281250 
-0.0044250488281250 
-0.0044250488281250 
-0.0044174194335938 
-0.0044174194335938 
-0.0044097900390625 
-0.0044021606445312 
-0.0044097900390625 
-0.0044097900390625 
-0.0044021606445312 
-0.0043945312500000 
-0.0043945312500000 
-0.0044021606445312 
-0.0044021606445312 
-0.0043945312500000 
-0.0044021606445312 
-0.0043945312500000 
-0.0043869018554688 
-0.0043792724609375 
-0.0043869018554688 
-0.0043945312500000 
-0.0044021606445312 
-0.0043945312500000 
-0.0044021606445312 
-0.0044097900390625 
-0.0044174194335938 
-0.0044174194335938 
-0.0044174194335938 
-0.0044097900390625 
-0.0044174194335938 
-0.0044097900390625 
-0.0044097900390625 
-0.0044174194335938 
-0.0044250488281250 
-0.0044174194335938 
-0.0044250488281250 
-0.0044174194335938 
-0.0044097900390625 
-0.0044021606445312 
-0.0043945312500000 
-0.0043945312500000 
-0.0043945312500000 
-0.0044021606445312 
-0.0044021606445312 
-0.0043945312500000 
-0.0044021606445312 
-0.0043945312500000 
-0.0043945312500000 
-0.0043945312500000 
-0.0043945312500000 
-0.0043869018554688 
-0.0043792724609375 
-0.0043716430664062 
-0.0043716430664062 
-0.0043716430664062 
-0.0043640136718750 
-0.0043563842773438 
-0.0043640136718750 
-0.0043716430664062 
-0.0043716430664062 
-0.0043640136718750 
-0.0043563842773438 
-0.0043487548828125 
-0.0043563842773438 
-0.0043487548828125 
-0.0043411254882812 
-0.0043487548828125 
-0.0043563842773438 
-0.0043640136718750 
-0.0043716430664062 
-0.0043716430664062 
-0.0043792724609375 
-0.0043869018554688 
-0.0043869018554688 
-0.0043869018554688 
-0.0043945312500000 
-0.0043869018554688 
-0.0043945312500000 
-0.0043945312500000 
-0.0044021606445312 
-0.0044097900390625 
-0.0044174194335938 
-0.0044097900390625 
-0.0044021606445312 
-0.0044021606445312 
-0.0043945312500000 
-0.0043869018554688 
-0.0043945312500000 
-0.0043945312500000 
-0.0043869018554688 
-0.0043869018554688 
-0.0043792724609375 
-0.0043792724609375 
-0.0043869018554688 
-0.0043869018554688 
-0.0043792724609375 
-0.0043869018554688 
-0.0043945312500000 
-0.0044021606445312 
-0.0044097900390625 
-0.0044097900390625 
-0.0044174194335938 
-0.0044250488281250 
-0.0044250488281250 
-0.0044174194335938 
-0.0044250488281250 
-0.0044250488281250 
-0.0044326782226562 
-0.0044250488281250 
-0.0044326782226562 
-0.0044326782226562 
-0.0044250488281250 
-0.0044174194335938 
-0.0044097900390625 
-0.0044174194335938 
-0.0044097900390625 
-0.0044174194335938 
-0.0044097900390625 
-0.0044021606445312 
-0.0044021606445312 
-0.0043945312500000 
-0.0043945312500000 
-0.0044021606445312 
-0.0044021606445312 
-0.0043945312500000 
-0.0044021606445312 
-0.0044097900390625 
-0.0044174194335938 
-0.0044097900390625 
-0.0044174194335938 
-0.0044174194335938 
-0.0044097900390625 
-0.0044097900390625 
-0.0044097900390625 
-0.0044097900390625 
-0.0044174194335938 
-0.0044250488281250 
-0.0044174194335938 
-0.0044097900390625 
-0.0044021606445312 
-0.0043945312500000 
-0.0043945312500000 
-0.0044021606445312 
-0.0043945312500000 
-0.0043945312500000 
-0.0043869018554688 
-0.0043945312500000 
-0.0043869018554688 
-0.0043945312500000 
-0.0044021606445312 
-0.0044021606445312 
-0.0044021606445312 
-0.0044097900390625 
-0.0044021606445312 
-0.0044097900390625 
-0.0044097900390625 
-0.0044097900390625 
-0.0044174194335938 
-0.0044174194335938 
-0.0044174194335938 
-0.0044250488281250 
-0.0044250488281250 
-0.0044250488281250 
-0.0044174194335938 
-0.0044174194335938 
-0.0044174194335938 
-0.0044250488281250 
-0.0044326782226562 
-0.0044403076171875 
-0.0044326782226562 
-0.0044326782226562 
-0.0044326782226562 
-0.0044403076171875 
-0.0044326782226562 
-0.0044403076171875 
-0.0044403076171875 
-0.0044326782226562 
-0.0044403076171875 
-0.0044326782226562 
-0.0044250488281250 
-0.0044250488281250 
-0.0044174194335938 
-0.0044097900390625 
-0.0044097900390625 
-0.0044021606445312 
-0.0044097900390625 
-0.0044174194335938 
-0.0044174194335938 
-0.0044174194335938 
-0.0044174194335938 
-0.0044097900390625 
-0.0044097900390625 
-0.0044097900390625 
-0.0044097900390625 
-0.0044174194335938 
-0.0044097900390625 
-0.0044174194335938 
-0.0044174194335938 
-0.0044250488281250 
-0.0044250488281250 
-0.0044174194335938 
-0.0044097900390625 
-0.0044174194335938 
-0.0044174194335938 
-0.0044250488281250 
-0.0044174194335938 
-0.0044174194335938 
-0.0044174194335938 
-0.0044174194335938 
-0.0044174194335938 
-0.0044174194335938 
-0.0044174194335938 
-0.0044097900390625 
-0.0044021606445312 
-0.0044021606445312 
-0.0044021606445312 
-0.0043945312500000 
-0.0043945312500000 
-0.0043869018554688 
-0.0043869018554688 
-0.0043792724609375 
-0.0043792724609375 
-0.0043869018554688 
-0.0043792724609375 
-0.0043716430664062 
-0.0043640136718750 
-0.0043640136718750 
-0.0043716430664062 
-0.0043640136718750 
-0.0043563842773438 
-0.0043640136718750 
-0.0043716430664062 
-0.0043792724609375 
-0.0043792724609375 
-0.0043869018554688 
-0.0043869018554688 
-0.0043869018554688 
-0.0043945312500000 
-0.0043945312500000 
-0.0044021606445312 
-0.0043945312500000 
-0.0044021606445312 
-0.0043945312500000 
-0.0043869018554688 
-0.0043792724609375 
-0.0043792724609375 
-0.0043792724609375 
-0.0043792724609375 
-0.0043716430664062 
-0.0043716430664062 
-0.0043716430664062 
-0.0043792724609375 
-0.0043869018554688 
-0.0043792724609375 
-0.0043716430664062 
-0.0043640136718750 
-0.0043563842773438 
-0.0043563842773438 
-0.0043487548828125 
-0.0043411254882812 
-0.0043487548828125 
-0.0043411254882812 
-0.0043334960937500 
-0.0043258666992188 
-0.0043258666992188 
-0.0043258666992188 
-0.0043334960937500 
-0.0043258666992188 
-0.0043182373046875 
-0.0043182373046875 
-0.0043106079101562 
-0.0043029785156250 
-0.0042953491210938 
-0.0042877197265625 
-0.0042953491210938 
-0.0043029785156250 
-0.0043029785156250 
-0.0043029785156250 
-0.0042953491210938 
-0.0043029785156250 
-0.0043106079101562 
-0.0043182373046875 
-0.0043182373046875 
-0.0043258666992188 
-0.0043182373046875 
-0.0043258666992188 
-0.0043182373046875 
-0.0043106079101562 
-0.0043029785156250 
-0.0043029785156250 
-0.0043029785156250 
-0.0042953491210938 
-0.0042953491210938 
-0.0043029785156250 
-0.0043029785156250 
-0.0042953491210938 
-0.0042953491210938 
-0.0042953491210938 
-0.0042877197265625 
-0.0042800903320312 
-0.0042877197265625 
-0.0042877197265625 
-0.0042877197265625 
-0.0042953491210938 
-0.0043029785156250 
-0.0043106079101562 
-0.0043106079101562 
-0.0043182373046875 
-0.0043258666992188 
-0.0043182373046875 
-0.0043258666992188 
-0.0043258666992188 
-0.0043334960937500 
-0.0043334960937500 
-0.0043411254882812 
-0.0043487548828125 
-0.0043563842773438 
-0.0043487548828125 
-0.0043411254882812 
-0.0043334960937500 
-0.0043411254882812 
-0.0043487548828125 
-0.0043563842773438 
-0.0043487548828125 
-0.0043563842773438 
-0.0043640136718750 
-0.0043563842773438 
-0.0043640136718750 
-0.0043563842773438 
-0.0043487548828125 
-0.0043411254882812 
-0.0043334960937500 
-0.0043258666992188 
-0.0043334960937500 
-0.0043411254882812 
-0.0043487548828125 
-0.0043487548828125 
-0.0043563842773438 
-0.0043563842773438 
-0.0043640136718750 
-0.0043716430664062 
-0.0043792724609375 
-0.0043792724609375 
-0.0043716430664062 
-0.0043640136718750 
-0.0043563842773438 
-0.0043487548828125 
-0.0043411254882812 
-0.0043411254882812 
-0.0043411254882812 
-0.0043334960937500 
-0.0043334960937500 
-0.0043411254882812 
-0.0043411254882812 
-0.0043411254882812 
-0.0043334960937500 
-0.0043411254882812 
-0.0043487548828125 
-0.0043563842773438 
-0.0043563842773438 
-0.0043487548828125 
-0.0043487548828125 
-0.0043487548828125 
-0.0043411254882812 
-0.0043487548828125 
-0.0043411254882812 
-0.0043487548828125 
-0.0043487548828125 
-0.0043487548828125 
-0.0043487548828125 
-0.0043563842773438 
-0.0043640136718750 
-0.0043640136718750 
-0.0043640136718750 
-0.0043640136718750 
-0.0043640136718750 
-0.0043563842773438 
-0.0043487548828125 
-0.0043487548828125 
-0.0043411254882812 
-0.0043411254882812 
-0.0043411254882812 
-0.0043334960937500 
-0.0043334960937500 
-0.0043411254882812 
-0.0043334960937500 
-0.0043258666992188 
-0.0043182373046875 
-0.0043106079101562 
-0.0043029785156250 
-0.0043029785156250 
-0.0042953491210938 
-0.0042953491210938 
-0.0042953491210938 
-0.0042877197265625 
-0.0042953491210938 
-0.0042877197265625 
-0.0042800903320312 
-0.0042800903320312 
-0.0042800903320312 
-0.0042800903320312 
-0.0042877197265625 
-0.0042877197265625 
-0.0042953491210938 
-0.0043029785156250 
-0.0043106079101562 
-0.0043106079101562 
-0.0043106079101562 
-0.0043106079101562 
-0.0043182373046875 
-0.0043258666992188 
-0.0043334960937500 
-0.0043411254882812 
-0.0043334960937500 
-0.0043334960937500 
-0.0043258666992188 
-0.0043334960937500 
-0.0043258666992188 
-0.0043182373046875 
-0.0043182373046875 
-0.0043106079101562 
-0.0043182373046875 
-0.0043258666992188 
-0.0043258666992188 
-0.0043334960937500 
-0.0043334960937500 
-0.0043258666992188 
-0.0043182373046875 
-0.0043258666992188 
-0.0043182373046875 
-0.0043258666992188 
-0.0043258666992188 
-0.0043334960937500 
-0.0043411254882812 
-0.0043487548828125 
-0.0043487548828125 
-0.0043487548828125 
-0.0043563842773438 
-0.0043487548828125 
-0.0043487548828125 
-0.0043411254882812 
-0.0043487548828125 
-0.0043487548828125 
-0.0043411254882812 
-0.0043334960937500 
-0.0043258666992188 
-0.0043334960937500 
-0.0043411254882812 
-0.0043487548828125 
-0.0043411254882812 
-0.0043411254882812 
-0.0043334960937500 
-0.0043258666992188 
-0.0043334960937500 
-0.0043334960937500 
-0.0043258666992188 
-0.0043334960937500 
-0.0043258666992188 
-0.0043258666992188 
-0.0043182373046875 
-0.0043182373046875 
-0.0043258666992188 
-0.0043258666992188 
-0.0043334960937500 
-0.0043411254882812 
-0.0043487548828125 
-0.0043563842773438 
-0.0043487548828125 
-0.0043563842773438 
-0.0043487548828125 
-0.0043487548828125 
-0.0043563842773438 
-0.0043563842773438 
-0.0043487548828125 
-0.0043487548828125 
-0.0043411254882812 
-0.0043334960937500 
-0.0043411254882812 
-0.0043411254882812 
-0.0043487548828125 
-0.0043487548828125 
-0.0043563842773438 
-0.0043487548828125 
-0.0043563842773438 
-0.0043487548828125 
-0.0043411254882812 
-0.0043487548828125 
-0.0043563842773438 
-0.0043640136718750 
-0.0043640136718750 
-0.0043716430664062 
-0.0043792724609375 
-0.0043716430664062 
-0.0043716430664062 
-0.0043792724609375 
-0.0043869018554688 
-0.0043945312500000 
-0.0043869018554688 
-0.0043945312500000 
-0.0043945312500000 
-0.0043945312500000 
-0.0044021606445312 
-0.0043945312500000 
-0.0043945312500000 
-0.0043869018554688 
-0.0043792724609375 
-0.0043869018554688 
-0.0043792724609375 
-0.0043792724609375 
-0.0043716430664062 
-0.0043792724609375 
-0.0043716430664062 
-0.0043640136718750 
-0.0043640136718750 
-0.0043716430664062 
-0.0043792724609375 
-0.0043716430664062 
-0.0043640136718750 
-0.0043640136718750 
-0.0043563842773438 
-0.0043640136718750 
-0.0043716430664062 
-0.0043640136718750 
-0.0043563842773438 
-0.0043487548828125 
-0.0043563842773438 
-0.0043640136718750 
-0.0043640136718750 
-0.0043563842773438 
-0.0043563842773438 
-0.0043563842773438 
-0.0043640136718750 
-0.0043716430664062 
-0.0043792724609375 
-0.0043869018554688 
-0.0043792724609375 
-0.0043792724609375 
-0.0043716430664062 
-0.0043640136718750 
-0.0043563842773438 
-0.0043563842773438 
-0.0043563842773438 
-0.0043487548828125 
-0.0043411254882812 
-0.0043487548828125 
-0.0043563842773438 
-0.0043563842773438 
-0.0043640136718750 
-0.0043640136718750 
-0.0043640136718750 
-0.0043563842773438 
-0.0043640136718750 
-0.0043716430664062 
-0.0043792724609375 
-0.0043869018554688 
-0.0043792724609375 
-0.0043792724609375 
-0.0043792724609375 
-0.0043869018554688 
-0.0043869018554688 
-0.0043869018554688 
-0.0043792724609375 
-0.0043869018554688 
-0.0043869018554688 
-0.0043792724609375 
-0.0043792724609375 
-0.0043716430664062 
-0.0043792724609375 
-0.0043792724609375 
-0.0043792724609375 
-0.0043792724609375 
-0.0043869018554688 
-0.0043792724609375 
-0.0043869018554688 
-0.0043869018554688 
-0.0043869018554688 
-0.0043792724609375 
-0.0043716430664062 
-0.0043716430664062 
-0.0043716430664062 
-0.0043716430664062 
-0.0043640136718750 
-0.0043716430664062 
-0.0043640136718750 
-0.0043563842773438 
-0.0043487548828125 
-0.0043411254882812 
-0.0043334960937500 
-0.0043411254882812 
-0.0043334960937500 
-0.0043334960937500 
-0.0043258666992188 
-0.0043258666992188 
-0.0043258666992188 
-0.0043334960937500 
-0.0043411254882812 
-0.0043411254882812 
-0.0043487548828125 
-0.0043487548828125 
-0.0043487548828125 
-0.0043487548828125 
-0.0043487548828125 
-0.0043411254882812 
-0.0043334960937500 
-0.0043258666992188 
-0.0043334960937500 
-0.0043258666992188 
-0.0043182373046875 
-0.0043258666992188 
-0.0043182373046875 
-0.0043182373046875 
-0.0043106079101562 
-0.0043182373046875 
-0.0043258666992188 
-0.0043258666992188 
-0.0043182373046875 
-0.0043106079101562 
-0.0043106079101562 
-0.0043029785156250 
-0.0043106079101562 
-0.0043182373046875 
-0.0043182373046875 
-0.0043258666992188 
-0.0043258666992188 
-0.0043258666992188 
-0.0043182373046875 
-0.0043106079101562 
-0.0043029785156250 
-0.0043106079101562 
-0.0043029785156250 
-0.0042953491210938 
-0.0042877197265625 
-0.0042800903320312 
-0.0042877197265625 
-0.0042877197265625 
-0.0042953491210938 
-0.0042877197265625 
-0.0042800903320312 
-0.0042877197265625 
-0.0042953491210938 
-0.0043029785156250 
-0.0042953491210938 
-0.0042953491210938 
-0.0043029785156250 
-0.0043029785156250 
-0.0043106079101562 
-0.0043029785156250 
-0.0043029785156250 
-0.0042953491210938 
-0.0042953491210938 
-0.0042953491210938 
-0.0042877197265625 
-0.0042953491210938 
-0.0042877197265625 
-0.0042877197265625 
-0.0042953491210938 
-0.0042877197265625 
-0.0042800903320312 
-0.0042724609375000 
-0.0042648315429688 
-0.0042648315429688 
-0.0042724609375000 
-0.0042648315429688 
-0.0042572021484375 
-0.0042572021484375 
-0.0042648315429688 
-0.0042572021484375 
-0.0042572021484375 
-0.0042572021484375 
-0.0042495727539062 
-0.0042572021484375 
-0.0042648315429688 
-0.0042648315429688 
-0.0042724609375000 
-0.0042800903320312 
-0.0042800903320312 
-0.0042877197265625 
-0.0042953491210938 
-0.0042877197265625 
-0.0042953491210938 
-0.0042953491210938 
-0.0042953491210938 
-0.0042877197265625 
-0.0042877197265625 
-0.0042800903320312 
-0.0042800903320312 
-0.0042877197265625 
-0.0042877197265625 
-0.0042953491210938 
-0.0042953491210938 
-0.0042953491210938 
-0.0042953491210938 
-0.0043029785156250 
-0.0043029785156250 
-0.0043106079101562 
-0.0043029785156250 
-0.0043029785156250 
-0.0043029785156250 
-0.0043029785156250 
-0.0043106079101562 
-0.0043182373046875 
-0.0043258666992188 
-0.0043258666992188 
-0.0043182373046875 
-0.0043106079101562 
-0.0043106079101562 
-0.0043106079101562 
-0.0043106079101562 
-0.0043029785156250 
-0.0043106079101562 
-0.0043106079101562 
-0.0043029785156250 
-0.0043106079101562 
-0.0043182373046875 
-0.0043258666992188 
-0.0043258666992188 
-0.0043258666992188 
-0.0043182373046875 
-0.0043258666992188 
-0.0043334960937500 
-0.0043334960937500 
-0.0043334960937500 
-0.0043411254882812 
-0.0043334960937500 
-0.0043334960937500 
-0.0043258666992188 
-0.0043334960937500 
-0.0043258666992188 
-0.0043182373046875 
-0.0043258666992188 
-0.0043334960937500 
-0.0043411254882812 
-0.0043411254882812 
-0.0043334960937500 
-0.0043411254882812 
-0.0043411254882812 
-0.0043411254882812 
-0.0043487548828125 
-0.0043487548828125 
-0.0043411254882812 
-0.0043487548828125 
-0.0043563842773438 
-0.0043487548828125 
-0.0043411254882812 
-0.0043411254882812 
-0.0043334960937500 
-0.0043334960937500 
-0.0043411254882812 
-0.0043334960937500 
-0.0043334960937500 
-0.0043334960937500 
-0.0043258666992188 
-0.0043258666992188 
-0.0043258666992188 
-0.0043182373046875 
-0.0043258666992188 
-0.0043258666992188 
-0.0043258666992188 
-0.0043334960937500 
-0.0043258666992188 
-0.0043334960937500 
-0.0043411254882812 
-0.0043411254882812 
-0.0043411254882812 
-0.0043411254882812 
-0.0043411254882812 
-0.0043487548828125 
-0.0043563842773438 
-0.0043640136718750 
-0.0043563842773438 
-0.0043563842773438 
-0.0043640136718750 
-0.0043640136718750 
-0.0043716430664062 
-0.0043640136718750 
-0.0043563842773438 
-0.0043640136718750 
-0.0043563842773438 
-0.0043487548828125 
-0.0043563842773438 
-0.0043563842773438 
-0.0043487548828125 
-0.0043411254882812 
-0.0043487548828125 
-0.0043411254882812 
-0.0043334960937500 
-0.0043411254882812 
-0.0043487548828125 
-0.0043487548828125 
-0.0043411254882812 
-0.0043411254882812 
-0.0043487548828125 
-0.0043563842773438 
-0.0043487548828125 
-0.0043411254882812 
-0.0043411254882812 
-0.0043411254882812 
-0.0043411254882812 
-0.0043334960937500 
-0.0043258666992188 
-0.0043182373046875 
-0.0043106079101562 
-0.0043106079101562 
-0.0043029785156250 
-0.0043106079101562 
-0.0043182373046875 
-0.0043258666992188 
-0.0043334960937500 
-0.0043258666992188 
-0.0043258666992188 
-0.0043334960937500 
-0.0043258666992188 
-0.0043182373046875 
-0.0043106079101562 
-0.0043182373046875 
-0.0043258666992188 
-0.0043334960937500 
-0.0043411254882812 
-0.0043411254882812 
-0.0043411254882812 
-0.0043334960937500 
-0.0043334960937500 
-0.0043334960937500 
-0.0043411254882812 
-0.0043411254882812 
-0.0043334960937500 
-0.0043411254882812 
-0.0043411254882812 
-0.0043411254882812 
-0.0043487548828125 
-0.0043487548828125 
-0.0043411254882812 
-0.0043411254882812 
-0.0043487548828125 
-0.0043411254882812 
-0.0043487548828125 
-0.0043563842773438 
-0.0043563842773438 
-0.0043487548828125 
-0.0043487548828125 
-0.0043487548828125 
-0.0043487548828125 
-0.0043563842773438 
-0.0043640136718750 
-0.0043716430664062 
-0.0043640136718750 
-0.0043640136718750 
-0.0043640136718750 
-0.0043716430664062 
-0.0043792724609375 
-0.0043716430664062 
-0.0043792724609375 
-0.0043792724609375 
-0.0043716430664062 
-0.0043640136718750 
-0.0043563842773438 
-0.0043563842773438 
-0.0043563842773438 
-0.0043640136718750 
-0.0043563842773438 
-0.0043563842773438 
-0.0043640136718750 
-0.0043716430664062 
-0.0043640136718750 
-0.0043563842773438 
-0.0043563842773438 
-0.0043563842773438 
-0.0043487548828125 
-0.0043487548828125 
-0.0043487548828125 
-0.0043563842773438 
-0.0043563842773438 
-0.0043487548828125 
-0.0043487548828125 
-0.0043563842773438 
-0.0043563842773438 
-0.0043563842773438 
-0.0043640136718750 
-0.0043716430664062 
-0.0043716430664062 
-0.0043640136718750 
-0.0043563842773438 
-0.0043563842773438 
-0.0043640136718750 
-0.0043640136718750 
-0.0043640136718750 
-0.0043716430664062 
-0.0043640136718750 
-0.0043563842773438 
-0.0043487548828125 
-0.0043487548828125 
-0.0043411254882812 
-0.0043334960937500 
-0.0043258666992188 
-0.0043258666992188 
-0.0043258666992188 
-0.0043334960937500 
-0.0043258666992188 
-0.0043182373046875 
-0.0043258666992188 
-0.0043258666992188 
-0.0043258666992188 
-0.0043334960937500 
-0.0043411254882812 
-0.0043411254882812 
-0.0043411254882812 
-0.0043334960937500 
-0.0043411254882812 
-0.0043487548828125 
-0.0043411254882812 
-0.0043411254882812 
-0.0043334960937500 
-0.0043334960937500 
-0.0043411254882812 
-0.0043334960937500 
-0.0043258666992188 
