-0.0048294067382812 
-0.0048217773437500 
-0.0048217773437500 
-0.0048217773437500 
-0.0048217773437500 
-0.0048217773437500 
-0.0048141479492188 
-0.0048141479492188 
-0.0048217773437500 
-0.0048141479492188 
-0.0048217773437500 
-0.0048294067382812 
-0.0048294067382812 
-0.0048217773437500 
-0.0048217773437500 
-0.0048294067382812 
-0.0048370361328125 
-0.0048370361328125 
-0.0048446655273438 
-0.0048446655273438 
-0.0048370361328125 
-0.0048294067382812 
-0.0048294067382812 
-0.0048294067382812 
-0.0048294067382812 
-0.0048217773437500 
-0.0048217773437500 
-0.0048141479492188 
-0.0048141479492188 
-0.0048065185546875 
-0.0047988891601562 
-0.0048065185546875 
-0.0048141479492188 
-0.0048141479492188 
-0.0048065185546875 
-0.0047988891601562 
-0.0048065185546875 
-0.0048065185546875 
-0.0048065185546875 
-0.0047988891601562 
-0.0048065185546875 
-0.0048141479492188 
-0.0048141479492188 
-0.0048217773437500 
-0.0048141479492188 
-0.0048141479492188 
-0.0048217773437500 
-0.0048217773437500 
-0.0048217773437500 
-0.0048217773437500 
-0.0048217773437500 
-0.0048217773437500 
-0.0048294067382812 
-0.0048370361328125 
-0.0048370361328125 
-0.0048446655273438 
-0.0048370361328125 
-0.0048370361328125 
-0.0048370361328125 
-0.0048370361328125 
-0.0048446655273438 
-0.0048522949218750 
-0.0048446655273438 
-0.0048522949218750 
-0.0048599243164062 
-0.0048599243164062 
-0.0048599243164062 
-0.0048599243164062 
-0.0048675537109375 
-0.0048675537109375 
-0.0048751831054688 
-0.0048675537109375 
-0.0048599243164062 
-0.0048522949218750 
-0.0048446655273438 
-0.0048370361328125 
-0.0048446655273438 
-0.0048446655273438 
-0.0048446655273438 
-0.0048446655273438 
-0.0048446655273438 
-0.0048446655273438 
-0.0048522949218750 
-0.0048446655273438 
-0.0048370361328125 
-0.0048446655273438 
-0.0048522949218750 
-0.0048522949218750 
-0.0048446655273438 
-0.0048522949218750 
-0.0048599243164062 
-0.0048675537109375 
-0.0048599243164062 
-0.0048675537109375 
-0.0048751831054688 
-0.0048675537109375 
-0.0048675537109375 
-0.0048675537109375 
-0.0048675537109375 
-0.0048675537109375 
-0.0048751831054688 
-0.0048751831054688 
-0.0048751831054688 
-0.0048751831054688 
-0.0048828125000000 
-0.0048904418945312 
-0.0048828125000000 
-0.0048828125000000 
-0.0048904418945312 
-0.0048904418945312 
-0.0048828125000000 
-0.0048828125000000 
-0.0048828125000000 
-0.0048828125000000 
-0.0048904418945312 
-0.0048904418945312 
-0.0048904418945312 
-0.0048980712890625 
-0.0049057006835938 
-0.0049057006835938 
-0.0049057006835938 
-0.0049133300781250 
-0.0049133300781250 
-0.0049057006835938 
-0.0049057006835938 
-0.0049133300781250 
-0.0049133300781250 
-0.0049209594726562 
-0.0049285888671875 
-0.0049362182617188 
-0.0049285888671875 
-0.0049362182617188 
-0.0049438476562500 
-0.0049362182617188 
-0.0049362182617188 
-0.0049438476562500 
-0.0049362182617188 
-0.0049362182617188 
-0.0049438476562500 
-0.0049438476562500 
-0.0049514770507812 
-0.0049438476562500 
-0.0049514770507812 
-0.0049438476562500 
-0.0049362182617188 
-0.0049285888671875 
-0.0049362182617188 
-0.0049362182617188 
-0.0049285888671875 
-0.0049209594726562 
-0.0049133300781250 
-0.0049209594726562 
-0.0049209594726562 
-0.0049285888671875 
-0.0049285888671875 
-0.0049362182617188 
-0.0049362182617188 
-0.0049285888671875 
-0.0049209594726562 
-0.0049133300781250 
-0.0049209594726562 
-0.0049133300781250 
-0.0049057006835938 
-0.0048980712890625 
-0.0049057006835938 
-0.0048980712890625 
-0.0048904418945312 
-0.0048904418945312 
-0.0048828125000000 
-0.0048751831054688 
-0.0048675537109375 
-0.0048751831054688 
-0.0048828125000000 
-0.0048904418945312 
-0.0048904418945312 
-0.0048904418945312 
-0.0048980712890625 
-0.0048904418945312 
-0.0048828125000000 
-0.0048751831054688 
-0.0048751831054688 
-0.0048828125000000 
-0.0048751831054688 
-0.0048751831054688 
-0.0048751831054688 
-0.0048675537109375 
-0.0048675537109375 
-0.0048751831054688 
-0.0048828125000000 
-0.0048751831054688 
-0.0048828125000000 
-0.0048828125000000 
-0.0048751831054688 
-0.0048751831054688 
-0.0048828125000000 
-0.0048828125000000 
-0.0048751831054688 
-0.0048751831054688 
-0.0048675537109375 
-0.0048675537109375 
-0.0048751831054688 
-0.0048828125000000 
-0.0048751831054688 
-0.0048828125000000 
-0.0048904418945312 
-0.0048980712890625 
-0.0048904418945312 
-0.0048828125000000 
-0.0048904418945312 
-0.0048980712890625 
-0.0049057006835938 
-0.0049057006835938 
-0.0049057006835938 
-0.0049133300781250 
-0.0049057006835938 
-0.0048980712890625 
-0.0048980712890625 
-0.0048904418945312 
-0.0048828125000000 
-0.0048904418945312 
-0.0048828125000000 
-0.0048828125000000 
-0.0048751831054688 
-0.0048751831054688 
-0.0048675537109375 
-0.0048675537109375 
-0.0048751831054688 
-0.0048675537109375 
-0.0048599243164062 
-0.0048522949218750 
-0.0048599243164062 
-0.0048522949218750 
-0.0048522949218750 
-0.0048599243164062 
-0.0048522949218750 
-0.0048522949218750 
-0.0048599243164062 
-0.0048599243164062 
-0.0048599243164062 
-0.0048675537109375 
-0.0048675537109375 
-0.0048751831054688 
-0.0048828125000000 
-0.0048904418945312 
-0.0048980712890625 
-0.0048904418945312 
-0.0048828125000000 
-0.0048751831054688 
-0.0048828125000000 
-0.0048828125000000 
-0.0048751831054688 
-0.0048751831054688 
-0.0048675537109375 
-0.0048751831054688 
-0.0048751831054688 
-0.0048828125000000 
-0.0048828125000000 
-0.0048828125000000 
-0.0048751831054688 
-0.0048751831054688 
-0.0048675537109375 
-0.0048751831054688 
-0.0048675537109375 
-0.0048675537109375 
-0.0048751831054688 
-0.0048828125000000 
-0.0048751831054688 
-0.0048828125000000 
-0.0048904418945312 
-0.0048904418945312 
-0.0048828125000000 
-0.0048751831054688 
-0.0048828125000000 
-0.0048751831054688 
-0.0048828125000000 
-0.0048904418945312 
-0.0048904418945312 
-0.0048980712890625 
-0.0048904418945312 
-0.0048904418945312 
-0.0048904418945312 
-0.0048904418945312 
-0.0048904418945312 
-0.0048828125000000 
-0.0048904418945312 
-0.0048904418945312 
-0.0048980712890625 
-0.0048980712890625 
-0.0048980712890625 
-0.0048904418945312 
-0.0048980712890625 
-0.0048904418945312 
-0.0048904418945312 
-0.0048904418945312 
-0.0048828125000000 
-0.0048828125000000 
-0.0048751831054688 
-0.0048828125000000 
-0.0048751831054688 
-0.0048675537109375 
-0.0048751831054688 
-0.0048751831054688 
-0.0048751831054688 
-0.0048751831054688 
-0.0048828125000000 
-0.0048751831054688 
-0.0048675537109375 
-0.0048751831054688 
-0.0048675537109375 
-0.0048751831054688 
-0.0048751831054688 
-0.0048751831054688 
-0.0048675537109375 
-0.0048751831054688 
-0.0048828125000000 
-0.0048904418945312 
-0.0048904418945312 
-0.0048828125000000 
-0.0048904418945312 
-0.0048904418945312 
-0.0048828125000000 
-0.0048904418945312 
-0.0048828125000000 
-0.0048828125000000 
-0.0048751831054688 
-0.0048828125000000 
-0.0048828125000000 
-0.0048751831054688 
-0.0048828125000000 
-0.0048828125000000 
-0.0048828125000000 
-0.0048904418945312 
-0.0048828125000000 
-0.0048828125000000 
-0.0048751831054688 
-0.0048828125000000 
-0.0048904418945312 
-0.0048980712890625 
-0.0048980712890625 
-0.0048904418945312 
-0.0048828125000000 
-0.0048904418945312 
-0.0048980712890625 
-0.0048904418945312 
-0.0048904418945312 
-0.0048980712890625 
-0.0048904418945312 
-0.0048904418945312 
-0.0048980712890625 
-0.0049057006835938 
-0.0049133300781250 
-0.0049057006835938 
-0.0048980712890625 
-0.0048980712890625 
-0.0048904418945312 
-0.0048904418945312 
-0.0048828125000000 
-0.0048751831054688 
-0.0048675537109375 
-0.0048675537109375 
-0.0048675537109375 
-0.0048675537109375 
-0.0048675537109375 
-0.0048675537109375 
-0.0048599243164062 
-0.0048675537109375 
-0.0048751831054688 
-0.0048751831054688 
-0.0048828125000000 
-0.0048904418945312 
-0.0048980712890625 
-0.0048980712890625 
-0.0049057006835938 
-0.0048980712890625 
-0.0049057006835938 
-0.0048980712890625 
-0.0048980712890625 
-0.0048980712890625 
-0.0048904418945312 
-0.0048828125000000 
-0.0048751831054688 
-0.0048675537109375 
-0.0048675537109375 
-0.0048751831054688 
-0.0048675537109375 
-0.0048599243164062 
-0.0048675537109375 
-0.0048751831054688 
-0.0048751831054688 
-0.0048751831054688 
-0.0048828125000000 
-0.0048904418945312 
-0.0048904418945312 
-0.0048828125000000 
-0.0048751831054688 
-0.0048828125000000 
-0.0048904418945312 
-0.0048980712890625 
-0.0048980712890625 
-0.0048904418945312 
-0.0048828125000000 
-0.0048904418945312 
-0.0048980712890625 
-0.0048904418945312 
-0.0048828125000000 
-0.0048904418945312 
-0.0048828125000000 
-0.0048751831054688 
-0.0048828125000000 
-0.0048904418945312 
-0.0048828125000000 
-0.0048751831054688 
-0.0048828125000000 
-0.0048751831054688 
-0.0048751831054688 
-0.0048828125000000 
-0.0048828125000000 
-0.0048828125000000 
-0.0048828125000000 
-0.0048751831054688 
-0.0048675537109375 
-0.0048751831054688 
-0.0048675537109375 
-0.0048751831054688 
-0.0048675537109375 
-0.0048675537109375 
-0.0048751831054688 
-0.0048751831054688 
-0.0048828125000000 
-0.0048751831054688 
-0.0048675537109375 
-0.0048751831054688 
-0.0048751831054688 
-0.0048828125000000 
-0.0048904418945312 
-0.0048828125000000 
-0.0048904418945312 
-0.0048980712890625 
-0.0048980712890625 
-0.0048980712890625 
-0.0048980712890625 
-0.0048980712890625 
-0.0049057006835938 
-0.0049057006835938 
-0.0049057006835938 
-0.0049133300781250 
-0.0049133300781250 
-0.0049209594726562 
-0.0049285888671875 
-0.0049285888671875 
-0.0049362182617188 
-0.0049362182617188 
-0.0049362182617188 
-0.0049362182617188 
-0.0049285888671875 
-0.0049362182617188 
-0.0049285888671875 
-0.0049362182617188 
-0.0049438476562500 
-0.0049438476562500 
-0.0049514770507812 
-0.0049591064453125 
-0.0049591064453125 
-0.0049591064453125 
-0.0049591064453125 
-0.0049591064453125 
-0.0049514770507812 
-0.0049514770507812 
-0.0049591064453125 
-0.0049591064453125 
-0.0049667358398438 
-0.0049667358398438 
-0.0049743652343750 
-0.0049667358398438 
-0.0049743652343750 
-0.0049819946289062 
-0.0049819946289062 
-0.0049819946289062 
-0.0049743652343750 
-0.0049667358398438 
-0.0049667358398438 
-0.0049743652343750 
-0.0049743652343750 
-0.0049819946289062 
-0.0049819946289062 
-0.0049743652343750 
-0.0049667358398438 
-0.0049667358398438 
-0.0049667358398438 
-0.0049591064453125 
-0.0049514770507812 
-0.0049438476562500 
-0.0049438476562500 
-0.0049362182617188 
-0.0049285888671875 
-0.0049362182617188 
-0.0049362182617188 
-0.0049285888671875 
-0.0049209594726562 
-0.0049133300781250 
-0.0049133300781250 
-0.0049133300781250 
-0.0049057006835938 
-0.0049133300781250 
-0.0049057006835938 
-0.0049133300781250 
-0.0049209594726562 
-0.0049133300781250 
-0.0049057006835938 
-0.0049133300781250 
-0.0049057006835938 
-0.0049057006835938 
-0.0048980712890625 
-0.0049057006835938 
-0.0049133300781250 
-0.0049057006835938 
-0.0049057006835938 
-0.0049057006835938 
-0.0049057006835938 
-0.0049057006835938 
-0.0048980712890625 
-0.0049057006835938 
-0.0049133300781250 
-0.0049057006835938 
-0.0048980712890625 
-0.0048980712890625 
-0.0048980712890625 
-0.0048980712890625 
-0.0048904418945312 
-0.0048904418945312 
-0.0048828125000000 
-0.0048904418945312 
-0.0048980712890625 
-0.0048980712890625 
-0.0049057006835938 
-0.0049057006835938 
-0.0049057006835938 
-0.0048980712890625 
-0.0048904418945312 
-0.0048904418945312 
-0.0048828125000000 
-0.0048751831054688 
-0.0048751831054688 
-0.0048675537109375 
-0.0048599243164062 
-0.0048675537109375 
-0.0048599243164062 
-0.0048599243164062 
-0.0048675537109375 
-0.0048751831054688 
-0.0048751831054688 
-0.0048828125000000 
-0.0048828125000000 
-0.0048828125000000 
-0.0048904418945312 
-0.0048828125000000 
-0.0048828125000000 
-0.0048751831054688 
-0.0048675537109375 
-0.0048675537109375 
-0.0048675537109375 
-0.0048675537109375 
-0.0048751831054688 
-0.0048751831054688 
-0.0048751831054688 
-0.0048675537109375 
-0.0048675537109375 
-0.0048675537109375 
-0.0048599243164062 
-0.0048599243164062 
-0.0048675537109375 
-0.0048675537109375 
-0.0048675537109375 
-0.0048599243164062 
-0.0048522949218750 
-0.0048446655273438 
-0.0048370361328125 
-0.0048370361328125 
-0.0048294067382812 
-0.0048370361328125 
-0.0048370361328125 
-0.0048446655273438 
-0.0048370361328125 
-0.0048294067382812 
-0.0048370361328125 
-0.0048370361328125 
-0.0048370361328125 
-0.0048370361328125 
-0.0048446655273438 
-0.0048522949218750 
-0.0048446655273438 
-0.0048370361328125 
-0.0048370361328125 
-0.0048294067382812 
-0.0048217773437500 
-0.0048217773437500 
-0.0048141479492188 
-0.0048217773437500 
-0.0048217773437500 
-0.0048217773437500 
-0.0048217773437500 
-0.0048141479492188 
-0.0048217773437500 
-0.0048217773437500 
-0.0048217773437500 
-0.0048141479492188 
-0.0048065185546875 
-0.0048065185546875 
-0.0048065185546875 
-0.0048141479492188 
-0.0048141479492188 
-0.0048217773437500 
-0.0048294067382812 
-0.0048217773437500 
-0.0048141479492188 
-0.0048141479492188 
-0.0048065185546875 
-0.0048141479492188 
-0.0048217773437500 
-0.0048294067382812 
-0.0048370361328125 
-0.0048370361328125 
-0.0048370361328125 
-0.0048294067382812 
-0.0048370361328125 
-0.0048370361328125 
-0.0048294067382812 
-0.0048370361328125 
-0.0048370361328125 
-0.0048370361328125 
-0.0048294067382812 
-0.0048217773437500 
-0.0048217773437500 
-0.0048294067382812 
-0.0048294067382812 
-0.0048370361328125 
-0.0048294067382812 
-0.0048294067382812 
-0.0048370361328125 
-0.0048370361328125 
-0.0048446655273438 
-0.0048446655273438 
-0.0048446655273438 
-0.0048370361328125 
-0.0048446655273438 
-0.0048446655273438 
-0.0048370361328125 
-0.0048370361328125 
-0.0048370361328125 
-0.0048294067382812 
-0.0048294067382812 
-0.0048294067382812 
-0.0048294067382812 
-0.0048370361328125 
-0.0048294067382812 
-0.0048294067382812 
-0.0048217773437500 
-0.0048141479492188 
-0.0048065185546875 
-0.0048141479492188 
-0.0048065185546875 
-0.0047988891601562 
-0.0047988891601562 
-0.0047988891601562 
-0.0047912597656250 
-0.0047836303710938 
-0.0047912597656250 
-0.0047912597656250 
-0.0047988891601562 
-0.0047988891601562 
-0.0048065185546875 
-0.0048141479492188 
-0.0048065185546875 
-0.0047988891601562 
-0.0048065185546875 
-0.0048141479492188 
-0.0048065185546875 
-0.0048065185546875 
-0.0048141479492188 
-0.0048065185546875 
-0.0048065185546875 
-0.0047988891601562 
-0.0048065185546875 
-0.0048141479492188 
-0.0048065185546875 
-0.0048065185546875 
-0.0047988891601562 
-0.0047912597656250 
-0.0047912597656250 
-0.0047988891601562 
-0.0048065185546875 
-0.0048141479492188 
-0.0048065185546875 
-0.0048065185546875 
-0.0048065185546875 
-0.0047988891601562 
-0.0047912597656250 
-0.0047912597656250 
-0.0047988891601562 
-0.0047912597656250 
-0.0047836303710938 
-0.0047760009765625 
-0.0047683715820312 
-0.0047760009765625 
-0.0047683715820312 
-0.0047683715820312 
-0.0047607421875000 
-0.0047607421875000 
-0.0047683715820312 
-0.0047607421875000 
-0.0047607421875000 
-0.0047531127929688 
-0.0047454833984375 
-0.0047454833984375 
-0.0047378540039062 
-0.0047454833984375 
-0.0047454833984375 
-0.0047378540039062 
-0.0047302246093750 
-0.0047225952148438 
-0.0047302246093750 
-0.0047225952148438 
-0.0047302246093750 
-0.0047378540039062 
-0.0047302246093750 
-0.0047378540039062 
-0.0047378540039062 
-0.0047302246093750 
-0.0047378540039062 
-0.0047302246093750 
-0.0047302246093750 
-0.0047225952148438 
-0.0047302246093750 
-0.0047378540039062 
-0.0047302246093750 
-0.0047302246093750 
-0.0047378540039062 
-0.0047302246093750 
-0.0047225952148438 
-0.0047225952148438 
-0.0047225952148438 
-0.0047149658203125 
-0.0047073364257812 
-0.0047149658203125 
-0.0047225952148438 
-0.0047149658203125 
-0.0047073364257812 
-0.0047073364257812 
-0.0047073364257812 
-0.0047149658203125 
-0.0047073364257812 
-0.0047149658203125 
-0.0047225952148438 
-0.0047302246093750 
-0.0047378540039062 
-0.0047378540039062 
-0.0047302246093750 
-0.0047302246093750 
-0.0047378540039062 
-0.0047302246093750 
-0.0047302246093750 
-0.0047302246093750 
-0.0047378540039062 
-0.0047378540039062 
-0.0047378540039062 
-0.0047378540039062 
-0.0047454833984375 
-0.0047531127929688 
-0.0047607421875000 
-0.0047683715820312 
-0.0047607421875000 
-0.0047607421875000 
-0.0047531127929688 
-0.0047531127929688 
-0.0047607421875000 
-0.0047683715820312 
-0.0047683715820312 
-0.0047683715820312 
-0.0047683715820312 
-0.0047607421875000 
-0.0047683715820312 
-0.0047607421875000 
-0.0047683715820312 
-0.0047760009765625 
-0.0047836303710938 
-0.0047836303710938 
-0.0047836303710938 
-0.0047912597656250 
-0.0047988891601562 
-0.0047988891601562 
-0.0047912597656250 
-0.0047912597656250 
-0.0047912597656250 
-0.0047912597656250 
-0.0047912597656250 
-0.0047988891601562 
-0.0048065185546875 
-0.0048141479492188 
-0.0048217773437500 
-0.0048217773437500 
-0.0048294067382812 
-0.0048370361328125 
-0.0048446655273438 
-0.0048370361328125 
-0.0048370361328125 
-0.0048446655273438 
-0.0048446655273438 
-0.0048370361328125 
-0.0048446655273438 
-0.0048446655273438 
-0.0048522949218750 
-0.0048522949218750 
-0.0048522949218750 
-0.0048599243164062 
-0.0048522949218750 
-0.0048599243164062 
-0.0048675537109375 
-0.0048751831054688 
-0.0048751831054688 
-0.0048675537109375 
-0.0048599243164062 
-0.0048675537109375 
-0.0048599243164062 
-0.0048675537109375 
-0.0048675537109375 
-0.0048599243164062 
-0.0048599243164062 
-0.0048675537109375 
-0.0048751831054688 
-0.0048675537109375 
-0.0048675537109375 
-0.0048675537109375 
-0.0048675537109375 
-0.0048599243164062 
-0.0048675537109375 
-0.0048675537109375 
-0.0048675537109375 
-0.0048751831054688 
-0.0048751831054688 
-0.0048751831054688 
-0.0048828125000000 
-0.0048904418945312 
-0.0048980712890625 
-0.0048980712890625 
-0.0048904418945312 
-0.0048904418945312 
-0.0048904418945312 
-0.0048828125000000 
-0.0048751831054688 
-0.0048751831054688 
-0.0048828125000000 
-0.0048751831054688 
-0.0048675537109375 
-0.0048599243164062 
-0.0048522949218750 
-0.0048522949218750 
-0.0048446655273438 
-0.0048522949218750 
-0.0048522949218750 
-0.0048522949218750 
-0.0048522949218750 
-0.0048446655273438 
-0.0048446655273438 
-0.0048522949218750 
-0.0048522949218750 
-0.0048522949218750 
-0.0048446655273438 
-0.0048370361328125 
-0.0048370361328125 
-0.0048370361328125 
-0.0048446655273438 
-0.0048446655273438 
-0.0048370361328125 
-0.0048446655273438 
-0.0048370361328125 
-0.0048294067382812 
-0.0048370361328125 
-0.0048446655273438 
-0.0048446655273438 
-0.0048522949218750 
-0.0048446655273438 
-0.0048446655273438 
-0.0048522949218750 
-0.0048522949218750 
-0.0048599243164062 
-0.0048599243164062 
-0.0048522949218750 
-0.0048599243164062 
-0.0048675537109375 
-0.0048599243164062 
-0.0048522949218750 
-0.0048522949218750 
-0.0048599243164062 
-0.0048675537109375 
-0.0048675537109375 
-0.0048751831054688 
-0.0048828125000000 
-0.0048751831054688 
-0.0048751831054688 
-0.0048828125000000 
-0.0048828125000000 
-0.0048828125000000 
-0.0048904418945312 
-0.0048828125000000 
-0.0048904418945312 
-0.0048828125000000 
-0.0048904418945312 
-0.0048828125000000 
-0.0048828125000000 
-0.0048828125000000 
-0.0048751831054688 
-0.0048828125000000 
-0.0048751831054688 
-0.0048675537109375 
-0.0048675537109375 
-0.0048751831054688 
-0.0048751831054688 
-0.0048751831054688 
-0.0048675537109375 
-0.0048599243164062 
-0.0048599243164062 
-0.0048522949218750 
-0.0048522949218750 
-0.0048522949218750 
-0.0048522949218750 
-0.0048522949218750 
-0.0048446655273438 
-0.0048522949218750 
-0.0048446655273438 
-0.0048446655273438 
-0.0048370361328125 
-0.0048370361328125 
-0.0048370361328125 
-0.0048446655273438 
-0.0048522949218750 
-0.0048599243164062 
-0.0048522949218750 
-0.0048599243164062 
-0.0048599243164062 
-0.0048599243164062 
-0.0048675537109375 
-0.0048751831054688 
-0.0048751831054688 
-0.0048828125000000 
-0.0048751831054688 
-0.0048675537109375 
-0.0048599243164062 
-0.0048522949218750 
-0.0048522949218750 
-0.0048599243164062 
-0.0048522949218750 
-0.0048599243164062 
-0.0048675537109375 
-0.0048675537109375 
-0.0048599243164062 
-0.0048522949218750 
-0.0048599243164062 
-0.0048522949218750 
-0.0048446655273438 
-0.0048446655273438 
-0.0048446655273438 
-0.0048446655273438 
-0.0048370361328125 
-0.0048446655273438 
-0.0048522949218750 
-0.0048446655273438 
-0.0048522949218750 
-0.0048522949218750 
-0.0048446655273438 
-0.0048370361328125 
-0.0048370361328125 
-0.0048294067382812 
-0.0048294067382812 
-0.0048217773437500 
-0.0048217773437500 
-0.0048217773437500 
-0.0048294067382812 
-0.0048370361328125 
-0.0048294067382812 
-0.0048294067382812 
-0.0048217773437500 
-0.0048217773437500 
-0.0048294067382812 
-0.0048294067382812 
-0.0048370361328125 
-0.0048294067382812 
-0.0048370361328125 
-0.0048370361328125 
-0.0048370361328125 
-0.0048446655273438 
-0.0048522949218750 
-0.0048446655273438 
-0.0048446655273438 
-0.0048522949218750 
-0.0048446655273438 
-0.0048522949218750 
-0.0048599243164062 
-0.0048522949218750 
-0.0048446655273438 
-0.0048370361328125 
