-0.0031433105468750 
-0.0031509399414062 
-0.0031433105468750 
-0.0031356811523438 
-0.0031433105468750 
-0.0031509399414062 
-0.0031585693359375 
-0.0031509399414062 
-0.0031585693359375 
-0.0031509399414062 
-0.0031433105468750 
-0.0031433105468750 
-0.0031356811523438 
-0.0031433105468750 
-0.0031356811523438 
-0.0031280517578125 
-0.0031280517578125 
-0.0031204223632812 
-0.0031127929687500 
-0.0031204223632812 
-0.0031204223632812 
-0.0031127929687500 
-0.0031127929687500 
-0.0031051635742188 
-0.0030975341796875 
-0.0031051635742188 
-0.0030975341796875 
-0.0030975341796875 
-0.0031051635742188 
-0.0030975341796875 
-0.0031051635742188 
-0.0031127929687500 
-0.0031204223632812 
-0.0031280517578125 
-0.0031356811523438 
-0.0031280517578125 
-0.0031204223632812 
-0.0031127929687500 
-0.0031204223632812 
-0.0031204223632812 
-0.0031127929687500 
-0.0031127929687500 
-0.0031204223632812 
-0.0031127929687500 
-0.0031127929687500 
-0.0031204223632812 
-0.0031127929687500 
-0.0031051635742188 
-0.0031127929687500 
-0.0031204223632812 
-0.0031204223632812 
-0.0031280517578125 
-0.0031356811523438 
-0.0031433105468750 
-0.0031433105468750 
-0.0031433105468750 
-0.0031433105468750 
-0.0031509399414062 
-0.0031433105468750 
-0.0031433105468750 
-0.0031356811523438 
-0.0031433105468750 
-0.0031356811523438 
-0.0031356811523438 
-0.0031433105468750 
-0.0031356811523438 
-0.0031433105468750 
-0.0031433105468750 
-0.0031356811523438 
-0.0031433105468750 
-0.0031509399414062 
-0.0031433105468750 
-0.0031433105468750 
-0.0031356811523438 
-0.0031280517578125 
-0.0031356811523438 
-0.0031356811523438 
-0.0031433105468750 
-0.0031433105468750 
-0.0031509399414062 
-0.0031585693359375 
-0.0031585693359375 
-0.0031585693359375 
-0.0031661987304688 
-0.0031585693359375 
-0.0031661987304688 
-0.0031585693359375 
-0.0031661987304688 
-0.0031661987304688 
-0.0031585693359375 
-0.0031661987304688 
-0.0031585693359375 
-0.0031661987304688 
-0.0031585693359375 
-0.0031661987304688 
-0.0031738281250000 
-0.0031814575195312 
-0.0031890869140625 
-0.0031814575195312 
-0.0031738281250000 
-0.0031738281250000 
-0.0031661987304688 
-0.0031661987304688 
-0.0031661987304688 
-0.0031661987304688 
-0.0031738281250000 
-0.0031814575195312 
-0.0031738281250000 
-0.0031814575195312 
-0.0031890869140625 
-0.0031814575195312 
-0.0031738281250000 
-0.0031814575195312 
-0.0031890869140625 
-0.0031814575195312 
-0.0031814575195312 
-0.0031738281250000 
-0.0031661987304688 
-0.0031661987304688 
-0.0031585693359375 
-0.0031509399414062 
-0.0031585693359375 
-0.0031509399414062 
-0.0031433105468750 
-0.0031356811523438 
-0.0031280517578125 
-0.0031356811523438 
-0.0031433105468750 
-0.0031433105468750 
-0.0031356811523438 
-0.0031356811523438 
-0.0031356811523438 
-0.0031280517578125 
-0.0031204223632812 
-0.0031127929687500 
-0.0031127929687500 
-0.0031051635742188 
-0.0031127929687500 
-0.0031127929687500 
-0.0031051635742188 
-0.0030975341796875 
-0.0030975341796875 
-0.0031051635742188 
-0.0031127929687500 
-0.0031127929687500 
-0.0031051635742188 
-0.0031051635742188 
-0.0031051635742188 
-0.0031051635742188 
-0.0030975341796875 
-0.0031051635742188 
-0.0030975341796875 
-0.0030899047851562 
-0.0030975341796875 
-0.0031051635742188 
-0.0031127929687500 
-0.0031051635742188 
-0.0031127929687500 
-0.0031204223632812 
-0.0031280517578125 
-0.0031204223632812 
-0.0031280517578125 
-0.0031204223632812 
-0.0031127929687500 
-0.0031051635742188 
-0.0031127929687500 
-0.0031051635742188 
-0.0031127929687500 
-0.0031127929687500 
-0.0031204223632812 
-0.0031127929687500 
-0.0031204223632812 
-0.0031280517578125 
-0.0031204223632812 
-0.0031127929687500 
-0.0031204223632812 
-0.0031127929687500 
-0.0031204223632812 
-0.0031127929687500 
-0.0031204223632812 
-0.0031280517578125 
-0.0031280517578125 
-0.0031280517578125 
-0.0031204223632812 
-0.0031127929687500 
-0.0031127929687500 
-0.0031127929687500 
-0.0031051635742188 
-0.0031127929687500 
-0.0031127929687500 
-0.0031127929687500 
-0.0031204223632812 
-0.0031280517578125 
-0.0031204223632812 
-0.0031280517578125 
-0.0031280517578125 
-0.0031356811523438 
-0.0031433105468750 
-0.0031509399414062 
-0.0031509399414062 
-0.0031433105468750 
-0.0031509399414062 
-0.0031509399414062 
-0.0031433105468750 
-0.0031356811523438 
-0.0031280517578125 
-0.0031204223632812 
-0.0031280517578125 
-0.0031356811523438 
-0.0031356811523438 
-0.0031356811523438 
-0.0031433105468750 
-0.0031356811523438 
-0.0031280517578125 
-0.0031204223632812 
-0.0031127929687500 
-0.0031051635742188 
-0.0030975341796875 
-0.0031051635742188 
-0.0030975341796875 
-0.0030899047851562 
-0.0030899047851562 
-0.0030899047851562 
-0.0030822753906250 
-0.0030746459960938 
-0.0030822753906250 
-0.0030822753906250 
-0.0030822753906250 
-0.0030822753906250 
-0.0030899047851562 
-0.0030975341796875 
-0.0030899047851562 
-0.0030822753906250 
-0.0030746459960938 
-0.0030746459960938 
-0.0030746459960938 
-0.0030746459960938 
-0.0030746459960938 
-0.0030822753906250 
-0.0030899047851562 
-0.0030975341796875 
-0.0031051635742188 
-0.0031051635742188 
-0.0031127929687500 
-0.0031051635742188 
-0.0031051635742188 
-0.0031051635742188 
-0.0030975341796875 
-0.0030975341796875 
-0.0030899047851562 
-0.0030822753906250 
-0.0030899047851562 
-0.0030975341796875 
-0.0030899047851562 
-0.0030975341796875 
-0.0030975341796875 
-0.0031051635742188 
-0.0031051635742188 
-0.0031127929687500 
-0.0031051635742188 
-0.0031051635742188 
-0.0031051635742188 
-0.0031127929687500 
-0.0031127929687500 
-0.0031051635742188 
-0.0030975341796875 
-0.0030975341796875 
-0.0030975341796875 
-0.0031051635742188 
-0.0031051635742188 
-0.0031051635742188 
-0.0030975341796875 
-0.0030975341796875 
-0.0031051635742188 
-0.0030975341796875 
-0.0030899047851562 
-0.0030899047851562 
-0.0030975341796875 
-0.0030899047851562 
-0.0030899047851562 
-0.0030975341796875 
-0.0031051635742188 
-0.0030975341796875 
-0.0030975341796875 
-0.0031051635742188 
-0.0031051635742188 
-0.0030975341796875 
-0.0031051635742188 
-0.0030975341796875 
-0.0031051635742188 
-0.0031051635742188 
-0.0030975341796875 
-0.0031051635742188 
-0.0031051635742188 
-0.0031127929687500 
-0.0031051635742188 
-0.0031051635742188 
-0.0030975341796875 
-0.0030975341796875 
-0.0030975341796875 
-0.0031051635742188 
-0.0030975341796875 
-0.0030899047851562 
-0.0030899047851562 
-0.0030975341796875 
-0.0030899047851562 
-0.0030822753906250 
-0.0030746459960938 
-0.0030670166015625 
-0.0030593872070312 
-0.0030670166015625 
-0.0030593872070312 
-0.0030670166015625 
-0.0030746459960938 
-0.0030822753906250 
-0.0030746459960938 
-0.0030746459960938 
-0.0030670166015625 
-0.0030746459960938 
-0.0030670166015625 
-0.0030593872070312 
-0.0030517578125000 
-0.0030517578125000 
-0.0030441284179688 
-0.0030364990234375 
-0.0030441284179688 
-0.0030441284179688 
-0.0030364990234375 
-0.0030364990234375 
-0.0030441284179688 
-0.0030364990234375 
-0.0030364990234375 
-0.0030441284179688 
-0.0030441284179688 
-0.0030441284179688 
-0.0030517578125000 
-0.0030593872070312 
-0.0030670166015625 
-0.0030746459960938 
-0.0030822753906250 
-0.0030746459960938 
-0.0030670166015625 
-0.0030593872070312 
-0.0030517578125000 
-0.0030517578125000 
-0.0030593872070312 
-0.0030593872070312 
-0.0030517578125000 
-0.0030593872070312 
-0.0030517578125000 
-0.0030517578125000 
-0.0030441284179688 
-0.0030517578125000 
-0.0030517578125000 
-0.0030517578125000 
-0.0030593872070312 
-0.0030517578125000 
-0.0030593872070312 
-0.0030593872070312 
-0.0030517578125000 
-0.0030441284179688 
-0.0030364990234375 
-0.0030288696289062 
-0.0030212402343750 
-0.0030136108398438 
-0.0030212402343750 
-0.0030136108398438 
-0.0030212402343750 
-0.0030136108398438 
-0.0030136108398438 
-0.0030212402343750 
-0.0030288696289062 
-0.0030364990234375 
-0.0030288696289062 
-0.0030212402343750 
-0.0030288696289062 
-0.0030212402343750 
-0.0030212402343750 
-0.0030212402343750 
-0.0030136108398438 
-0.0030059814453125 
-0.0030136108398438 
-0.0030212402343750 
-0.0030288696289062 
-0.0030212402343750 
-0.0030288696289062 
-0.0030212402343750 
-0.0030288696289062 
-0.0030212402343750 
-0.0030288696289062 
-0.0030364990234375 
-0.0030288696289062 
-0.0030364990234375 
-0.0030288696289062 
-0.0030364990234375 
-0.0030288696289062 
-0.0030212402343750 
-0.0030136108398438 
-0.0030212402343750 
-0.0030288696289062 
-0.0030288696289062 
-0.0030364990234375 
-0.0030441284179688 
-0.0030517578125000 
-0.0030441284179688 
-0.0030517578125000 
-0.0030441284179688 
-0.0030517578125000 
-0.0030517578125000 
-0.0030441284179688 
-0.0030441284179688 
-0.0030364990234375 
-0.0030288696289062 
-0.0030364990234375 
-0.0030288696289062 
-0.0030288696289062 
-0.0030364990234375 
-0.0030288696289062 
-0.0030364990234375 
-0.0030364990234375 
-0.0030288696289062 
-0.0030212402343750 
-0.0030288696289062 
-0.0030364990234375 
-0.0030441284179688 
-0.0030364990234375 
-0.0030364990234375 
-0.0030441284179688 
-0.0030364990234375 
-0.0030441284179688 
-0.0030517578125000 
-0.0030517578125000 
-0.0030517578125000 
-0.0030517578125000 
-0.0030517578125000 
-0.0030593872070312 
-0.0030593872070312 
-0.0030593872070312 
-0.0030517578125000 
-0.0030441284179688 
-0.0030364990234375 
-0.0030441284179688 
-0.0030364990234375 
-0.0030364990234375 
-0.0030364990234375 
-0.0030364990234375 
-0.0030288696289062 
-0.0030212402343750 
-0.0030136108398438 
-0.0030136108398438 
-0.0030212402343750 
-0.0030136108398438 
-0.0030059814453125 
-0.0030136108398438 
-0.0030059814453125 
-0.0029983520507812 
-0.0029983520507812 
-0.0029907226562500 
-0.0029983520507812 
-0.0029983520507812 
-0.0029907226562500 
-0.0029983520507812 
-0.0029907226562500 
-0.0029907226562500 
-0.0029907226562500 
-0.0029830932617188 
-0.0029830932617188 
-0.0029754638671875 
-0.0029830932617188 
-0.0029830932617188 
-0.0029754638671875 
-0.0029830932617188 
-0.0029754638671875 
-0.0029830932617188 
-0.0029754638671875 
-0.0029678344726562 
-0.0029678344726562 
-0.0029678344726562 
-0.0029602050781250 
-0.0029602050781250 
-0.0029602050781250 
-0.0029678344726562 
-0.0029602050781250 
-0.0029602050781250 
-0.0029602050781250 
-0.0029678344726562 
-0.0029754638671875 
-0.0029678344726562 
-0.0029678344726562 
-0.0029754638671875 
-0.0029830932617188 
-0.0029754638671875 
-0.0029754638671875 
-0.0029678344726562 
-0.0029602050781250 
-0.0029525756835938 
-0.0029449462890625 
-0.0029525756835938 
-0.0029449462890625 
-0.0029525756835938 
-0.0029525756835938 
-0.0029602050781250 
-0.0029525756835938 
-0.0029602050781250 
-0.0029602050781250 
-0.0029525756835938 
-0.0029602050781250 
-0.0029678344726562 
-0.0029602050781250 
-0.0029678344726562 
-0.0029602050781250 
-0.0029678344726562 
-0.0029602050781250 
-0.0029525756835938 
-0.0029602050781250 
-0.0029602050781250 
-0.0029678344726562 
-0.0029678344726562 
-0.0029754638671875 
-0.0029754638671875 
-0.0029754638671875 
-0.0029830932617188 
-0.0029830932617188 
-0.0029754638671875 
-0.0029678344726562 
-0.0029678344726562 
-0.0029678344726562 
-0.0029602050781250 
-0.0029678344726562 
-0.0029602050781250 
-0.0029678344726562 
-0.0029602050781250 
-0.0029602050781250 
-0.0029602050781250 
-0.0029525756835938 
-0.0029525756835938 
-0.0029602050781250 
-0.0029525756835938 
-0.0029525756835938 
-0.0029602050781250 
-0.0029678344726562 
-0.0029678344726562 
-0.0029678344726562 
-0.0029754638671875 
-0.0029678344726562 
-0.0029754638671875 
-0.0029830932617188 
-0.0029907226562500 
-0.0029907226562500 
-0.0029907226562500 
-0.0029907226562500 
-0.0029907226562500 
-0.0029830932617188 
-0.0029907226562500 
-0.0029983520507812 
-0.0029983520507812 
-0.0029907226562500 
-0.0029830932617188 
-0.0029830932617188 
-0.0029754638671875 
-0.0029678344726562 
-0.0029678344726562 
-0.0029602050781250 
-0.0029525756835938 
-0.0029449462890625 
-0.0029525756835938 
-0.0029525756835938 
-0.0029449462890625 
-0.0029449462890625 
-0.0029373168945312 
-0.0029296875000000 
-0.0029296875000000 
-0.0029373168945312 
-0.0029373168945312 
-0.0029449462890625 
-0.0029525756835938 
-0.0029602050781250 
-0.0029525756835938 
-0.0029602050781250 
-0.0029525756835938 
-0.0029602050781250 
-0.0029678344726562 
-0.0029678344726562 
-0.0029678344726562 
-0.0029754638671875 
-0.0029830932617188 
-0.0029907226562500 
-0.0029830932617188 
-0.0029754638671875 
-0.0029754638671875 
-0.0029754638671875 
-0.0029678344726562 
-0.0029602050781250 
-0.0029602050781250 
-0.0029525756835938 
-0.0029602050781250 
-0.0029678344726562 
-0.0029754638671875 
-0.0029754638671875 
-0.0029830932617188 
-0.0029830932617188 
-0.0029754638671875 
-0.0029830932617188 
-0.0029754638671875 
-0.0029678344726562 
-0.0029754638671875 
-0.0029754638671875 
-0.0029830932617188 
-0.0029754638671875 
-0.0029754638671875 
-0.0029830932617188 
-0.0029907226562500 
-0.0029983520507812 
-0.0030059814453125 
-0.0030059814453125 
-0.0030059814453125 
-0.0030136108398438 
-0.0030059814453125 
-0.0030136108398438 
-0.0030136108398438 
-0.0030059814453125 
-0.0029983520507812 
-0.0029983520507812 
-0.0029983520507812 
-0.0030059814453125 
-0.0030136108398438 
-0.0030212402343750 
-0.0030136108398438 
-0.0030136108398438 
-0.0030059814453125 
-0.0030136108398438 
-0.0030212402343750 
-0.0030136108398438 
-0.0030059814453125 
-0.0030059814453125 
-0.0030059814453125 
-0.0030136108398438 
-0.0030212402343750 
-0.0030136108398438 
-0.0030136108398438 
-0.0030212402343750 
-0.0030212402343750 
-0.0030288696289062 
-0.0030364990234375 
-0.0030441284179688 
-0.0030364990234375 
-0.0030441284179688 
-0.0030441284179688 
-0.0030441284179688 
-0.0030364990234375 
-0.0030364990234375 
-0.0030441284179688 
-0.0030517578125000 
-0.0030441284179688 
-0.0030441284179688 
-0.0030364990234375 
-0.0030288696289062 
-0.0030288696289062 
-0.0030212402343750 
-0.0030136108398438 
-0.0030059814453125 
-0.0029983520507812 
-0.0029983520507812 
-0.0029907226562500 
-0.0029830932617188 
-0.0029830932617188 
-0.0029754638671875 
-0.0029678344726562 
-0.0029602050781250 
-0.0029525756835938 
-0.0029525756835938 
-0.0029602050781250 
-0.0029525756835938 
-0.0029449462890625 
-0.0029373168945312 
-0.0029449462890625 
-0.0029373168945312 
-0.0029449462890625 
-0.0029525756835938 
-0.0029449462890625 
-0.0029525756835938 
-0.0029525756835938 
-0.0029449462890625 
-0.0029373168945312 
-0.0029373168945312 
-0.0029296875000000 
-0.0029373168945312 
-0.0029449462890625 
-0.0029373168945312 
-0.0029449462890625 
-0.0029373168945312 
-0.0029449462890625 
-0.0029373168945312 
-0.0029296875000000 
-0.0029220581054688 
-0.0029220581054688 
-0.0029144287109375 
-0.0029220581054688 
-0.0029144287109375 
-0.0029067993164062 
-0.0028991699218750 
-0.0028991699218750 
-0.0028991699218750 
-0.0028915405273438 
-0.0028991699218750 
-0.0029067993164062 
-0.0028991699218750 
-0.0028915405273438 
-0.0028991699218750 
-0.0029067993164062 
-0.0029144287109375 
-0.0029220581054688 
-0.0029296875000000 
-0.0029373168945312 
-0.0029449462890625 
-0.0029525756835938 
-0.0029602050781250 
-0.0029525756835938 
-0.0029602050781250 
-0.0029525756835938 
-0.0029525756835938 
-0.0029449462890625 
-0.0029525756835938 
-0.0029602050781250 
-0.0029602050781250 
-0.0029678344726562 
-0.0029754638671875 
-0.0029754638671875 
-0.0029754638671875 
-0.0029830932617188 
-0.0029830932617188 
-0.0029754638671875 
-0.0029830932617188 
-0.0029907226562500 
-0.0029830932617188 
-0.0029830932617188 
-0.0029830932617188 
-0.0029907226562500 
-0.0029830932617188 
-0.0029754638671875 
-0.0029678344726562 
-0.0029678344726562 
-0.0029602050781250 
-0.0029525756835938 
-0.0029449462890625 
-0.0029525756835938 
-0.0029449462890625 
-0.0029449462890625 
-0.0029373168945312 
-0.0029373168945312 
-0.0029449462890625 
-0.0029449462890625 
-0.0029525756835938 
-0.0029602050781250 
-0.0029678344726562 
-0.0029754638671875 
-0.0029678344726562 
-0.0029754638671875 
-0.0029830932617188 
-0.0029754638671875 
-0.0029678344726562 
-0.0029602050781250 
-0.0029525756835938 
-0.0029449462890625 
-0.0029373168945312 
-0.0029449462890625 
-0.0029373168945312 
-0.0029296875000000 
-0.0029373168945312 
-0.0029449462890625 
-0.0029525756835938 
-0.0029525756835938 
-0.0029525756835938 
-0.0029602050781250 
-0.0029602050781250 
-0.0029525756835938 
-0.0029602050781250 
-0.0029525756835938 
-0.0029525756835938 
-0.0029602050781250 
-0.0029678344726562 
-0.0029678344726562 
-0.0029754638671875 
-0.0029830932617188 
-0.0029754638671875 
-0.0029830932617188 
-0.0029907226562500 
-0.0029830932617188 
-0.0029907226562500 
-0.0029983520507812 
-0.0030059814453125 
-0.0029983520507812 
-0.0029983520507812 
-0.0029907226562500 
-0.0029830932617188 
-0.0029907226562500 
-0.0029830932617188 
-0.0029830932617188 
-0.0029907226562500 
-0.0029983520507812 
-0.0029983520507812 
-0.0029907226562500 
-0.0029830932617188 
-0.0029907226562500 
-0.0029830932617188 
-0.0029907226562500 
-0.0029907226562500 
-0.0029830932617188 
-0.0029907226562500 
-0.0029907226562500 
-0.0029983520507812 
-0.0029907226562500 
-0.0029830932617188 
-0.0029754638671875 
-0.0029830932617188 
-0.0029754638671875 
-0.0029754638671875 
-0.0029754638671875 
-0.0029678344726562 
-0.0029754638671875 
-0.0029830932617188 
-0.0029754638671875 
-0.0029678344726562 
-0.0029754638671875 
-0.0029678344726562 
-0.0029678344726562 
-0.0029602050781250 
-0.0029678344726562 
-0.0029602050781250 
-0.0029678344726562 
-0.0029602050781250 
-0.0029678344726562 
-0.0029602050781250 
-0.0029525756835938 
-0.0029449462890625 
-0.0029525756835938 
-0.0029602050781250 
-0.0029678344726562 
-0.0029754638671875 
-0.0029754638671875 
-0.0029830932617188 
-0.0029830932617188 
-0.0029754638671875 
-0.0029754638671875 
-0.0029754638671875 
-0.0029678344726562 
-0.0029602050781250 
-0.0029678344726562 
-0.0029678344726562 
-0.0029602050781250 
-0.0029678344726562 
-0.0029602050781250 
-0.0029525756835938 
-0.0029602050781250 
-0.0029525756835938 
-0.0029525756835938 
-0.0029525756835938 
-0.0029602050781250 
-0.0029678344726562 
-0.0029754638671875 
-0.0029678344726562 
-0.0029754638671875 
-0.0029754638671875 
-0.0029754638671875 
-0.0029754638671875 
-0.0029754638671875 
-0.0029678344726562 
-0.0029678344726562 
-0.0029678344726562 
-0.0029602050781250 
-0.0029602050781250 
-0.0029525756835938 
-0.0029602050781250 
-0.0029678344726562 
-0.0029754638671875 
-0.0029830932617188 
-0.0029830932617188 
-0.0029830932617188 
-0.0029907226562500 
-0.0029907226562500 
-0.0029983520507812 
-0.0029907226562500 
-0.0029983520507812 
-0.0029907226562500 
-0.0029830932617188 
-0.0029907226562500 
-0.0029830932617188 
-0.0029754638671875 
-0.0029678344726562 
-0.0029678344726562 
-0.0029678344726562 
-0.0029678344726562 
-0.0029754638671875 
-0.0029678344726562 
-0.0029754638671875 
-0.0029830932617188 
-0.0029907226562500 
-0.0029830932617188 
-0.0029907226562500 
-0.0029830932617188 
-0.0029907226562500 
-0.0029907226562500 
-0.0029983520507812 
-0.0029983520507812 
-0.0029983520507812 
-0.0030059814453125 
-0.0030059814453125 
-0.0030136108398438 
-0.0030136108398438 
-0.0030059814453125 
-0.0030059814453125 
-0.0029983520507812 
-0.0029907226562500 
-0.0029907226562500 
-0.0029830932617188 
-0.0029830932617188 
-0.0029830932617188 
-0.0029907226562500 
-0.0029907226562500 
-0.0029983520507812 
-0.0029907226562500 
-0.0029907226562500 
-0.0029830932617188 
-0.0029754638671875 
-0.0029754638671875 
-0.0029754638671875 
-0.0029678344726562 
-0.0029678344726562 
-0.0029602050781250 
-0.0029602050781250 
-0.0029678344726562 
-0.0029602050781250 
-0.0029525756835938 
-0.0029449462890625 
-0.0029373168945312 
-0.0029373168945312 
-0.0029296875000000 
-0.0029373168945312 
-0.0029296875000000 
-0.0029220581054688 
-0.0029144287109375 
-0.0029067993164062 
-0.0028991699218750 
-0.0029067993164062 
-0.0028991699218750 
-0.0028991699218750 
-0.0029067993164062 
-0.0028991699218750 
-0.0028915405273438 
-0.0028991699218750 
-0.0029067993164062 
-0.0029067993164062 
-0.0029067993164062 
-0.0029067993164062 
-0.0029067993164062 
-0.0028991699218750 
-0.0028915405273438 
-0.0028915405273438 
-0.0028915405273438 
-0.0028991699218750 
-0.0029067993164062 
-0.0029144287109375 
-0.0029144287109375 
-0.0029067993164062 
-0.0029067993164062 
-0.0028991699218750 
-0.0028915405273438 
-0.0028915405273438 
-0.0028839111328125 
-0.0028839111328125 
-0.0028915405273438 
-0.0028915405273438 
-0.0028991699218750 
-0.0028915405273438 
-0.0028915405273438 
-0.0028839111328125 
-0.0028762817382812 
-0.0028686523437500 
-0.0028762817382812 
-0.0028762817382812 
-0.0028839111328125 
-0.0028839111328125 
-0.0028762817382812 
-0.0028839111328125 
-0.0028915405273438 
-0.0028915405273438 
-0.0028915405273438 
-0.0028991699218750 
-0.0028991699218750 
-0.0029067993164062 
-0.0029067993164062 
-0.0029067993164062 
-0.0028991699218750 
-0.0029067993164062 
-0.0029144287109375 
-0.0029067993164062 
-0.0029144287109375 
-0.0029067993164062 
-0.0029067993164062 
-0.0029144287109375 
