-0.0038986206054688 
-0.0039062500000000 
-0.0039138793945312 
-0.0039062500000000 
-0.0039138793945312 
-0.0039138793945312 
-0.0039062500000000 
-0.0038986206054688 
-0.0038909912109375 
-0.0038909912109375 
-0.0038833618164062 
-0.0038757324218750 
-0.0038833618164062 
-0.0038909912109375 
-0.0038986206054688 
-0.0039062500000000 
-0.0038986206054688 
-0.0038986206054688 
-0.0038986206054688 
-0.0038986206054688 
-0.0038909912109375 
-0.0038986206054688 
-0.0039062500000000 
-0.0038986206054688 
-0.0038909912109375 
-0.0038986206054688 
-0.0039062500000000 
-0.0039062500000000 
-0.0039138793945312 
-0.0039138793945312 
-0.0039062500000000 
-0.0038986206054688 
-0.0038909912109375 
-0.0038909912109375 
-0.0038909912109375 
-0.0038986206054688 
-0.0038986206054688 
-0.0038909912109375 
-0.0038909912109375 
-0.0038986206054688 
-0.0038986206054688 
-0.0038909912109375 
-0.0038986206054688 
-0.0038909912109375 
-0.0038833618164062 
-0.0038833618164062 
-0.0038833618164062 
-0.0038909912109375 
-0.0038909912109375 
-0.0038909912109375 
-0.0038909912109375 
-0.0038909912109375 
-0.0038833618164062 
-0.0038757324218750 
-0.0038681030273438 
-0.0038757324218750 
-0.0038833618164062 
-0.0038909912109375 
-0.0038909912109375 
-0.0038833618164062 
-0.0038833618164062 
-0.0038757324218750 
-0.0038833618164062 
-0.0038833618164062 
-0.0038909912109375 
-0.0038909912109375 
-0.0038909912109375 
-0.0038986206054688 
-0.0038909912109375 
-0.0038986206054688 
-0.0038986206054688 
-0.0039062500000000 
-0.0039062500000000 
-0.0039138793945312 
-0.0039138793945312 
-0.0039215087890625 
-0.0039291381835938 
-0.0039367675781250 
-0.0039443969726562 
-0.0039367675781250 
-0.0039291381835938 
-0.0039291381835938 
-0.0039215087890625 
-0.0039215087890625 
-0.0039138793945312 
-0.0039215087890625 
-0.0039215087890625 
-0.0039138793945312 
-0.0039215087890625 
-0.0039215087890625 
-0.0039138793945312 
-0.0039215087890625 
-0.0039138793945312 
-0.0039138793945312 
-0.0039062500000000 
-0.0039062500000000 
-0.0039138793945312 
-0.0039138793945312 
-0.0039215087890625 
-0.0039291381835938 
-0.0039215087890625 
-0.0039291381835938 
-0.0039367675781250 
-0.0039443969726562 
-0.0039367675781250 
-0.0039291381835938 
-0.0039367675781250 
-0.0039367675781250 
-0.0039443969726562 
-0.0039520263671875 
-0.0039596557617188 
-0.0039672851562500 
-0.0039672851562500 
-0.0039749145507812 
-0.0039749145507812 
-0.0039672851562500 
-0.0039749145507812 
-0.0039825439453125 
-0.0039901733398438 
-0.0039978027343750 
-0.0039978027343750 
-0.0039978027343750 
-0.0039978027343750 
-0.0039901733398438 
-0.0039901733398438 
-0.0039901733398438 
-0.0039825439453125 
-0.0039901733398438 
-0.0039901733398438 
-0.0039978027343750 
-0.0039978027343750 
-0.0040054321289062 
-0.0040130615234375 
-0.0040130615234375 
-0.0040130615234375 
-0.0040054321289062 
-0.0039978027343750 
-0.0039978027343750 
-0.0039901733398438 
-0.0039825439453125 
-0.0039749145507812 
-0.0039672851562500 
-0.0039749145507812 
-0.0039672851562500 
-0.0039672851562500 
-0.0039749145507812 
-0.0039672851562500 
-0.0039672851562500 
-0.0039749145507812 
-0.0039672851562500 
-0.0039672851562500 
-0.0039596557617188 
-0.0039596557617188 
-0.0039672851562500 
-0.0039749145507812 
-0.0039672851562500 
-0.0039596557617188 
-0.0039596557617188 
-0.0039596557617188 
-0.0039520263671875 
-0.0039596557617188 
-0.0039520263671875 
-0.0039443969726562 
-0.0039520263671875 
-0.0039520263671875 
-0.0039520263671875 
-0.0039596557617188 
-0.0039672851562500 
-0.0039596557617188 
-0.0039596557617188 
-0.0039520263671875 
-0.0039443969726562 
-0.0039367675781250 
-0.0039443969726562 
-0.0039367675781250 
-0.0039367675781250 
-0.0039367675781250 
-0.0039367675781250 
-0.0039291381835938 
-0.0039367675781250 
-0.0039443969726562 
-0.0039520263671875 
-0.0039520263671875 
-0.0039520263671875 
-0.0039443969726562 
-0.0039443969726562 
-0.0039367675781250 
-0.0039367675781250 
-0.0039291381835938 
-0.0039215087890625 
-0.0039215087890625 
-0.0039291381835938 
-0.0039367675781250 
-0.0039367675781250 
-0.0039291381835938 
-0.0039291381835938 
-0.0039215087890625 
-0.0039138793945312 
-0.0039215087890625 
-0.0039291381835938 
-0.0039367675781250 
-0.0039443969726562 
-0.0039443969726562 
-0.0039443969726562 
-0.0039520263671875 
-0.0039520263671875 
-0.0039443969726562 
-0.0039443969726562 
-0.0039520263671875 
-0.0039443969726562 
-0.0039520263671875 
-0.0039520263671875 
-0.0039443969726562 
-0.0039520263671875 
-0.0039520263671875 
-0.0039520263671875 
-0.0039596557617188 
-0.0039672851562500 
-0.0039749145507812 
-0.0039825439453125 
-0.0039749145507812 
-0.0039672851562500 
-0.0039596557617188 
-0.0039520263671875 
-0.0039596557617188 
-0.0039520263671875 
-0.0039520263671875 
-0.0039596557617188 
-0.0039520263671875 
-0.0039596557617188 
-0.0039672851562500 
-0.0039749145507812 
-0.0039749145507812 
-0.0039672851562500 
-0.0039596557617188 
-0.0039672851562500 
-0.0039749145507812 
-0.0039749145507812 
-0.0039825439453125 
-0.0039825439453125 
-0.0039825439453125 
-0.0039749145507812 
-0.0039749145507812 
-0.0039749145507812 
-0.0039672851562500 
-0.0039749145507812 
-0.0039672851562500 
-0.0039672851562500 
-0.0039596557617188 
-0.0039520263671875 
-0.0039443969726562 
-0.0039367675781250 
-0.0039443969726562 
-0.0039443969726562 
-0.0039520263671875 
-0.0039520263671875 
-0.0039596557617188 
-0.0039596557617188 
-0.0039672851562500 
-0.0039672851562500 
-0.0039596557617188 
-0.0039520263671875 
-0.0039596557617188 
-0.0039520263671875 
-0.0039520263671875 
-0.0039520263671875 
-0.0039520263671875 
-0.0039443969726562 
-0.0039443969726562 
-0.0039520263671875 
-0.0039596557617188 
-0.0039672851562500 
-0.0039749145507812 
-0.0039749145507812 
-0.0039825439453125 
-0.0039901733398438 
-0.0039901733398438 
-0.0039978027343750 
-0.0039978027343750 
-0.0039978027343750 
-0.0040054321289062 
-0.0039978027343750 
-0.0039978027343750 
-0.0039901733398438 
-0.0039901733398438 
-0.0039978027343750 
-0.0040054321289062 
-0.0040130615234375 
-0.0040206909179688 
-0.0040206909179688 
-0.0040130615234375 
-0.0040130615234375 
-0.0040054321289062 
-0.0040054321289062 
-0.0040130615234375 
-0.0040130615234375 
-0.0040054321289062 
-0.0040130615234375 
-0.0040130615234375 
-0.0040054321289062 
-0.0040130615234375 
-0.0040130615234375 
-0.0040130615234375 
-0.0040130615234375 
-0.0040054321289062 
-0.0040054321289062 
-0.0039978027343750 
-0.0039978027343750 
-0.0040054321289062 
-0.0040130615234375 
-0.0040054321289062 
-0.0039978027343750 
-0.0039901733398438 
-0.0039825439453125 
-0.0039749145507812 
-0.0039749145507812 
-0.0039749145507812 
-0.0039825439453125 
-0.0039749145507812 
-0.0039672851562500 
-0.0039672851562500 
-0.0039672851562500 
-0.0039596557617188 
-0.0039520263671875 
-0.0039443969726562 
-0.0039520263671875 
-0.0039520263671875 
-0.0039520263671875 
-0.0039443969726562 
-0.0039367675781250 
-0.0039443969726562 
-0.0039443969726562 
-0.0039443969726562 
-0.0039367675781250 
-0.0039443969726562 
-0.0039443969726562 
-0.0039443969726562 
-0.0039520263671875 
-0.0039596557617188 
-0.0039672851562500 
-0.0039596557617188 
-0.0039520263671875 
-0.0039443969726562 
-0.0039367675781250 
-0.0039367675781250 
-0.0039367675781250 
-0.0039443969726562 
-0.0039367675781250 
-0.0039367675781250 
-0.0039291381835938 
-0.0039291381835938 
-0.0039215087890625 
-0.0039138793945312 
-0.0039138793945312 
-0.0039215087890625 
-0.0039138793945312 
-0.0039138793945312 
-0.0039138793945312 
-0.0039215087890625 
-0.0039291381835938 
-0.0039291381835938 
-0.0039367675781250 
-0.0039367675781250 
-0.0039443969726562 
-0.0039443969726562 
-0.0039443969726562 
-0.0039520263671875 
-0.0039596557617188 
-0.0039520263671875 
-0.0039443969726562 
-0.0039520263671875 
-0.0039443969726562 
-0.0039443969726562 
-0.0039367675781250 
-0.0039291381835938 
-0.0039291381835938 
-0.0039291381835938 
-0.0039215087890625 
-0.0039215087890625 
-0.0039291381835938 
-0.0039291381835938 
-0.0039215087890625 
-0.0039215087890625 
-0.0039215087890625 
-0.0039138793945312 
-0.0039138793945312 
-0.0039138793945312 
-0.0039215087890625 
-0.0039215087890625 
-0.0039215087890625 
-0.0039291381835938 
-0.0039215087890625 
-0.0039215087890625 
-0.0039215087890625 
-0.0039215087890625 
-0.0039215087890625 
-0.0039215087890625 
-0.0039215087890625 
-0.0039138793945312 
-0.0039138793945312 
-0.0039215087890625 
-0.0039138793945312 
-0.0039138793945312 
-0.0039138793945312 
-0.0039215087890625 
-0.0039138793945312 
-0.0039062500000000 
-0.0039138793945312 
-0.0039138793945312 
-0.0039215087890625 
-0.0039215087890625 
-0.0039215087890625 
-0.0039215087890625 
-0.0039215087890625 
-0.0039291381835938 
-0.0039291381835938 
-0.0039291381835938 
-0.0039291381835938 
-0.0039291381835938 
-0.0039367675781250 
-0.0039443969726562 
-0.0039443969726562 
-0.0039443969726562 
-0.0039443969726562 
-0.0039520263671875 
-0.0039443969726562 
-0.0039443969726562 
-0.0039520263671875 
-0.0039520263671875 
-0.0039520263671875 
-0.0039596557617188 
-0.0039520263671875 
-0.0039520263671875 
-0.0039520263671875 
-0.0039443969726562 
-0.0039367675781250 
-0.0039291381835938 
-0.0039291381835938 
-0.0039367675781250 
-0.0039291381835938 
-0.0039367675781250 
-0.0039291381835938 
-0.0039215087890625 
-0.0039291381835938 
-0.0039367675781250 
-0.0039443969726562 
-0.0039367675781250 
-0.0039367675781250 
-0.0039367675781250 
-0.0039367675781250 
-0.0039367675781250 
-0.0039367675781250 
-0.0039367675781250 
-0.0039367675781250 
-0.0039443969726562 
-0.0039443969726562 
-0.0039367675781250 
-0.0039291381835938 
-0.0039215087890625 
-0.0039291381835938 
-0.0039367675781250 
-0.0039367675781250 
-0.0039443969726562 
-0.0039520263671875 
-0.0039520263671875 
-0.0039520263671875 
-0.0039520263671875 
-0.0039520263671875 
-0.0039520263671875 
-0.0039443969726562 
-0.0039367675781250 
-0.0039367675781250 
-0.0039291381835938 
-0.0039291381835938 
-0.0039291381835938 
-0.0039291381835938 
-0.0039215087890625 
-0.0039138793945312 
-0.0039138793945312 
-0.0039215087890625 
-0.0039215087890625 
-0.0039215087890625 
-0.0039291381835938 
-0.0039215087890625 
-0.0039291381835938 
-0.0039291381835938 
-0.0039291381835938 
-0.0039215087890625 
-0.0039138793945312 
-0.0039138793945312 
-0.0039062500000000 
-0.0039138793945312 
-0.0039215087890625 
-0.0039138793945312 
-0.0039062500000000 
-0.0039138793945312 
-0.0039215087890625 
-0.0039215087890625 
-0.0039138793945312 
-0.0039215087890625 
-0.0039291381835938 
-0.0039215087890625 
-0.0039215087890625 
-0.0039291381835938 
-0.0039215087890625 
-0.0039138793945312 
-0.0039215087890625 
-0.0039291381835938 
-0.0039215087890625 
-0.0039291381835938 
-0.0039291381835938 
-0.0039367675781250 
-0.0039291381835938 
-0.0039215087890625 
-0.0039291381835938 
-0.0039367675781250 
-0.0039291381835938 
-0.0039291381835938 
-0.0039367675781250 
-0.0039367675781250 
-0.0039291381835938 
-0.0039367675781250 
-0.0039291381835938 
-0.0039367675781250 
-0.0039367675781250 
-0.0039443969726562 
-0.0039520263671875 
-0.0039596557617188 
-0.0039672851562500 
-0.0039749145507812 
-0.0039672851562500 
-0.0039596557617188 
-0.0039520263671875 
-0.0039443969726562 
-0.0039367675781250 
-0.0039291381835938 
-0.0039215087890625 
-0.0039291381835938 
-0.0039367675781250 
-0.0039291381835938 
-0.0039215087890625 
-0.0039291381835938 
-0.0039367675781250 
-0.0039443969726562 
-0.0039520263671875 
-0.0039596557617188 
-0.0039672851562500 
-0.0039596557617188 
-0.0039596557617188 
-0.0039672851562500 
-0.0039596557617188 
-0.0039520263671875 
-0.0039443969726562 
-0.0039443969726562 
-0.0039443969726562 
-0.0039367675781250 
-0.0039367675781250 
-0.0039443969726562 
-0.0039443969726562 
-0.0039443969726562 
-0.0039520263671875 
-0.0039520263671875 
-0.0039443969726562 
-0.0039520263671875 
-0.0039596557617188 
-0.0039596557617188 
-0.0039520263671875 
-0.0039520263671875 
-0.0039443969726562 
-0.0039367675781250 
-0.0039291381835938 
-0.0039291381835938 
-0.0039367675781250 
-0.0039443969726562 
-0.0039520263671875 
-0.0039443969726562 
-0.0039367675781250 
-0.0039291381835938 
-0.0039367675781250 
-0.0039291381835938 
-0.0039367675781250 
-0.0039367675781250 
-0.0039291381835938 
-0.0039291381835938 
-0.0039291381835938 
-0.0039367675781250 
-0.0039367675781250 
-0.0039443969726562 
-0.0039367675781250 
-0.0039443969726562 
-0.0039367675781250 
-0.0039443969726562 
-0.0039443969726562 
-0.0039520263671875 
-0.0039443969726562 
-0.0039520263671875 
-0.0039596557617188 
-0.0039672851562500 
-0.0039749145507812 
-0.0039749145507812 
-0.0039825439453125 
-0.0039825439453125 
-0.0039749145507812 
-0.0039825439453125 
-0.0039749145507812 
-0.0039672851562500 
-0.0039672851562500 
-0.0039596557617188 
-0.0039520263671875 
-0.0039520263671875 
-0.0039596557617188 
-0.0039520263671875 
-0.0039443969726562 
-0.0039443969726562 
-0.0039443969726562 
-0.0039367675781250 
-0.0039367675781250 
-0.0039291381835938 
-0.0039291381835938 
-0.0039367675781250 
-0.0039443969726562 
-0.0039520263671875 
-0.0039443969726562 
-0.0039443969726562 
-0.0039443969726562 
-0.0039520263671875 
-0.0039596557617188 
-0.0039672851562500 
-0.0039672851562500 
-0.0039672851562500 
-0.0039749145507812 
-0.0039825439453125 
-0.0039749145507812 
-0.0039672851562500 
-0.0039596557617188 
-0.0039672851562500 
-0.0039672851562500 
-0.0039596557617188 
-0.0039596557617188 
-0.0039672851562500 
-0.0039596557617188 
-0.0039672851562500 
-0.0039749145507812 
-0.0039825439453125 
-0.0039825439453125 
-0.0039901733398438 
-0.0039825439453125 
-0.0039749145507812 
-0.0039749145507812 
-0.0039825439453125 
-0.0039749145507812 
-0.0039672851562500 
-0.0039672851562500 
-0.0039596557617188 
-0.0039596557617188 
-0.0039596557617188 
-0.0039672851562500 
-0.0039749145507812 
-0.0039825439453125 
-0.0039749145507812 
-0.0039749145507812 
-0.0039749145507812 
-0.0039825439453125 
-0.0039825439453125 
-0.0039825439453125 
-0.0039749145507812 
-0.0039825439453125 
-0.0039749145507812 
-0.0039825439453125 
-0.0039901733398438 
-0.0039825439453125 
-0.0039825439453125 
-0.0039749145507812 
-0.0039749145507812 
-0.0039672851562500 
-0.0039672851562500 
-0.0039749145507812 
-0.0039672851562500 
-0.0039672851562500 
-0.0039596557617188 
-0.0039672851562500 
-0.0039749145507812 
-0.0039825439453125 
-0.0039901733398438 
-0.0039825439453125 
-0.0039749145507812 
-0.0039749145507812 
-0.0039749145507812 
-0.0039672851562500 
-0.0039596557617188 
-0.0039672851562500 
-0.0039672851562500 
-0.0039749145507812 
-0.0039672851562500 
-0.0039749145507812 
-0.0039672851562500 
-0.0039749145507812 
-0.0039825439453125 
-0.0039749145507812 
-0.0039825439453125 
-0.0039749145507812 
-0.0039749145507812 
-0.0039749145507812 
-0.0039749145507812 
-0.0039672851562500 
-0.0039672851562500 
-0.0039672851562500 
-0.0039596557617188 
-0.0039596557617188 
-0.0039596557617188 
-0.0039672851562500 
-0.0039672851562500 
-0.0039672851562500 
-0.0039596557617188 
-0.0039520263671875 
-0.0039520263671875 
-0.0039520263671875 
-0.0039520263671875 
-0.0039520263671875 
-0.0039443969726562 
-0.0039367675781250 
-0.0039291381835938 
-0.0039367675781250 
-0.0039291381835938 
-0.0039215087890625 
-0.0039138793945312 
-0.0039138793945312 
-0.0039062500000000 
-0.0039138793945312 
-0.0039138793945312 
-0.0039138793945312 
-0.0039062500000000 
-0.0039062500000000 
-0.0039138793945312 
-0.0039138793945312 
-0.0039215087890625 
-0.0039138793945312 
-0.0039138793945312 
-0.0039215087890625 
-0.0039138793945312 
-0.0039215087890625 
-0.0039138793945312 
-0.0039062500000000 
-0.0038986206054688 
-0.0038909912109375 
-0.0038986206054688 
-0.0038986206054688 
-0.0039062500000000 
-0.0038986206054688 
-0.0038909912109375 
-0.0038986206054688 
-0.0039062500000000 
-0.0039062500000000 
-0.0039062500000000 
-0.0038986206054688 
-0.0039062500000000 
-0.0038986206054688 
-0.0038909912109375 
-0.0038909912109375 
-0.0038833618164062 
-0.0038833618164062 
-0.0038909912109375 
-0.0038909912109375 
-0.0038833618164062 
-0.0038909912109375 
-0.0038986206054688 
-0.0038909912109375 
-0.0038833618164062 
-0.0038833618164062 
-0.0038757324218750 
-0.0038757324218750 
-0.0038681030273438 
-0.0038681030273438 
-0.0038681030273438 
-0.0038757324218750 
-0.0038681030273438 
-0.0038604736328125 
-0.0038604736328125 
-0.0038604736328125 
-0.0038681030273438 
-0.0038757324218750 
-0.0038757324218750 
-0.0038833618164062 
-0.0038833618164062 
-0.0038909912109375 
-0.0038833618164062 
-0.0038833618164062 
-0.0038909912109375 
-0.0038986206054688 
-0.0038909912109375 
-0.0038833618164062 
-0.0038833618164062 
-0.0038833618164062 
-0.0038833618164062 
-0.0038833618164062 
-0.0038909912109375 
-0.0038986206054688 
-0.0038909912109375 
-0.0038833618164062 
-0.0038909912109375 
-0.0038986206054688 
-0.0039062500000000 
-0.0039062500000000 
-0.0039138793945312 
-0.0039138793945312 
-0.0039062500000000 
-0.0039138793945312 
-0.0039062500000000 
-0.0039062500000000 
-0.0038986206054688 
-0.0038909912109375 
-0.0038833618164062 
-0.0038909912109375 
-0.0038986206054688 
-0.0039062500000000 
-0.0039062500000000 
-0.0039062500000000 
-0.0039062500000000 
-0.0039138793945312 
-0.0039138793945312 
-0.0039215087890625 
-0.0039291381835938 
-0.0039367675781250 
-0.0039443969726562 
-0.0039443969726562 
-0.0039443969726562 
-0.0039520263671875 
-0.0039520263671875 
-0.0039520263671875 
-0.0039443969726562 
-0.0039520263671875 
-0.0039596557617188 
-0.0039520263671875 
-0.0039443969726562 
-0.0039520263671875 
-0.0039520263671875 
-0.0039443969726562 
-0.0039443969726562 
-0.0039520263671875 
-0.0039520263671875 
-0.0039596557617188 
-0.0039520263671875 
-0.0039520263671875 
-0.0039520263671875 
-0.0039596557617188 
-0.0039520263671875 
-0.0039520263671875 
-0.0039443969726562 
-0.0039443969726562 
-0.0039443969726562 
-0.0039367675781250 
-0.0039367675781250 
-0.0039443969726562 
-0.0039367675781250 
-0.0039367675781250 
-0.0039367675781250 
-0.0039291381835938 
-0.0039367675781250 
-0.0039291381835938 
-0.0039367675781250 
-0.0039291381835938 
-0.0039367675781250 
-0.0039291381835938 
-0.0039215087890625 
-0.0039215087890625 
-0.0039138793945312 
-0.0039215087890625 
-0.0039291381835938 
-0.0039291381835938 
-0.0039215087890625 
-0.0039138793945312 
-0.0039215087890625 
-0.0039138793945312 
-0.0039062500000000 
-0.0038986206054688 
-0.0038909912109375 
-0.0038986206054688 
-0.0038909912109375 
-0.0038909912109375 
-0.0038909912109375 
-0.0038909912109375 
-0.0038833618164062 
-0.0038833618164062 
-0.0038757324218750 
-0.0038833618164062 
-0.0038833618164062 
-0.0038833618164062 
-0.0038909912109375 
-0.0038833618164062 
-0.0038909912109375 
-0.0038833618164062 
-0.0038757324218750 
-0.0038757324218750 
-0.0038681030273438 
-0.0038604736328125 
-0.0038681030273438 
-0.0038681030273438 
-0.0038757324218750 
-0.0038757324218750 
-0.0038833618164062 
-0.0038909912109375 
-0.0038909912109375 
-0.0038909912109375 
-0.0038909912109375 
-0.0038833618164062 
-0.0038909912109375 
-0.0038833618164062 
-0.0038833618164062 
-0.0038833618164062 
-0.0038757324218750 
-0.0038833618164062 
-0.0038909912109375 
-0.0038986206054688 
-0.0039062500000000 
-0.0039138793945312 
-0.0039062500000000 
-0.0038986206054688 
-0.0039062500000000 
-0.0038986206054688 
-0.0039062500000000 
-0.0039138793945312 
-0.0039062500000000 
-0.0039062500000000 
-0.0039062500000000 
-0.0038986206054688 
-0.0039062500000000 
-0.0039062500000000 
-0.0039138793945312 
-0.0039215087890625 
-0.0039215087890625 
-0.0039138793945312 
-0.0039062500000000 
-0.0039062500000000 
-0.0039138793945312 
-0.0039138793945312 
-0.0039138793945312 
-0.0039138793945312 
-0.0039062500000000 
-0.0038986206054688 
-0.0038986206054688 
-0.0038986206054688 
-0.0038986206054688 
-0.0038986206054688 
-0.0038909912109375 
-0.0038833618164062 
-0.0038833618164062 
-0.0038833618164062 
-0.0038909912109375 
-0.0038909912109375 
-0.0038986206054688 
-0.0039062500000000 
-0.0038986206054688 
-0.0038986206054688 
-0.0038986206054688 
-0.0038986206054688 
-0.0038986206054688 
-0.0038909912109375 
-0.0038909912109375 
-0.0038986206054688 
-0.0038909912109375 
-0.0038909912109375 
-0.0038986206054688 
-0.0039062500000000 
-0.0038986206054688 
-0.0039062500000000 
-0.0038986206054688 
-0.0038986206054688 
-0.0038909912109375 
-0.0038909912109375 
-0.0038909912109375 
-0.0038986206054688 
-0.0038986206054688 
-0.0038909912109375 
-0.0038833618164062 
-0.0038909912109375 
-0.0038909912109375 
-0.0038909912109375 
-0.0038833618164062 
-0.0038909912109375 
-0.0038909912109375 
-0.0038909912109375 
-0.0038833618164062 
-0.0038757324218750 
-0.0038757324218750 
-0.0038681030273438 
-0.0038681030273438 
-0.0038604736328125 
-0.0038528442382812 
-0.0038528442382812 
-0.0038604736328125 
-0.0038528442382812 
-0.0038604736328125 
-0.0038604736328125 
-0.0038604736328125 
-0.0038528442382812 
-0.0038604736328125 
-0.0038681030273438 
-0.0038604736328125 
-0.0038528442382812 
-0.0038528442382812 
