-0.0015182495117188 
-0.0015182495117188 
-0.0015258789062500 
-0.0015258789062500 
-0.0015258789062500 
-0.0015335083007812 
-0.0015258789062500 
-0.0015258789062500 
-0.0015335083007812 
-0.0015258789062500 
-0.0015335083007812 
-0.0015411376953125 
-0.0015411376953125 
-0.0015335083007812 
-0.0015411376953125 
-0.0015335083007812 
-0.0015335083007812 
-0.0015258789062500 
-0.0015258789062500 
-0.0015258789062500 
-0.0015335083007812 
-0.0015258789062500 
-0.0015335083007812 
-0.0015258789062500 
-0.0015182495117188 
-0.0015182495117188 
-0.0015106201171875 
-0.0015029907226562 
-0.0015029907226562 
-0.0014953613281250 
-0.0014953613281250 
-0.0015029907226562 
-0.0015106201171875 
-0.0015106201171875 
-0.0015106201171875 
-0.0015029907226562 
-0.0015106201171875 
-0.0015182495117188 
-0.0015258789062500 
-0.0015258789062500 
-0.0015182495117188 
-0.0015106201171875 
-0.0015029907226562 
-0.0014953613281250 
-0.0014953613281250 
-0.0014953613281250 
-0.0014877319335938 
-0.0014953613281250 
-0.0014953613281250 
-0.0014953613281250 
-0.0014953613281250 
-0.0014877319335938 
-0.0014953613281250 
-0.0014877319335938 
-0.0014877319335938 
-0.0014801025390625 
-0.0014724731445312 
-0.0014648437500000 
-0.0014648437500000 
-0.0014572143554688 
-0.0014648437500000 
-0.0014572143554688 
-0.0014648437500000 
-0.0014724731445312 
-0.0014801025390625 
-0.0014801025390625 
-0.0014724731445312 
-0.0014724731445312 
-0.0014801025390625 
-0.0014724731445312 
-0.0014801025390625 
-0.0014724731445312 
-0.0014648437500000 
-0.0014724731445312 
-0.0014648437500000 
-0.0014724731445312 
-0.0014801025390625 
-0.0014724731445312 
-0.0014801025390625 
-0.0014801025390625 
-0.0014877319335938 
-0.0014801025390625 
-0.0014801025390625 
-0.0014877319335938 
-0.0014953613281250 
-0.0015029907226562 
-0.0015029907226562 
-0.0014953613281250 
-0.0014877319335938 
-0.0014877319335938 
-0.0014953613281250 
-0.0014877319335938 
-0.0014801025390625 
-0.0014877319335938 
-0.0014801025390625 
-0.0014801025390625 
-0.0014801025390625 
-0.0014877319335938 
-0.0014953613281250 
-0.0014877319335938 
-0.0014801025390625 
-0.0014801025390625 
-0.0014724731445312 
-0.0014801025390625 
-0.0014724731445312 
-0.0014801025390625 
-0.0014724731445312 
-0.0014724731445312 
-0.0014648437500000 
-0.0014648437500000 
-0.0014648437500000 
-0.0014648437500000 
-0.0014572143554688 
-0.0014648437500000 
-0.0014572143554688 
-0.0014648437500000 
-0.0014724731445312 
-0.0014724731445312 
-0.0014801025390625 
-0.0014724731445312 
-0.0014648437500000 
-0.0014648437500000 
-0.0014572143554688 
-0.0014572143554688 
-0.0014572143554688 
-0.0014572143554688 
-0.0014572143554688 
-0.0014495849609375 
-0.0014572143554688 
-0.0014572143554688 
-0.0014495849609375 
-0.0014419555664062 
-0.0014343261718750 
-0.0014266967773438 
-0.0014190673828125 
-0.0014266967773438 
-0.0014190673828125 
-0.0014266967773438 
-0.0014343261718750 
-0.0014266967773438 
-0.0014266967773438 
-0.0014266967773438 
-0.0014343261718750 
-0.0014266967773438 
-0.0014266967773438 
-0.0014343261718750 
-0.0014343261718750 
-0.0014343261718750 
-0.0014266967773438 
-0.0014266967773438 
-0.0014266967773438 
-0.0014343261718750 
-0.0014266967773438 
-0.0014266967773438 
-0.0014266967773438 
-0.0014190673828125 
-0.0014190673828125 
-0.0014114379882812 
-0.0014114379882812 
-0.0014114379882812 
-0.0014114379882812 
-0.0014114379882812 
-0.0014114379882812 
-0.0014038085937500 
-0.0013961791992188 
-0.0013885498046875 
-0.0013885498046875 
-0.0013885498046875 
-0.0013809204101562 
-0.0013732910156250 
-0.0013732910156250 
-0.0013656616210938 
-0.0013656616210938 
-0.0013656616210938 
-0.0013656616210938 
-0.0013732910156250 
-0.0013732910156250 
-0.0013732910156250 
-0.0013656616210938 
-0.0013732910156250 
-0.0013656616210938 
-0.0013580322265625 
-0.0013504028320312 
-0.0013504028320312 
-0.0013580322265625 
-0.0013504028320312 
-0.0013504028320312 
-0.0013504028320312 
-0.0013504028320312 
-0.0013427734375000 
-0.0013351440429688 
-0.0013275146484375 
-0.0013198852539062 
-0.0013275146484375 
-0.0013275146484375 
-0.0013275146484375 
-0.0013275146484375 
-0.0013275146484375 
-0.0013351440429688 
-0.0013351440429688 
-0.0013427734375000 
-0.0013427734375000 
-0.0013427734375000 
-0.0013427734375000 
-0.0013504028320312 
-0.0013504028320312 
-0.0013427734375000 
-0.0013427734375000 
-0.0013351440429688 
-0.0013275146484375 
-0.0013275146484375 
-0.0013198852539062 
-0.0013275146484375 
-0.0013198852539062 
-0.0013198852539062 
-0.0013275146484375 
-0.0013351440429688 
-0.0013351440429688 
-0.0013351440429688 
-0.0013275146484375 
-0.0013275146484375 
-0.0013351440429688 
-0.0013275146484375 
-0.0013351440429688 
-0.0013275146484375 
-0.0013351440429688 
-0.0013427734375000 
-0.0013427734375000 
-0.0013427734375000 
-0.0013504028320312 
-0.0013427734375000 
-0.0013427734375000 
-0.0013504028320312 
-0.0013580322265625 
-0.0013504028320312 
-0.0013427734375000 
-0.0013351440429688 
-0.0013275146484375 
-0.0013198852539062 
-0.0013122558593750 
-0.0013046264648438 
-0.0012969970703125 
-0.0012969970703125 
-0.0013046264648438 
-0.0013046264648438 
-0.0013122558593750 
-0.0013122558593750 
-0.0013122558593750 
-0.0013198852539062 
-0.0013198852539062 
-0.0013122558593750 
-0.0013122558593750 
-0.0013122558593750 
-0.0013122558593750 
-0.0013046264648438 
-0.0013046264648438 
-0.0012969970703125 
-0.0012893676757812 
-0.0012893676757812 
-0.0012893676757812 
-0.0012817382812500 
-0.0012741088867188 
-0.0012817382812500 
-0.0012817382812500 
-0.0012893676757812 
-0.0012817382812500 
-0.0012817382812500 
-0.0012741088867188 
-0.0012817382812500 
-0.0012741088867188 
-0.0012741088867188 
-0.0012664794921875 
-0.0012664794921875 
-0.0012664794921875 
-0.0012664794921875 
-0.0012588500976562 
-0.0012588500976562 
-0.0012664794921875 
-0.0012588500976562 
-0.0012664794921875 
-0.0012741088867188 
-0.0012741088867188 
-0.0012817382812500 
-0.0012817382812500 
-0.0012741088867188 
-0.0012664794921875 
-0.0012741088867188 
-0.0012664794921875 
-0.0012588500976562 
-0.0012664794921875 
-0.0012741088867188 
-0.0012741088867188 
-0.0012817382812500 
-0.0012817382812500 
-0.0012817382812500 
-0.0012893676757812 
-0.0012969970703125 
-0.0013046264648438 
-0.0013046264648438 
-0.0012969970703125 
-0.0013046264648438 
-0.0013046264648438 
-0.0013122558593750 
-0.0013046264648438 
-0.0012969970703125 
-0.0012893676757812 
-0.0012893676757812 
-0.0012969970703125 
-0.0012969970703125 
-0.0012969970703125 
-0.0013046264648438 
-0.0013122558593750 
-0.0013198852539062 
-0.0013275146484375 
-0.0013198852539062 
-0.0013122558593750 
-0.0013198852539062 
-0.0013198852539062 
-0.0013275146484375 
-0.0013198852539062 
-0.0013275146484375 
-0.0013351440429688 
-0.0013427734375000 
-0.0013504028320312 
-0.0013580322265625 
-0.0013580322265625 
-0.0013504028320312 
-0.0013580322265625 
-0.0013656616210938 
-0.0013732910156250 
-0.0013809204101562 
-0.0013809204101562 
-0.0013732910156250 
-0.0013656616210938 
-0.0013732910156250 
-0.0013656616210938 
-0.0013656616210938 
-0.0013656616210938 
-0.0013656616210938 
-0.0013656616210938 
-0.0013580322265625 
-0.0013580322265625 
-0.0013580322265625 
-0.0013656616210938 
-0.0013732910156250 
-0.0013656616210938 
-0.0013580322265625 
-0.0013656616210938 
-0.0013656616210938 
-0.0013656616210938 
-0.0013656616210938 
-0.0013656616210938 
-0.0013732910156250 
-0.0013656616210938 
-0.0013580322265625 
-0.0013504028320312 
-0.0013580322265625 
-0.0013656616210938 
-0.0013580322265625 
-0.0013504028320312 
-0.0013504028320312 
-0.0013580322265625 
-0.0013580322265625 
-0.0013580322265625 
-0.0013656616210938 
-0.0013580322265625 
-0.0013504028320312 
-0.0013427734375000 
-0.0013427734375000 
-0.0013427734375000 
-0.0013427734375000 
-0.0013427734375000 
-0.0013351440429688 
-0.0013351440429688 
-0.0013427734375000 
-0.0013351440429688 
-0.0013351440429688 
-0.0013427734375000 
-0.0013351440429688 
-0.0013427734375000 
-0.0013351440429688 
-0.0013351440429688 
-0.0013351440429688 
-0.0013275146484375 
-0.0013351440429688 
-0.0013351440429688 
-0.0013351440429688 
-0.0013275146484375 
-0.0013198852539062 
-0.0013198852539062 
-0.0013122558593750 
-0.0013122558593750 
-0.0013122558593750 
-0.0013046264648438 
-0.0013046264648438 
-0.0013122558593750 
-0.0013198852539062 
-0.0013275146484375 
-0.0013275146484375 
-0.0013198852539062 
-0.0013275146484375 
-0.0013351440429688 
-0.0013275146484375 
-0.0013275146484375 
-0.0013351440429688 
-0.0013351440429688 
-0.0013275146484375 
-0.0013198852539062 
-0.0013122558593750 
-0.0013122558593750 
-0.0013198852539062 
-0.0013122558593750 
-0.0013046264648438 
-0.0012969970703125 
-0.0013046264648438 
-0.0013122558593750 
-0.0013046264648438 
-0.0013046264648438 
-0.0012969970703125 
-0.0012969970703125 
-0.0012969970703125 
-0.0013046264648438 
-0.0012969970703125 
-0.0013046264648438 
-0.0013122558593750 
-0.0013122558593750 
-0.0013122558593750 
-0.0013046264648438 
-0.0013046264648438 
-0.0013046264648438 
-0.0013046264648438 
-0.0012969970703125 
-0.0012969970703125 
-0.0012969970703125 
-0.0012893676757812 
-0.0012969970703125 
-0.0013046264648438 
-0.0013122558593750 
-0.0013122558593750 
-0.0013198852539062 
-0.0013122558593750 
-0.0013198852539062 
-0.0013198852539062 
-0.0013275146484375 
-0.0013351440429688 
-0.0013275146484375 
-0.0013275146484375 
-0.0013198852539062 
-0.0013275146484375 
-0.0013351440429688 
-0.0013351440429688 
-0.0013427734375000 
-0.0013504028320312 
-0.0013427734375000 
-0.0013351440429688 
-0.0013351440429688 
-0.0013427734375000 
-0.0013351440429688 
-0.0013351440429688 
-0.0013275146484375 
-0.0013351440429688 
-0.0013427734375000 
-0.0013427734375000 
-0.0013504028320312 
-0.0013427734375000 
-0.0013351440429688 
-0.0013427734375000 
-0.0013504028320312 
-0.0013427734375000 
-0.0013504028320312 
-0.0013580322265625 
-0.0013504028320312 
-0.0013427734375000 
-0.0013351440429688 
-0.0013351440429688 
-0.0013427734375000 
-0.0013504028320312 
-0.0013580322265625 
-0.0013504028320312 
-0.0013580322265625 
-0.0013580322265625 
-0.0013580322265625 
-0.0013656616210938 
-0.0013656616210938 
-0.0013732910156250 
-0.0013656616210938 
-0.0013580322265625 
-0.0013504028320312 
-0.0013504028320312 
-0.0013427734375000 
-0.0013351440429688 
-0.0013351440429688 
-0.0013351440429688 
-0.0013351440429688 
-0.0013427734375000 
-0.0013427734375000 
-0.0013351440429688 
-0.0013275146484375 
-0.0013275146484375 
-0.0013275146484375 
-0.0013351440429688 
-0.0013351440429688 
-0.0013351440429688 
-0.0013275146484375 
-0.0013351440429688 
-0.0013351440429688 
-0.0013351440429688 
-0.0013427734375000 
-0.0013504028320312 
-0.0013427734375000 
-0.0013504028320312 
-0.0013504028320312 
-0.0013580322265625 
-0.0013656616210938 
-0.0013580322265625 
-0.0013656616210938 
-0.0013732910156250 
-0.0013809204101562 
-0.0013885498046875 
-0.0013961791992188 
-0.0013885498046875 
-0.0013809204101562 
-0.0013809204101562 
-0.0013809204101562 
-0.0013809204101562 
-0.0013809204101562 
-0.0013809204101562 
-0.0013809204101562 
-0.0013732910156250 
-0.0013732910156250 
-0.0013656616210938 
-0.0013580322265625 
-0.0013656616210938 
-0.0013580322265625 
-0.0013656616210938 
-0.0013656616210938 
-0.0013732910156250 
-0.0013732910156250 
-0.0013809204101562 
-0.0013732910156250 
-0.0013656616210938 
-0.0013580322265625 
-0.0013580322265625 
-0.0013656616210938 
-0.0013580322265625 
-0.0013580322265625 
-0.0013504028320312 
-0.0013504028320312 
-0.0013504028320312 
-0.0013580322265625 
-0.0013580322265625 
-0.0013504028320312 
-0.0013580322265625 
-0.0013580322265625 
-0.0013580322265625 
-0.0013504028320312 
-0.0013427734375000 
-0.0013351440429688 
-0.0013427734375000 
-0.0013351440429688 
-0.0013427734375000 
-0.0013427734375000 
-0.0013427734375000 
-0.0013351440429688 
-0.0013351440429688 
-0.0013351440429688 
-0.0013427734375000 
-0.0013504028320312 
-0.0013427734375000 
-0.0013504028320312 
-0.0013580322265625 
-0.0013656616210938 
-0.0013656616210938 
-0.0013732910156250 
-0.0013809204101562 
-0.0013885498046875 
-0.0013885498046875 
-0.0013961791992188 
-0.0014038085937500 
-0.0014114379882812 
-0.0014114379882812 
-0.0014114379882812 
-0.0014038085937500 
-0.0014038085937500 
-0.0014114379882812 
-0.0014038085937500 
-0.0014114379882812 
-0.0014038085937500 
-0.0014038085937500 
-0.0014038085937500 
-0.0014114379882812 
-0.0014038085937500 
-0.0014038085937500 
-0.0014038085937500 
-0.0013961791992188 
-0.0013961791992188 
-0.0014038085937500 
-0.0014114379882812 
-0.0014114379882812 
-0.0014038085937500 
-0.0014038085937500 
-0.0014114379882812 
-0.0014038085937500 
-0.0013961791992188 
-0.0014038085937500 
-0.0014114379882812 
-0.0014038085937500 
-0.0014038085937500 
-0.0014114379882812 
-0.0014114379882812 
-0.0014190673828125 
-0.0014190673828125 
-0.0014190673828125 
-0.0014190673828125 
-0.0014266967773438 
-0.0014190673828125 
-0.0014114379882812 
-0.0014038085937500 
-0.0014038085937500 
-0.0013961791992188 
-0.0014038085937500 
-0.0014114379882812 
-0.0014114379882812 
-0.0014038085937500 
-0.0013961791992188 
-0.0013961791992188 
-0.0013961791992188 
-0.0014038085937500 
-0.0013961791992188 
-0.0014038085937500 
-0.0013961791992188 
-0.0014038085937500 
-0.0014038085937500 
-0.0013961791992188 
-0.0013885498046875 
-0.0013885498046875 
-0.0013885498046875 
-0.0013961791992188 
-0.0014038085937500 
-0.0014038085937500 
-0.0013961791992188 
-0.0013885498046875 
-0.0013885498046875 
-0.0013885498046875 
-0.0013961791992188 
-0.0013961791992188 
-0.0013961791992188 
-0.0014038085937500 
-0.0014038085937500 
-0.0014038085937500 
-0.0014114379882812 
-0.0014114379882812 
-0.0014038085937500 
-0.0014114379882812 
-0.0014114379882812 
-0.0014190673828125 
-0.0014114379882812 
-0.0014190673828125 
-0.0014266967773438 
-0.0014343261718750 
-0.0014266967773438 
-0.0014190673828125 
-0.0014190673828125 
-0.0014114379882812 
-0.0014190673828125 
-0.0014114379882812 
-0.0014190673828125 
-0.0014114379882812 
-0.0014114379882812 
-0.0014038085937500 
-0.0013961791992188 
-0.0013961791992188 
-0.0013961791992188 
-0.0013885498046875 
-0.0013885498046875 
-0.0013809204101562 
-0.0013885498046875 
-0.0013961791992188 
-0.0014038085937500 
-0.0014114379882812 
-0.0014038085937500 
-0.0014038085937500 
-0.0014114379882812 
-0.0014190673828125 
-0.0014266967773438 
-0.0014343261718750 
-0.0014266967773438 
-0.0014343261718750 
-0.0014343261718750 
-0.0014266967773438 
-0.0014266967773438 
-0.0014266967773438 
-0.0014190673828125 
-0.0014190673828125 
-0.0014266967773438 
-0.0014343261718750 
-0.0014266967773438 
-0.0014190673828125 
-0.0014190673828125 
-0.0014114379882812 
-0.0014038085937500 
-0.0014114379882812 
-0.0014114379882812 
-0.0014190673828125 
-0.0014114379882812 
-0.0014038085937500 
-0.0014038085937500 
-0.0014038085937500 
-0.0014038085937500 
-0.0014038085937500 
-0.0013961791992188 
-0.0013885498046875 
-0.0013809204101562 
-0.0013732910156250 
-0.0013656616210938 
-0.0013732910156250 
-0.0013809204101562 
-0.0013732910156250 
-0.0013656616210938 
-0.0013580322265625 
-0.0013504028320312 
-0.0013427734375000 
-0.0013504028320312 
-0.0013504028320312 
-0.0013580322265625 
-0.0013580322265625 
-0.0013656616210938 
-0.0013732910156250 
-0.0013809204101562 
-0.0013809204101562 
-0.0013809204101562 
-0.0013809204101562 
-0.0013732910156250 
-0.0013809204101562 
-0.0013885498046875 
-0.0013885498046875 
-0.0013809204101562 
-0.0013809204101562 
-0.0013809204101562 
-0.0013732910156250 
-0.0013732910156250 
-0.0013732910156250 
-0.0013732910156250 
-0.0013656616210938 
-0.0013732910156250 
-0.0013809204101562 
-0.0013809204101562 
-0.0013885498046875 
-0.0013885498046875 
-0.0013885498046875 
-0.0013809204101562 
-0.0013732910156250 
-0.0013656616210938 
-0.0013732910156250 
-0.0013656616210938 
-0.0013580322265625 
-0.0013656616210938 
-0.0013732910156250 
-0.0013656616210938 
-0.0013732910156250 
-0.0013732910156250 
-0.0013732910156250 
-0.0013732910156250 
-0.0013732910156250 
-0.0013732910156250 
-0.0013809204101562 
-0.0013885498046875 
-0.0013885498046875 
-0.0013961791992188 
-0.0013961791992188 
-0.0013885498046875 
-0.0013961791992188 
-0.0014038085937500 
-0.0014114379882812 
-0.0014190673828125 
-0.0014114379882812 
-0.0014190673828125 
-0.0014114379882812 
-0.0014114379882812 
-0.0014038085937500 
-0.0014114379882812 
-0.0014114379882812 
-0.0014190673828125 
-0.0014114379882812 
-0.0014190673828125 
-0.0014266967773438 
-0.0014343261718750 
-0.0014343261718750 
-0.0014419555664062 
-0.0014495849609375 
-0.0014572143554688 
-0.0014572143554688 
-0.0014648437500000 
-0.0014648437500000 
-0.0014572143554688 
-0.0014495849609375 
-0.0014495849609375 
-0.0014572143554688 
-0.0014495849609375 
-0.0014572143554688 
-0.0014495849609375 
-0.0014419555664062 
-0.0014419555664062 
-0.0014343261718750 
-0.0014419555664062 
-0.0014343261718750 
-0.0014419555664062 
-0.0014419555664062 
-0.0014419555664062 
-0.0014343261718750 
-0.0014343261718750 
-0.0014266967773438 
-0.0014266967773438 
-0.0014190673828125 
-0.0014266967773438 
-0.0014266967773438 
-0.0014266967773438 
-0.0014266967773438 
-0.0014190673828125 
-0.0014114379882812 
-0.0014114379882812 
-0.0014114379882812 
-0.0014038085937500 
-0.0013961791992188 
-0.0013885498046875 
-0.0013885498046875 
-0.0013809204101562 
-0.0013809204101562 
-0.0013732910156250 
-0.0013809204101562 
-0.0013732910156250 
-0.0013732910156250 
-0.0013732910156250 
-0.0013732910156250 
-0.0013732910156250 
-0.0013656616210938 
-0.0013732910156250 
-0.0013809204101562 
-0.0013885498046875 
-0.0013961791992188 
-0.0013885498046875 
-0.0013809204101562 
-0.0013809204101562 
-0.0013732910156250 
-0.0013656616210938 
-0.0013732910156250 
-0.0013809204101562 
-0.0013732910156250 
-0.0013809204101562 
-0.0013809204101562 
-0.0013809204101562 
-0.0013809204101562 
-0.0013732910156250 
-0.0013809204101562 
-0.0013885498046875 
-0.0013885498046875 
-0.0013961791992188 
-0.0013885498046875 
-0.0013961791992188 
-0.0013885498046875 
-0.0013885498046875 
-0.0013961791992188 
-0.0013885498046875 
-0.0013961791992188 
-0.0013885498046875 
-0.0013809204101562 
-0.0013809204101562 
-0.0013885498046875 
-0.0013809204101562 
-0.0013809204101562 
-0.0013732910156250 
-0.0013656616210938 
-0.0013656616210938 
-0.0013732910156250 
-0.0013809204101562 
-0.0013732910156250 
-0.0013732910156250 
-0.0013809204101562 
-0.0013732910156250 
-0.0013732910156250 
-0.0013656616210938 
-0.0013732910156250 
-0.0013656616210938 
-0.0013580322265625 
-0.0013504028320312 
-0.0013427734375000 
-0.0013427734375000 
-0.0013504028320312 
-0.0013504028320312 
-0.0013427734375000 
-0.0013427734375000 
-0.0013351440429688 
-0.0013275146484375 
-0.0013198852539062 
-0.0013198852539062 
-0.0013198852539062 
-0.0013275146484375 
-0.0013198852539062 
-0.0013122558593750 
-0.0013046264648438 
-0.0013122558593750 
-0.0013122558593750 
-0.0013046264648438 
-0.0012969970703125 
-0.0013046264648438 
-0.0013046264648438 
-0.0013046264648438 
-0.0013122558593750 
-0.0013198852539062 
-0.0013122558593750 
-0.0013198852539062 
-0.0013198852539062 
-0.0013122558593750 
-0.0013046264648438 
-0.0013122558593750 
-0.0013122558593750 
-0.0013046264648438 
-0.0012969970703125 
-0.0012893676757812 
-0.0012893676757812 
-0.0012893676757812 
-0.0012969970703125 
-0.0013046264648438 
-0.0013046264648438 
-0.0012969970703125 
-0.0013046264648438 
-0.0013046264648438 
-0.0013046264648438 
-0.0012969970703125 
-0.0012893676757812 
-0.0012893676757812 
-0.0012893676757812 
-0.0012969970703125 
-0.0012893676757812 
-0.0012969970703125 
-0.0012969970703125 
-0.0012969970703125 
-0.0012893676757812 
-0.0012893676757812 
-0.0012893676757812 
-0.0012817382812500 
-0.0012893676757812 
-0.0012969970703125 
-0.0012969970703125 
-0.0013046264648438 
-0.0013122558593750 
-0.0013122558593750 
-0.0013198852539062 
-0.0013122558593750 
-0.0013198852539062 
-0.0013122558593750 
-0.0013198852539062 
-0.0013198852539062 
-0.0013275146484375 
-0.0013198852539062 
-0.0013275146484375 
-0.0013275146484375 
-0.0013275146484375 
-0.0013275146484375 
-0.0013275146484375 
-0.0013275146484375 
-0.0013351440429688 
-0.0013427734375000 
-0.0013427734375000 
-0.0013427734375000 
-0.0013351440429688 
-0.0013275146484375 
-0.0013275146484375 
-0.0013198852539062 
-0.0013198852539062 
-0.0013122558593750 
-0.0013046264648438 
-0.0013122558593750 
-0.0013046264648438 
-0.0013122558593750 
-0.0013122558593750 
-0.0013122558593750 
-0.0013046264648438 
-0.0013122558593750 
-0.0013046264648438 
-0.0013046264648438 
-0.0013046264648438 
-0.0013046264648438 
-0.0013122558593750 
-0.0013046264648438 
-0.0012969970703125 
-0.0012969970703125 
-0.0012969970703125 
-0.0012969970703125 
-0.0013046264648438 
-0.0013122558593750 
-0.0013046264648438 
-0.0013122558593750 
-0.0013198852539062 
-0.0013275146484375 
-0.0013275146484375 
-0.0013198852539062 
-0.0013275146484375 
-0.0013351440429688 
-0.0013275146484375 
