0.0045547485351562 
0.0045547485351562 
0.0045471191406250 
0.0045547485351562 
0.0045471191406250 
0.0045471191406250 
0.0045394897460938 
0.0045318603515625 
0.0045318603515625 
0.0045242309570312 
0.0045318603515625 
0.0045242309570312 
0.0045166015625000 
0.0045089721679688 
0.0045013427734375 
0.0045013427734375 
0.0045013427734375 
0.0044937133789062 
0.0044937133789062 
0.0044937133789062 
0.0044937133789062 
0.0044860839843750 
0.0044784545898438 
0.0044784545898438 
0.0044784545898438 
0.0044860839843750 
0.0044937133789062 
0.0044937133789062 
0.0044860839843750 
0.0044937133789062 
0.0044937133789062 
0.0045013427734375 
0.0045089721679688 
0.0045166015625000 
0.0045089721679688 
0.0045089721679688 
0.0045013427734375 
0.0045089721679688 
0.0045089721679688 
0.0045166015625000 
0.0045166015625000 
0.0045089721679688 
0.0045089721679688 
0.0045166015625000 
0.0045166015625000 
0.0045166015625000 
0.0045166015625000 
0.0045242309570312 
0.0045242309570312 
0.0045166015625000 
0.0045166015625000 
0.0045166015625000 
0.0045242309570312 
0.0045318603515625 
0.0045394897460938 
0.0045318603515625 
0.0045318603515625 
0.0045242309570312 
0.0045318603515625 
0.0045242309570312 
0.0045166015625000 
0.0045166015625000 
0.0045242309570312 
0.0045318603515625 
0.0045394897460938 
0.0045471191406250 
0.0045547485351562 
0.0045623779296875 
0.0045547485351562 
0.0045623779296875 
0.0045547485351562 
0.0045471191406250 
0.0045547485351562 
0.0045547485351562 
0.0045547485351562 
0.0045623779296875 
0.0045547485351562 
0.0045547485351562 
0.0045471191406250 
0.0045471191406250 
0.0045547485351562 
0.0045623779296875 
0.0045547485351562 
0.0045623779296875 
0.0045547485351562 
0.0045471191406250 
0.0045471191406250 
0.0045547485351562 
0.0045471191406250 
0.0045547485351562 
0.0045547485351562 
0.0045471191406250 
0.0045394897460938 
0.0045471191406250 
0.0045394897460938 
0.0045318603515625 
0.0045242309570312 
0.0045166015625000 
0.0045089721679688 
0.0045089721679688 
0.0045166015625000 
0.0045089721679688 
0.0045166015625000 
0.0045242309570312 
0.0045166015625000 
0.0045089721679688 
0.0045166015625000 
0.0045242309570312 
0.0045166015625000 
0.0045242309570312 
0.0045166015625000 
0.0045242309570312 
0.0045242309570312 
0.0045242309570312 
0.0045166015625000 
0.0045166015625000 
0.0045089721679688 
0.0045013427734375 
0.0044937133789062 
0.0045013427734375 
0.0044937133789062 
0.0044860839843750 
0.0044784545898438 
0.0044784545898438 
0.0044860839843750 
0.0044937133789062 
0.0044937133789062 
0.0044937133789062 
0.0045013427734375 
0.0045089721679688 
0.0045166015625000 
0.0045089721679688 
0.0045166015625000 
0.0045089721679688 
0.0045166015625000 
0.0045166015625000 
0.0045166015625000 
0.0045242309570312 
0.0045318603515625 
0.0045242309570312 
0.0045318603515625 
0.0045318603515625 
0.0045394897460938 
0.0045318603515625 
0.0045242309570312 
0.0045166015625000 
0.0045242309570312 
0.0045166015625000 
0.0045089721679688 
0.0045166015625000 
0.0045166015625000 
0.0045166015625000 
0.0045166015625000 
0.0045242309570312 
0.0045166015625000 
0.0045089721679688 
0.0045089721679688 
0.0045013427734375 
0.0045013427734375 
0.0044937133789062 
0.0044860839843750 
0.0044860839843750 
0.0044860839843750 
0.0044860839843750 
0.0044860839843750 
0.0044937133789062 
0.0045013427734375 
0.0045089721679688 
0.0045013427734375 
0.0044937133789062 
0.0044860839843750 
0.0044937133789062 
0.0045013427734375 
0.0044937133789062 
0.0044860839843750 
0.0044784545898438 
0.0044860839843750 
0.0044937133789062 
0.0044937133789062 
0.0044937133789062 
0.0044937133789062 
0.0044937133789062 
0.0044937133789062 
0.0045013427734375 
0.0044937133789062 
0.0044937133789062 
0.0045013427734375 
0.0045013427734375 
0.0045089721679688 
0.0045089721679688 
0.0045013427734375 
0.0045013427734375 
0.0044937133789062 
0.0045013427734375 
0.0044937133789062 
0.0045013427734375 
0.0045089721679688 
0.0045013427734375 
0.0044937133789062 
0.0044860839843750 
0.0044784545898438 
0.0044860839843750 
0.0044860839843750 
0.0044860839843750 
0.0044937133789062 
0.0045013427734375 
0.0045013427734375 
0.0044937133789062 
0.0045013427734375 
0.0045089721679688 
0.0045166015625000 
0.0045242309570312 
0.0045242309570312 
0.0045318603515625 
0.0045242309570312 
0.0045166015625000 
0.0045089721679688 
0.0045166015625000 
0.0045242309570312 
0.0045318603515625 
0.0045394897460938 
0.0045471191406250 
0.0045547485351562 
0.0045623779296875 
0.0045623779296875 
0.0045700073242188 
0.0045776367187500 
0.0045776367187500 
0.0045700073242188 
0.0045776367187500 
0.0045776367187500 
0.0045852661132812 
0.0045928955078125 
0.0045852661132812 
0.0045852661132812 
0.0045852661132812 
0.0045776367187500 
0.0045700073242188 
0.0045623779296875 
0.0045547485351562 
0.0045471191406250 
0.0045471191406250 
0.0045394897460938 
0.0045471191406250 
0.0045547485351562 
0.0045623779296875 
0.0045700073242188 
0.0045700073242188 
0.0045623779296875 
0.0045700073242188 
0.0045623779296875 
0.0045700073242188 
0.0045623779296875 
0.0045700073242188 
0.0045700073242188 
0.0045623779296875 
0.0045623779296875 
0.0045547485351562 
0.0045471191406250 
0.0045471191406250 
0.0045547485351562 
0.0045471191406250 
0.0045394897460938 
0.0045318603515625 
0.0045318603515625 
0.0045242309570312 
0.0045166015625000 
0.0045242309570312 
0.0045242309570312 
0.0045318603515625 
0.0045394897460938 
0.0045318603515625 
0.0045242309570312 
0.0045166015625000 
0.0045242309570312 
0.0045318603515625 
0.0045242309570312 
0.0045318603515625 
0.0045394897460938 
0.0045471191406250 
0.0045547485351562 
0.0045471191406250 
0.0045471191406250 
0.0045471191406250 
0.0045394897460938 
0.0045471191406250 
0.0045547485351562 
0.0045623779296875 
0.0045623779296875 
0.0045700073242188 
0.0045623779296875 
0.0045547485351562 
0.0045547485351562 
0.0045471191406250 
0.0045394897460938 
0.0045318603515625 
0.0045318603515625 
0.0045394897460938 
0.0045394897460938 
0.0045471191406250 
0.0045547485351562 
0.0045471191406250 
0.0045471191406250 
0.0045547485351562 
0.0045471191406250 
0.0045547485351562 
0.0045547485351562 
0.0045471191406250 
0.0045471191406250 
0.0045471191406250 
0.0045394897460938 
0.0045318603515625 
0.0045242309570312 
0.0045242309570312 
0.0045166015625000 
0.0045242309570312 
0.0045318603515625 
0.0045242309570312 
0.0045242309570312 
0.0045318603515625 
0.0045242309570312 
0.0045318603515625 
0.0045394897460938 
0.0045394897460938 
0.0045318603515625 
0.0045318603515625 
0.0045394897460938 
0.0045318603515625 
0.0045242309570312 
0.0045166015625000 
0.0045242309570312 
0.0045166015625000 
0.0045089721679688 
0.0045166015625000 
0.0045242309570312 
0.0045318603515625 
0.0045318603515625 
0.0045318603515625 
0.0045394897460938 
0.0045471191406250 
0.0045471191406250 
0.0045394897460938 
0.0045471191406250 
0.0045394897460938 
0.0045471191406250 
0.0045547485351562 
0.0045547485351562 
0.0045471191406250 
0.0045394897460938 
0.0045394897460938 
0.0045394897460938 
0.0045471191406250 
0.0045394897460938 
0.0045318603515625 
0.0045394897460938 
0.0045318603515625 
0.0045242309570312 
0.0045318603515625 
0.0045242309570312 
0.0045318603515625 
0.0045318603515625 
0.0045394897460938 
0.0045318603515625 
0.0045394897460938 
0.0045394897460938 
0.0045318603515625 
0.0045394897460938 
0.0045394897460938 
0.0045471191406250 
0.0045471191406250 
0.0045547485351562 
0.0045547485351562 
0.0045471191406250 
0.0045547485351562 
0.0045471191406250 
0.0045394897460938 
0.0045318603515625 
0.0045242309570312 
0.0045318603515625 
0.0045242309570312 
0.0045318603515625 
0.0045394897460938 
0.0045318603515625 
0.0045394897460938 
0.0045318603515625 
0.0045242309570312 
0.0045242309570312 
0.0045242309570312 
0.0045166015625000 
0.0045089721679688 
0.0045166015625000 
0.0045166015625000 
0.0045242309570312 
0.0045318603515625 
0.0045394897460938 
0.0045394897460938 
0.0045318603515625 
0.0045394897460938 
0.0045471191406250 
0.0045394897460938 
0.0045471191406250 
0.0045471191406250 
0.0045547485351562 
0.0045471191406250 
0.0045547485351562 
0.0045471191406250 
0.0045547485351562 
0.0045547485351562 
0.0045623779296875 
0.0045700073242188 
0.0045700073242188 
0.0045700073242188 
0.0045700073242188 
0.0045700073242188 
0.0045700073242188 
0.0045623779296875 
0.0045547485351562 
0.0045547485351562 
0.0045471191406250 
0.0045394897460938 
0.0045394897460938 
0.0045394897460938 
0.0045318603515625 
0.0045394897460938 
0.0045471191406250 
0.0045547485351562 
0.0045471191406250 
0.0045394897460938 
0.0045394897460938 
0.0045471191406250 
0.0045547485351562 
0.0045547485351562 
0.0045547485351562 
0.0045471191406250 
0.0045394897460938 
0.0045394897460938 
0.0045471191406250 
0.0045394897460938 
0.0045471191406250 
0.0045394897460938 
0.0045394897460938 
0.0045471191406250 
0.0045471191406250 
0.0045547485351562 
0.0045471191406250 
0.0045394897460938 
0.0045471191406250 
0.0045394897460938 
0.0045394897460938 
0.0045471191406250 
0.0045471191406250 
0.0045547485351562 
0.0045623779296875 
0.0045700073242188 
0.0045700073242188 
0.0045623779296875 
0.0045700073242188 
0.0045776367187500 
0.0045852661132812 
0.0045852661132812 
0.0045852661132812 
0.0045776367187500 
0.0045852661132812 
0.0045776367187500 
0.0045700073242188 
0.0045776367187500 
0.0045776367187500 
0.0045700073242188 
0.0045700073242188 
0.0045700073242188 
0.0045623779296875 
0.0045547485351562 
0.0045471191406250 
0.0045547485351562 
0.0045547485351562 
0.0045471191406250 
0.0045394897460938 
0.0045394897460938 
0.0045318603515625 
0.0045394897460938 
0.0045471191406250 
0.0045394897460938 
0.0045471191406250 
0.0045471191406250 
0.0045471191406250 
0.0045547485351562 
0.0045547485351562 
0.0045471191406250 
0.0045394897460938 
0.0045394897460938 
0.0045471191406250 
0.0045394897460938 
0.0045318603515625 
0.0045242309570312 
0.0045242309570312 
0.0045242309570312 
0.0045318603515625 
0.0045242309570312 
0.0045318603515625 
0.0045394897460938 
0.0045471191406250 
0.0045471191406250 
0.0045471191406250 
0.0045471191406250 
0.0045547485351562 
0.0045623779296875 
0.0045547485351562 
0.0045471191406250 
0.0045547485351562 
0.0045623779296875 
0.0045547485351562 
0.0045623779296875 
0.0045700073242188 
0.0045776367187500 
0.0045700073242188 
0.0045776367187500 
0.0045852661132812 
0.0045928955078125 
0.0045928955078125 
0.0045852661132812 
0.0045928955078125 
0.0045852661132812 
0.0045928955078125 
0.0046005249023438 
0.0045928955078125 
0.0045852661132812 
0.0045928955078125 
0.0046005249023438 
0.0046081542968750 
0.0046157836914062 
0.0046081542968750 
0.0046157836914062 
0.0046081542968750 
0.0046081542968750 
0.0046005249023438 
0.0046005249023438 
0.0046005249023438 
0.0046005249023438 
0.0045928955078125 
0.0045852661132812 
0.0045852661132812 
0.0045852661132812 
0.0045776367187500 
0.0045700073242188 
0.0045623779296875 
0.0045623779296875 
0.0045700073242188 
0.0045776367187500 
0.0045852661132812 
0.0045776367187500 
0.0045776367187500 
0.0045776367187500 
0.0045700073242188 
0.0045623779296875 
0.0045547485351562 
0.0045623779296875 
0.0045623779296875 
0.0045623779296875 
0.0045547485351562 
0.0045471191406250 
0.0045471191406250 
0.0045547485351562 
0.0045547485351562 
0.0045547485351562 
0.0045471191406250 
0.0045547485351562 
0.0045623779296875 
0.0045547485351562 
0.0045623779296875 
0.0045623779296875 
0.0045547485351562 
0.0045471191406250 
0.0045394897460938 
0.0045318603515625 
0.0045318603515625 
0.0045394897460938 
0.0045471191406250 
0.0045394897460938 
0.0045471191406250 
0.0045394897460938 
0.0045394897460938 
0.0045394897460938 
0.0045318603515625 
0.0045318603515625 
0.0045318603515625 
0.0045394897460938 
0.0045318603515625 
0.0045394897460938 
0.0045318603515625 
0.0045242309570312 
0.0045242309570312 
0.0045166015625000 
0.0045089721679688 
0.0045013427734375 
0.0044937133789062 
0.0044937133789062 
0.0044937133789062 
0.0044860839843750 
0.0044784545898438 
0.0044708251953125 
0.0044631958007812 
0.0044631958007812 
0.0044555664062500 
0.0044631958007812 
0.0044631958007812 
0.0044555664062500 
0.0044555664062500 
0.0044555664062500 
0.0044631958007812 
0.0044708251953125 
0.0044708251953125 
0.0044631958007812 
0.0044555664062500 
0.0044631958007812 
0.0044631958007812 
0.0044631958007812 
0.0044631958007812 
0.0044555664062500 
0.0044479370117188 
0.0044403076171875 
0.0044479370117188 
0.0044403076171875 
0.0044326782226562 
0.0044250488281250 
0.0044174194335938 
0.0044250488281250 
0.0044250488281250 
0.0044174194335938 
0.0044250488281250 
0.0044250488281250 
0.0044250488281250 
0.0044174194335938 
0.0044097900390625 
0.0044021606445312 
0.0043945312500000 
0.0043945312500000 
0.0043869018554688 
0.0043945312500000 
0.0043945312500000 
0.0044021606445312 
0.0044097900390625 
0.0044174194335938 
0.0044097900390625 
0.0044021606445312 
0.0043945312500000 
0.0043945312500000 
0.0043869018554688 
0.0043792724609375 
0.0043716430664062 
0.0043792724609375 
0.0043869018554688 
0.0043792724609375 
0.0043716430664062 
0.0043792724609375 
0.0043869018554688 
0.0043945312500000 
0.0043945312500000 
0.0043945312500000 
0.0044021606445312 
0.0044097900390625 
0.0044174194335938 
0.0044174194335938 
0.0044174194335938 
0.0044250488281250 
0.0044174194335938 
0.0044250488281250 
0.0044250488281250 
0.0044250488281250 
0.0044174194335938 
0.0044174194335938 
0.0044097900390625 
0.0044097900390625 
0.0044021606445312 
0.0044021606445312 
0.0043945312500000 
0.0044021606445312 
0.0044097900390625 
0.0044174194335938 
0.0044250488281250 
0.0044326782226562 
0.0044326782226562 
0.0044403076171875 
0.0044479370117188 
0.0044555664062500 
0.0044479370117188 
0.0044403076171875 
0.0044403076171875 
0.0044403076171875 
0.0044479370117188 
0.0044555664062500 
0.0044631958007812 
0.0044555664062500 
0.0044631958007812 
0.0044631958007812 
0.0044631958007812 
0.0044631958007812 
0.0044555664062500 
0.0044631958007812 
0.0044555664062500 
0.0044555664062500 
0.0044479370117188 
0.0044479370117188 
0.0044555664062500 
0.0044479370117188 
0.0044403076171875 
0.0044326782226562 
0.0044326782226562 
0.0044250488281250 
0.0044174194335938 
0.0044250488281250 
0.0044174194335938 
0.0044097900390625 
0.0044021606445312 
0.0044097900390625 
0.0044021606445312 
0.0044021606445312 
0.0043945312500000 
0.0043869018554688 
0.0043945312500000 
0.0044021606445312 
0.0044097900390625 
0.0044021606445312 
0.0044021606445312 
0.0044097900390625 
0.0044174194335938 
0.0044174194335938 
0.0044250488281250 
0.0044250488281250 
0.0044174194335938 
0.0044250488281250 
0.0044174194335938 
0.0044250488281250 
0.0044250488281250 
0.0044250488281250 
0.0044326782226562 
0.0044403076171875 
0.0044479370117188 
0.0044479370117188 
0.0044555664062500 
0.0044555664062500 
0.0044479370117188 
0.0044403076171875 
0.0044479370117188 
0.0044479370117188 
0.0044403076171875 
0.0044326782226562 
0.0044403076171875 
0.0044403076171875 
0.0044326782226562 
0.0044403076171875 
0.0044326782226562 
0.0044403076171875 
0.0044326782226562 
0.0044250488281250 
0.0044174194335938 
0.0044097900390625 
0.0044174194335938 
0.0044097900390625 
0.0044174194335938 
0.0044250488281250 
0.0044174194335938 
0.0044097900390625 
0.0044174194335938 
0.0044174194335938 
0.0044250488281250 
0.0044174194335938 
0.0044097900390625 
0.0044097900390625 
0.0044021606445312 
0.0044097900390625 
0.0044174194335938 
0.0044250488281250 
0.0044250488281250 
0.0044326782226562 
0.0044403076171875 
0.0044326782226562 
0.0044403076171875 
0.0044479370117188 
0.0044403076171875 
0.0044326782226562 
0.0044403076171875 
0.0044403076171875 
0.0044479370117188 
0.0044403076171875 
0.0044479370117188 
0.0044555664062500 
0.0044479370117188 
0.0044555664062500 
0.0044479370117188 
0.0044479370117188 
0.0044555664062500 
0.0044555664062500 
0.0044555664062500 
0.0044631958007812 
0.0044555664062500 
0.0044555664062500 
0.0044479370117188 
0.0044403076171875 
0.0044479370117188 
0.0044479370117188 
0.0044403076171875 
0.0044403076171875 
0.0044479370117188 
0.0044479370117188 
0.0044555664062500 
0.0044631958007812 
0.0044631958007812 
0.0044631958007812 
0.0044555664062500 
0.0044479370117188 
0.0044479370117188 
0.0044555664062500 
0.0044479370117188 
0.0044479370117188 
0.0044479370117188 
0.0044555664062500 
0.0044631958007812 
0.0044555664062500 
0.0044479370117188 
0.0044555664062500 
0.0044631958007812 
0.0044708251953125 
0.0044708251953125 
0.0044708251953125 
0.0044784545898438 
0.0044784545898438 
0.0044784545898438 
0.0044860839843750 
0.0044937133789062 
0.0045013427734375 
0.0045089721679688 
0.0045166015625000 
0.0045242309570312 
0.0045242309570312 
0.0045242309570312 
0.0045166015625000 
0.0045089721679688 
0.0045013427734375 
0.0045089721679688 
0.0045166015625000 
0.0045242309570312 
0.0045166015625000 
0.0045242309570312 
0.0045318603515625 
0.0045242309570312 
0.0045166015625000 
0.0045089721679688 
0.0045089721679688 
0.0045089721679688 
0.0045013427734375 
0.0045013427734375 
0.0044937133789062 
0.0044860839843750 
0.0044784545898438 
0.0044860839843750 
0.0044937133789062 
0.0044860839843750 
0.0044860839843750 
0.0044860839843750 
0.0044860839843750 
0.0044784545898438 
0.0044784545898438 
0.0044708251953125 
0.0044631958007812 
0.0044555664062500 
0.0044631958007812 
0.0044555664062500 
0.0044555664062500 
0.0044631958007812 
0.0044631958007812 
0.0044555664062500 
0.0044555664062500 
0.0044479370117188 
0.0044479370117188 
0.0044479370117188 
0.0044403076171875 
0.0044479370117188 
0.0044403076171875 
0.0044479370117188 
0.0044555664062500 
0.0044631958007812 
0.0044708251953125 
0.0044708251953125 
0.0044631958007812 
0.0044631958007812 
0.0044708251953125 
0.0044631958007812 
0.0044555664062500 
0.0044555664062500 
0.0044631958007812 
0.0044708251953125 
0.0044784545898438 
0.0044860839843750 
0.0044784545898438 
0.0044860839843750 
0.0044784545898438 
0.0044784545898438 
0.0044860839843750 
0.0044784545898438 
0.0044860839843750 
0.0044784545898438 
0.0044784545898438 
0.0044708251953125 
0.0044631958007812 
0.0044708251953125 
0.0044631958007812 
0.0044555664062500 
0.0044631958007812 
0.0044555664062500 
0.0044479370117188 
0.0044479370117188 
0.0044479370117188 
0.0044403076171875 
0.0044479370117188 
0.0044479370117188 
0.0044479370117188 
0.0044403076171875 
0.0044326782226562 
0.0044326782226562 
0.0044403076171875 
0.0044403076171875 
0.0044403076171875 
0.0044403076171875 
0.0044479370117188 
0.0044403076171875 
0.0044479370117188 
0.0044479370117188 
0.0044403076171875 
0.0044326782226562 
0.0044250488281250 
0.0044326782226562 
0.0044250488281250 
0.0044326782226562 
0.0044250488281250 
0.0044174194335938 
0.0044174194335938 
0.0044250488281250 
0.0044250488281250 
0.0044174194335938 
0.0044250488281250 
0.0044326782226562 
0.0044250488281250 
0.0044326782226562 
0.0044326782226562 
0.0044326782226562 
0.0044250488281250 
0.0044326782226562 
0.0044403076171875 
0.0044479370117188 
0.0044403076171875 
0.0044479370117188 
0.0044479370117188 
0.0044403076171875 
0.0044326782226562 
0.0044326782226562 
0.0044250488281250 
0.0044250488281250 
0.0044326782226562 
0.0044326782226562 
0.0044250488281250 
0.0044250488281250 
0.0044250488281250 
0.0044326782226562 
0.0044403076171875 
0.0044403076171875 
0.0044326782226562 
0.0044326782226562 
0.0044250488281250 
0.0044174194335938 
0.0044250488281250 
0.0044174194335938 
0.0044174194335938 
0.0044097900390625 
0.0044021606445312 
0.0043945312500000 
0.0043869018554688 
0.0043869018554688 
0.0043792724609375 
0.0043716430664062 
0.0043792724609375 
0.0043869018554688 
0.0043792724609375 
0.0043792724609375 
0.0043869018554688 
0.0043869018554688 
0.0043945312500000 
0.0043869018554688 
0.0043792724609375 
0.0043792724609375 
0.0043869018554688 
0.0043945312500000 
0.0044021606445312 
0.0043945312500000 
0.0044021606445312 
0.0043945312500000 
0.0043869018554688 
0.0043869018554688 
0.0043869018554688 
0.0043792724609375 
0.0043869018554688 
