-0.0015411376953125 
-0.0015335083007812 
-0.0015258789062500 
-0.0015182495117188 
-0.0015182495117188 
-0.0015258789062500 
-0.0015182495117188 
-0.0015182495117188 
-0.0015182495117188 
-0.0015258789062500 
-0.0015182495117188 
-0.0015106201171875 
-0.0015106201171875 
-0.0015106201171875 
-0.0015106201171875 
-0.0015182495117188 
-0.0015258789062500 
-0.0015258789062500 
-0.0015182495117188 
-0.0015258789062500 
-0.0015335083007812 
-0.0015411376953125 
-0.0015335083007812 
-0.0015411376953125 
-0.0015487670898438 
-0.0015563964843750 
-0.0015640258789062 
-0.0015716552734375 
-0.0015716552734375 
-0.0015792846679688 
-0.0015869140625000 
-0.0015869140625000 
-0.0015869140625000 
-0.0015869140625000 
-0.0015869140625000 
-0.0015869140625000 
-0.0015792846679688 
-0.0015716552734375 
-0.0015640258789062 
-0.0015640258789062 
-0.0015563964843750 
-0.0015640258789062 
-0.0015640258789062 
-0.0015716552734375 
-0.0015792846679688 
-0.0015716552734375 
-0.0015716552734375 
-0.0015716552734375 
-0.0015792846679688 
-0.0015716552734375 
-0.0015640258789062 
-0.0015640258789062 
-0.0015640258789062 
-0.0015563964843750 
-0.0015563964843750 
-0.0015563964843750 
-0.0015487670898438 
-0.0015411376953125 
-0.0015487670898438 
-0.0015411376953125 
-0.0015411376953125 
-0.0015487670898438 
-0.0015487670898438 
-0.0015411376953125 
-0.0015487670898438 
-0.0015563964843750 
-0.0015563964843750 
-0.0015640258789062 
-0.0015563964843750 
-0.0015640258789062 
-0.0015640258789062 
-0.0015640258789062 
-0.0015640258789062 
-0.0015563964843750 
-0.0015487670898438 
-0.0015563964843750 
-0.0015487670898438 
-0.0015411376953125 
-0.0015487670898438 
-0.0015411376953125 
-0.0015335083007812 
-0.0015258789062500 
-0.0015335083007812 
-0.0015411376953125 
-0.0015335083007812 
-0.0015258789062500 
-0.0015258789062500 
-0.0015182495117188 
-0.0015182495117188 
-0.0015182495117188 
-0.0015258789062500 
-0.0015335083007812 
-0.0015411376953125 
-0.0015487670898438 
-0.0015411376953125 
-0.0015487670898438 
-0.0015563964843750 
-0.0015487670898438 
-0.0015411376953125 
-0.0015411376953125 
-0.0015335083007812 
-0.0015411376953125 
-0.0015411376953125 
-0.0015411376953125 
-0.0015487670898438 
-0.0015563964843750 
-0.0015640258789062 
-0.0015563964843750 
-0.0015487670898438 
-0.0015411376953125 
-0.0015335083007812 
-0.0015411376953125 
-0.0015411376953125 
-0.0015487670898438 
-0.0015411376953125 
-0.0015335083007812 
-0.0015335083007812 
-0.0015411376953125 
-0.0015411376953125 
-0.0015487670898438 
-0.0015487670898438 
-0.0015487670898438 
-0.0015487670898438 
-0.0015563964843750 
-0.0015640258789062 
-0.0015563964843750 
-0.0015563964843750 
-0.0015563964843750 
-0.0015563964843750 
-0.0015487670898438 
-0.0015563964843750 
-0.0015487670898438 
-0.0015487670898438 
-0.0015487670898438 
-0.0015411376953125 
-0.0015335083007812 
-0.0015411376953125 
-0.0015411376953125 
-0.0015335083007812 
-0.0015411376953125 
-0.0015487670898438 
-0.0015411376953125 
-0.0015487670898438 
-0.0015563964843750 
-0.0015487670898438 
-0.0015411376953125 
-0.0015487670898438 
-0.0015411376953125 
-0.0015335083007812 
-0.0015258789062500 
-0.0015335083007812 
-0.0015411376953125 
-0.0015487670898438 
-0.0015563964843750 
-0.0015563964843750 
-0.0015487670898438 
-0.0015487670898438 
-0.0015487670898438 
-0.0015487670898438 
-0.0015487670898438 
-0.0015487670898438 
-0.0015411376953125 
-0.0015487670898438 
-0.0015563964843750 
-0.0015487670898438 
-0.0015487670898438 
-0.0015411376953125 
-0.0015411376953125 
-0.0015335083007812 
-0.0015258789062500 
-0.0015182495117188 
-0.0015258789062500 
-0.0015258789062500 
-0.0015335083007812 
-0.0015411376953125 
-0.0015411376953125 
-0.0015487670898438 
-0.0015487670898438 
-0.0015411376953125 
-0.0015411376953125 
-0.0015335083007812 
-0.0015335083007812 
-0.0015411376953125 
-0.0015411376953125 
-0.0015487670898438 
-0.0015563964843750 
-0.0015563964843750 
-0.0015563964843750 
-0.0015563964843750 
-0.0015487670898438 
-0.0015411376953125 
-0.0015335083007812 
-0.0015335083007812 
-0.0015411376953125 
-0.0015335083007812 
-0.0015258789062500 
-0.0015182495117188 
-0.0015182495117188 
-0.0015182495117188 
-0.0015182495117188 
-0.0015182495117188 
-0.0015106201171875 
-0.0015106201171875 
-0.0015029907226562 
-0.0015106201171875 
-0.0015106201171875 
-0.0015106201171875 
-0.0015182495117188 
-0.0015258789062500 
-0.0015258789062500 
-0.0015182495117188 
-0.0015106201171875 
-0.0015182495117188 
-0.0015182495117188 
-0.0015106201171875 
-0.0015182495117188 
-0.0015106201171875 
-0.0015106201171875 
-0.0015029907226562 
-0.0015029907226562 
-0.0015106201171875 
-0.0015106201171875 
-0.0015029907226562 
-0.0015106201171875 
-0.0015182495117188 
-0.0015106201171875 
-0.0015029907226562 
-0.0015106201171875 
-0.0015029907226562 
-0.0014953613281250 
-0.0015029907226562 
-0.0014953613281250 
-0.0015029907226562 
-0.0015106201171875 
-0.0015029907226562 
-0.0015106201171875 
-0.0015029907226562 
-0.0015106201171875 
-0.0015182495117188 
-0.0015182495117188 
-0.0015258789062500 
-0.0015258789062500 
-0.0015335083007812 
-0.0015258789062500 
-0.0015258789062500 
-0.0015258789062500 
-0.0015258789062500 
-0.0015182495117188 
-0.0015182495117188 
-0.0015258789062500 
-0.0015258789062500 
-0.0015182495117188 
-0.0015106201171875 
-0.0015029907226562 
-0.0015106201171875 
-0.0015182495117188 
-0.0015182495117188 
-0.0015106201171875 
-0.0015106201171875 
-0.0015106201171875 
-0.0015029907226562 
-0.0015106201171875 
-0.0015182495117188 
-0.0015182495117188 
-0.0015182495117188 
-0.0015106201171875 
-0.0015182495117188 
-0.0015182495117188 
-0.0015258789062500 
-0.0015335083007812 
-0.0015258789062500 
-0.0015258789062500 
-0.0015335083007812 
-0.0015335083007812 
-0.0015411376953125 
-0.0015411376953125 
-0.0015411376953125 
-0.0015335083007812 
-0.0015411376953125 
-0.0015487670898438 
-0.0015563964843750 
-0.0015487670898438 
-0.0015563964843750 
-0.0015487670898438 
-0.0015563964843750 
-0.0015487670898438 
-0.0015487670898438 
-0.0015563964843750 
-0.0015563964843750 
-0.0015563964843750 
-0.0015563964843750 
-0.0015563964843750 
-0.0015487670898438 
-0.0015487670898438 
-0.0015563964843750 
-0.0015563964843750 
-0.0015640258789062 
-0.0015640258789062 
-0.0015640258789062 
-0.0015563964843750 
-0.0015640258789062 
-0.0015716552734375 
-0.0015792846679688 
-0.0015792846679688 
-0.0015716552734375 
-0.0015792846679688 
-0.0015716552734375 
-0.0015792846679688 
-0.0015792846679688 
-0.0015716552734375 
-0.0015792846679688 
-0.0015716552734375 
-0.0015792846679688 
-0.0015869140625000 
-0.0015792846679688 
-0.0015716552734375 
-0.0015640258789062 
-0.0015640258789062 
-0.0015563964843750 
-0.0015487670898438 
-0.0015563964843750 
-0.0015563964843750 
-0.0015640258789062 
-0.0015716552734375 
-0.0015716552734375 
-0.0015716552734375 
-0.0015792846679688 
-0.0015869140625000 
-0.0015792846679688 
-0.0015792846679688 
-0.0015792846679688 
-0.0015792846679688 
-0.0015869140625000 
-0.0015945434570312 
-0.0015869140625000 
-0.0015945434570312 
-0.0015869140625000 
-0.0015945434570312 
-0.0016021728515625 
-0.0016098022460938 
-0.0016021728515625 
-0.0016021728515625 
-0.0016021728515625 
-0.0016098022460938 
-0.0016098022460938 
-0.0016174316406250 
-0.0016098022460938 
-0.0016021728515625 
-0.0015945434570312 
-0.0016021728515625 
-0.0016098022460938 
-0.0016021728515625 
-0.0016021728515625 
-0.0015945434570312 
-0.0015869140625000 
-0.0015869140625000 
-0.0015792846679688 
-0.0015716552734375 
-0.0015640258789062 
-0.0015563964843750 
-0.0015640258789062 
-0.0015716552734375 
-0.0015640258789062 
-0.0015563964843750 
-0.0015487670898438 
-0.0015563964843750 
-0.0015563964843750 
-0.0015563964843750 
-0.0015563964843750 
-0.0015640258789062 
-0.0015640258789062 
-0.0015716552734375 
-0.0015716552734375 
-0.0015640258789062 
-0.0015563964843750 
-0.0015640258789062 
-0.0015716552734375 
-0.0015716552734375 
-0.0015792846679688 
-0.0015869140625000 
-0.0015792846679688 
-0.0015792846679688 
-0.0015716552734375 
-0.0015792846679688 
-0.0015792846679688 
-0.0015716552734375 
-0.0015792846679688 
-0.0015716552734375 
-0.0015640258789062 
-0.0015640258789062 
-0.0015563964843750 
-0.0015640258789062 
-0.0015716552734375 
-0.0015640258789062 
-0.0015716552734375 
-0.0015792846679688 
-0.0015869140625000 
-0.0015869140625000 
-0.0015869140625000 
-0.0015869140625000 
-0.0015869140625000 
-0.0015869140625000 
-0.0015945434570312 
-0.0015945434570312 
-0.0015945434570312 
-0.0015945434570312 
-0.0015945434570312 
-0.0015945434570312 
-0.0015945434570312 
-0.0015869140625000 
-0.0015792846679688 
-0.0015716552734375 
-0.0015716552734375 
-0.0015792846679688 
-0.0015716552734375 
-0.0015716552734375 
-0.0015792846679688 
-0.0015869140625000 
-0.0015792846679688 
-0.0015792846679688 
-0.0015792846679688 
-0.0015869140625000 
-0.0015945434570312 
-0.0016021728515625 
-0.0015945434570312 
-0.0015869140625000 
-0.0015792846679688 
-0.0015716552734375 
-0.0015716552734375 
-0.0015792846679688 
-0.0015716552734375 
-0.0015792846679688 
-0.0015869140625000 
-0.0015869140625000 
-0.0015945434570312 
-0.0015945434570312 
-0.0015945434570312 
-0.0016021728515625 
-0.0016021728515625 
-0.0016098022460938 
-0.0016098022460938 
-0.0016098022460938 
-0.0016098022460938 
-0.0016021728515625 
-0.0015945434570312 
-0.0015869140625000 
-0.0015945434570312 
-0.0016021728515625 
-0.0016021728515625 
-0.0015945434570312 
-0.0015945434570312 
-0.0016021728515625 
-0.0015945434570312 
-0.0015945434570312 
-0.0015945434570312 
-0.0015945434570312 
-0.0015869140625000 
-0.0015945434570312 
-0.0016021728515625 
-0.0015945434570312 
-0.0015869140625000 
-0.0015792846679688 
-0.0015716552734375 
-0.0015792846679688 
-0.0015716552734375 
-0.0015716552734375 
-0.0015640258789062 
-0.0015563964843750 
-0.0015487670898438 
-0.0015487670898438 
-0.0015411376953125 
-0.0015335083007812 
-0.0015335083007812 
-0.0015411376953125 
-0.0015487670898438 
-0.0015411376953125 
-0.0015411376953125 
-0.0015335083007812 
-0.0015335083007812 
-0.0015411376953125 
-0.0015487670898438 
-0.0015487670898438 
-0.0015563964843750 
-0.0015563964843750 
-0.0015640258789062 
-0.0015640258789062 
-0.0015640258789062 
-0.0015716552734375 
-0.0015716552734375 
-0.0015640258789062 
-0.0015716552734375 
-0.0015792846679688 
-0.0015869140625000 
-0.0015869140625000 
-0.0015869140625000 
-0.0015869140625000 
-0.0015792846679688 
-0.0015716552734375 
-0.0015716552734375 
-0.0015716552734375 
-0.0015640258789062 
-0.0015716552734375 
-0.0015716552734375 
-0.0015792846679688 
-0.0015869140625000 
-0.0015792846679688 
-0.0015792846679688 
-0.0015792846679688 
-0.0015792846679688 
-0.0015716552734375 
-0.0015640258789062 
-0.0015563964843750 
-0.0015640258789062 
-0.0015640258789062 
-0.0015563964843750 
-0.0015640258789062 
-0.0015563964843750 
-0.0015487670898438 
-0.0015563964843750 
-0.0015640258789062 
-0.0015716552734375 
-0.0015792846679688 
-0.0015792846679688 
-0.0015869140625000 
-0.0015792846679688 
-0.0015716552734375 
-0.0015792846679688 
-0.0015869140625000 
-0.0015945434570312 
-0.0015869140625000 
-0.0015869140625000 
-0.0015945434570312 
-0.0016021728515625 
-0.0015945434570312 
-0.0016021728515625 
-0.0015945434570312 
-0.0015945434570312 
-0.0016021728515625 
-0.0016021728515625 
-0.0015945434570312 
-0.0015869140625000 
-0.0015945434570312 
-0.0015869140625000 
-0.0015792846679688 
-0.0015716552734375 
-0.0015640258789062 
-0.0015563964843750 
-0.0015563964843750 
-0.0015563964843750 
-0.0015640258789062 
-0.0015640258789062 
-0.0015563964843750 
-0.0015640258789062 
-0.0015640258789062 
-0.0015716552734375 
-0.0015716552734375 
-0.0015640258789062 
-0.0015640258789062 
-0.0015563964843750 
-0.0015563964843750 
-0.0015640258789062 
-0.0015640258789062 
-0.0015563964843750 
-0.0015563964843750 
-0.0015487670898438 
-0.0015563964843750 
-0.0015563964843750 
-0.0015640258789062 
-0.0015716552734375 
-0.0015640258789062 
-0.0015716552734375 
-0.0015716552734375 
-0.0015716552734375 
-0.0015792846679688 
-0.0015716552734375 
-0.0015716552734375 
-0.0015640258789062 
-0.0015640258789062 
-0.0015716552734375 
-0.0015716552734375 
-0.0015716552734375 
-0.0015792846679688 
-0.0015869140625000 
-0.0015945434570312 
-0.0015869140625000 
-0.0015792846679688 
-0.0015716552734375 
-0.0015792846679688 
-0.0015716552734375 
-0.0015792846679688 
-0.0015792846679688 
-0.0015716552734375 
-0.0015792846679688 
-0.0015869140625000 
-0.0015945434570312 
-0.0016021728515625 
-0.0015945434570312 
-0.0015869140625000 
-0.0015869140625000 
-0.0015792846679688 
-0.0015716552734375 
-0.0015792846679688 
-0.0015869140625000 
-0.0015945434570312 
-0.0015869140625000 
-0.0015869140625000 
-0.0015945434570312 
-0.0015869140625000 
-0.0015792846679688 
-0.0015716552734375 
-0.0015640258789062 
-0.0015563964843750 
-0.0015487670898438 
-0.0015487670898438 
-0.0015487670898438 
-0.0015411376953125 
-0.0015335083007812 
-0.0015411376953125 
-0.0015335083007812 
-0.0015411376953125 
-0.0015411376953125 
-0.0015487670898438 
-0.0015487670898438 
-0.0015563964843750 
-0.0015487670898438 
-0.0015411376953125 
-0.0015487670898438 
-0.0015563964843750 
-0.0015563964843750 
-0.0015563964843750 
-0.0015640258789062 
-0.0015716552734375 
-0.0015640258789062 
-0.0015563964843750 
-0.0015487670898438 
-0.0015411376953125 
-0.0015335083007812 
-0.0015411376953125 
-0.0015487670898438 
-0.0015487670898438 
-0.0015411376953125 
-0.0015487670898438 
-0.0015487670898438 
-0.0015563964843750 
-0.0015640258789062 
-0.0015640258789062 
-0.0015640258789062 
-0.0015640258789062 
-0.0015640258789062 
-0.0015563964843750 
-0.0015563964843750 
-0.0015563964843750 
-0.0015487670898438 
-0.0015563964843750 
-0.0015487670898438 
-0.0015563964843750 
-0.0015563964843750 
-0.0015563964843750 
-0.0015487670898438 
-0.0015563964843750 
-0.0015487670898438 
-0.0015563964843750 
-0.0015640258789062 
-0.0015640258789062 
-0.0015716552734375 
-0.0015792846679688 
-0.0015869140625000 
-0.0015869140625000 
-0.0015869140625000 
-0.0015869140625000 
-0.0015792846679688 
-0.0015869140625000 
-0.0015792846679688 
-0.0015869140625000 
-0.0015869140625000 
-0.0015945434570312 
-0.0015869140625000 
-0.0015945434570312 
-0.0015869140625000 
-0.0015869140625000 
-0.0015869140625000 
-0.0015869140625000 
-0.0015792846679688 
-0.0015716552734375 
-0.0015792846679688 
-0.0015716552734375 
-0.0015640258789062 
-0.0015640258789062 
-0.0015563964843750 
-0.0015487670898438 
-0.0015411376953125 
-0.0015487670898438 
-0.0015487670898438 
-0.0015487670898438 
-0.0015487670898438 
-0.0015563964843750 
-0.0015640258789062 
-0.0015563964843750 
-0.0015640258789062 
-0.0015640258789062 
-0.0015716552734375 
-0.0015792846679688 
-0.0015869140625000 
-0.0015945434570312 
-0.0016021728515625 
-0.0016098022460938 
-0.0016021728515625 
-0.0015945434570312 
-0.0015869140625000 
-0.0015792846679688 
-0.0015869140625000 
-0.0015792846679688 
-0.0015716552734375 
-0.0015792846679688 
-0.0015792846679688 
-0.0015869140625000 
-0.0015945434570312 
-0.0016021728515625 
-0.0016021728515625 
-0.0016098022460938 
-0.0016021728515625 
-0.0016098022460938 
-0.0016021728515625 
-0.0016098022460938 
-0.0016098022460938 
-0.0016098022460938 
-0.0016021728515625 
-0.0016098022460938 
-0.0016098022460938 
-0.0016174316406250 
-0.0016250610351562 
-0.0016250610351562 
-0.0016174316406250 
-0.0016250610351562 
-0.0016250610351562 
-0.0016250610351562 
-0.0016250610351562 
-0.0016326904296875 
-0.0016403198242188 
-0.0016403198242188 
-0.0016326904296875 
-0.0016403198242188 
-0.0016479492187500 
-0.0016555786132812 
-0.0016555786132812 
-0.0016632080078125 
-0.0016708374023438 
-0.0016784667968750 
-0.0016708374023438 
-0.0016784667968750 
-0.0016708374023438 
-0.0016708374023438 
-0.0016784667968750 
-0.0016784667968750 
-0.0016708374023438 
-0.0016632080078125 
-0.0016708374023438 
-0.0016708374023438 
-0.0016708374023438 
-0.0016708374023438 
-0.0016632080078125 
-0.0016708374023438 
-0.0016632080078125 
-0.0016555786132812 
-0.0016632080078125 
-0.0016555786132812 
-0.0016632080078125 
-0.0016708374023438 
-0.0016708374023438 
-0.0016784667968750 
-0.0016860961914062 
-0.0016860961914062 
-0.0016937255859375 
-0.0016937255859375 
-0.0017013549804688 
-0.0016937255859375 
-0.0016937255859375 
-0.0016860961914062 
-0.0016937255859375 
-0.0016860961914062 
-0.0016860961914062 
-0.0016860961914062 
-0.0016784667968750 
-0.0016860961914062 
-0.0016937255859375 
-0.0016937255859375 
-0.0016860961914062 
-0.0016937255859375 
-0.0016937255859375 
-0.0016860961914062 
-0.0016937255859375 
-0.0016860961914062 
-0.0016784667968750 
-0.0016784667968750 
-0.0016708374023438 
-0.0016784667968750 
-0.0016860961914062 
-0.0016784667968750 
-0.0016708374023438 
-0.0016784667968750 
-0.0016708374023438 
-0.0016632080078125 
-0.0016708374023438 
-0.0016784667968750 
-0.0016708374023438 
-0.0016708374023438 
-0.0016784667968750 
-0.0016860961914062 
-0.0016784667968750 
-0.0016860961914062 
-0.0016937255859375 
-0.0017013549804688 
-0.0017089843750000 
-0.0017166137695312 
-0.0017242431640625 
-0.0017318725585938 
-0.0017242431640625 
-0.0017318725585938 
-0.0017318725585938 
-0.0017318725585938 
-0.0017242431640625 
-0.0017318725585938 
-0.0017242431640625 
-0.0017318725585938 
-0.0017242431640625 
-0.0017242431640625 
-0.0017166137695312 
-0.0017242431640625 
-0.0017166137695312 
-0.0017242431640625 
-0.0017318725585938 
-0.0017318725585938 
-0.0017395019531250 
-0.0017395019531250 
-0.0017471313476562 
-0.0017471313476562 
-0.0017471313476562 
-0.0017547607421875 
-0.0017471313476562 
-0.0017547607421875 
-0.0017623901367188 
-0.0017700195312500 
-0.0017776489257812 
-0.0017852783203125 
-0.0017929077148438 
-0.0018005371093750 
-0.0017929077148438 
-0.0017852783203125 
-0.0017852783203125 
-0.0017929077148438 
-0.0017852783203125 
-0.0017852783203125 
-0.0017776489257812 
-0.0017852783203125 
-0.0017776489257812 
-0.0017852783203125 
-0.0017776489257812 
-0.0017700195312500 
-0.0017700195312500 
-0.0017700195312500 
-0.0017776489257812 
-0.0017700195312500 
-0.0017623901367188 
-0.0017547607421875 
-0.0017623901367188 
-0.0017623901367188 
-0.0017700195312500 
-0.0017700195312500 
-0.0017623901367188 
-0.0017547607421875 
-0.0017547607421875 
-0.0017547607421875 
-0.0017471313476562 
-0.0017471313476562 
-0.0017471313476562 
-0.0017395019531250 
-0.0017318725585938 
-0.0017242431640625 
-0.0017242431640625 
-0.0017242431640625 
-0.0017166137695312 
-0.0017166137695312 
-0.0017089843750000 
-0.0017089843750000 
-0.0017166137695312 
-0.0017242431640625 
-0.0017242431640625 
-0.0017166137695312 
-0.0017166137695312 
-0.0017166137695312 
-0.0017089843750000 
-0.0017089843750000 
-0.0017166137695312 
-0.0017089843750000 
-0.0017013549804688 
-0.0017013549804688 
-0.0016937255859375 
-0.0017013549804688 
-0.0017089843750000 
-0.0017166137695312 
-0.0017166137695312 
-0.0017242431640625 
-0.0017318725585938 
-0.0017318725585938 
-0.0017242431640625 
-0.0017318725585938 
-0.0017242431640625 
-0.0017318725585938 
-0.0017318725585938 
-0.0017318725585938 
-0.0017318725585938 
-0.0017395019531250 
-0.0017471313476562 
-0.0017471313476562 
-0.0017547607421875 
-0.0017547607421875 
-0.0017547607421875 
-0.0017547607421875 
-0.0017623901367188 
-0.0017623901367188 
-0.0017700195312500 
-0.0017700195312500 
-0.0017776489257812 
-0.0017776489257812 
-0.0017776489257812 
-0.0017852783203125 
-0.0017929077148438 
-0.0017852783203125 
-0.0017929077148438 
-0.0017852783203125 
-0.0017929077148438 
-0.0017929077148438 
-0.0017852783203125 
-0.0017929077148438 
-0.0017929077148438 
-0.0017852783203125 
-0.0017852783203125 
-0.0017929077148438 
-0.0018005371093750 
-0.0017929077148438 
-0.0017852783203125 
-0.0017852783203125 
-0.0017929077148438 
-0.0018005371093750 
-0.0017929077148438 
-0.0018005371093750 
-0.0017929077148438 
-0.0017929077148438 
-0.0017852783203125 
-0.0017776489257812 
-0.0017776489257812 
-0.0017852783203125 
-0.0017852783203125 
-0.0017929077148438 
-0.0018005371093750 
-0.0017929077148438 
-0.0018005371093750 
-0.0017929077148438 
-0.0017852783203125 
-0.0017852783203125 
-0.0017776489257812 
-0.0017776489257812 
-0.0017700195312500 
-0.0017700195312500 
-0.0017776489257812 
-0.0017700195312500 
-0.0017700195312500 
-0.0017776489257812 
-0.0017700195312500 
-0.0017623901367188 
-0.0017700195312500 
-0.0017776489257812 
-0.0017852783203125 
-0.0017776489257812 
-0.0017776489257812 
-0.0017776489257812 
-0.0017776489257812 
-0.0017700195312500 
-0.0017623901367188 
-0.0017700195312500 
-0.0017776489257812 
-0.0017776489257812 
-0.0017776489257812 
-0.0017776489257812 
-0.0017700195312500 
-0.0017776489257812 
-0.0017776489257812 
-0.0017700195312500 
-0.0017700195312500 
-0.0017700195312500 
-0.0017623901367188 
-0.0017547607421875 
-0.0017623901367188 
-0.0017623901367188 
-0.0017700195312500 
-0.0017623901367188 
-0.0017700195312500 
-0.0017623901367188 
-0.0017623901367188 
-0.0017623901367188 
