-0.0045928955078125 
-0.0046005249023438 
-0.0046005249023438 
-0.0045928955078125 
-0.0046005249023438 
-0.0045928955078125 
-0.0046005249023438 
-0.0045928955078125 
-0.0046005249023438 
-0.0046081542968750 
-0.0046005249023438 
-0.0045928955078125 
-0.0046005249023438 
-0.0046081542968750 
-0.0046157836914062 
-0.0046157836914062 
-0.0046234130859375 
-0.0046310424804688 
-0.0046234130859375 
-0.0046234130859375 
-0.0046157836914062 
-0.0046157836914062 
-0.0046081542968750 
-0.0046081542968750 
-0.0046005249023438 
-0.0045928955078125 
-0.0045928955078125 
-0.0046005249023438 
-0.0046081542968750 
-0.0046081542968750 
-0.0046005249023438 
-0.0046005249023438 
-0.0045928955078125 
-0.0045852661132812 
-0.0045928955078125 
-0.0045852661132812 
-0.0045928955078125 
-0.0046005249023438 
-0.0046081542968750 
-0.0046005249023438 
-0.0046005249023438 
-0.0046005249023438 
-0.0045928955078125 
-0.0045852661132812 
-0.0045928955078125 
-0.0045852661132812 
-0.0045928955078125 
-0.0045928955078125 
-0.0045852661132812 
-0.0045928955078125 
-0.0046005249023438 
-0.0046005249023438 
-0.0045928955078125 
-0.0045928955078125 
-0.0045852661132812 
-0.0045928955078125 
-0.0046005249023438 
-0.0046005249023438 
-0.0046081542968750 
-0.0046005249023438 
-0.0046081542968750 
-0.0046005249023438 
-0.0046081542968750 
-0.0046005249023438 
-0.0046081542968750 
-0.0046005249023438 
-0.0046005249023438 
-0.0045928955078125 
-0.0045852661132812 
-0.0045928955078125 
-0.0045928955078125 
-0.0046005249023438 
-0.0046005249023438 
-0.0046005249023438 
-0.0045928955078125 
-0.0045852661132812 
-0.0045776367187500 
-0.0045852661132812 
-0.0045928955078125 
-0.0045852661132812 
-0.0045852661132812 
-0.0045776367187500 
-0.0045776367187500 
-0.0045852661132812 
-0.0045928955078125 
-0.0046005249023438 
-0.0046005249023438 
-0.0045928955078125 
-0.0046005249023438 
-0.0045928955078125 
-0.0045852661132812 
-0.0045852661132812 
-0.0045776367187500 
-0.0045776367187500 
-0.0045852661132812 
-0.0045776367187500 
-0.0045700073242188 
-0.0045623779296875 
-0.0045547485351562 
-0.0045547485351562 
-0.0045547485351562 
-0.0045547485351562 
-0.0045623779296875 
-0.0045547485351562 
-0.0045547485351562 
-0.0045471191406250 
-0.0045394897460938 
-0.0045394897460938 
-0.0045471191406250 
-0.0045394897460938 
-0.0045471191406250 
-0.0045394897460938 
-0.0045318603515625 
-0.0045242309570312 
-0.0045242309570312 
-0.0045166015625000 
-0.0045166015625000 
-0.0045166015625000 
-0.0045166015625000 
-0.0045242309570312 
-0.0045318603515625 
-0.0045318603515625 
-0.0045242309570312 
-0.0045166015625000 
-0.0045242309570312 
-0.0045242309570312 
-0.0045318603515625 
-0.0045318603515625 
-0.0045318603515625 
-0.0045318603515625 
-0.0045394897460938 
-0.0045394897460938 
-0.0045318603515625 
-0.0045242309570312 
-0.0045318603515625 
-0.0045394897460938 
-0.0045471191406250 
-0.0045394897460938 
-0.0045471191406250 
-0.0045394897460938 
-0.0045471191406250 
-0.0045394897460938 
-0.0045318603515625 
-0.0045394897460938 
-0.0045471191406250 
-0.0045394897460938 
-0.0045318603515625 
-0.0045242309570312 
-0.0045318603515625 
-0.0045394897460938 
-0.0045318603515625 
-0.0045242309570312 
-0.0045318603515625 
-0.0045318603515625 
-0.0045394897460938 
-0.0045318603515625 
-0.0045394897460938 
-0.0045318603515625 
-0.0045242309570312 
-0.0045242309570312 
-0.0045166015625000 
-0.0045089721679688 
-0.0045089721679688 
-0.0045166015625000 
-0.0045242309570312 
-0.0045242309570312 
-0.0045318603515625 
-0.0045318603515625 
-0.0045318603515625 
-0.0045394897460938 
-0.0045471191406250 
-0.0045547485351562 
-0.0045547485351562 
-0.0045623779296875 
-0.0045700073242188 
-0.0045623779296875 
-0.0045547485351562 
-0.0045547485351562 
-0.0045623779296875 
-0.0045623779296875 
-0.0045547485351562 
-0.0045623779296875 
-0.0045623779296875 
-0.0045623779296875 
-0.0045700073242188 
-0.0045623779296875 
-0.0045547485351562 
-0.0045623779296875 
-0.0045547485351562 
-0.0045623779296875 
-0.0045700073242188 
-0.0045776367187500 
-0.0045776367187500 
-0.0045852661132812 
-0.0045776367187500 
-0.0045700073242188 
-0.0045700073242188 
-0.0045700073242188 
-0.0045700073242188 
-0.0045623779296875 
-0.0045700073242188 
-0.0045700073242188 
-0.0045623779296875 
-0.0045547485351562 
-0.0045547485351562 
-0.0045623779296875 
-0.0045547485351562 
-0.0045623779296875 
-0.0045700073242188 
-0.0045776367187500 
-0.0045852661132812 
-0.0045852661132812 
-0.0045852661132812 
-0.0045928955078125 
-0.0045928955078125 
-0.0046005249023438 
-0.0045928955078125 
-0.0046005249023438 
-0.0045928955078125 
-0.0045928955078125 
-0.0045852661132812 
-0.0045776367187500 
-0.0045700073242188 
-0.0045623779296875 
-0.0045623779296875 
-0.0045623779296875 
-0.0045623779296875 
-0.0045700073242188 
-0.0045623779296875 
-0.0045700073242188 
-0.0045700073242188 
-0.0045776367187500 
-0.0045700073242188 
-0.0045623779296875 
-0.0045623779296875 
-0.0045547485351562 
-0.0045623779296875 
-0.0045623779296875 
-0.0045547485351562 
-0.0045623779296875 
-0.0045623779296875 
-0.0045700073242188 
-0.0045700073242188 
-0.0045623779296875 
-0.0045700073242188 
-0.0045700073242188 
-0.0045623779296875 
-0.0045547485351562 
-0.0045623779296875 
-0.0045547485351562 
-0.0045623779296875 
-0.0045547485351562 
-0.0045547485351562 
-0.0045623779296875 
-0.0045700073242188 
-0.0045700073242188 
-0.0045776367187500 
-0.0045776367187500 
-0.0045852661132812 
-0.0045776367187500 
-0.0045852661132812 
-0.0045776367187500 
-0.0045776367187500 
-0.0045776367187500 
-0.0045700073242188 
-0.0045700073242188 
-0.0045776367187500 
-0.0045700073242188 
-0.0045700073242188 
-0.0045623779296875 
-0.0045700073242188 
-0.0045776367187500 
-0.0045700073242188 
-0.0045776367187500 
-0.0045700073242188 
-0.0045700073242188 
-0.0045623779296875 
-0.0045623779296875 
-0.0045623779296875 
-0.0045700073242188 
-0.0045776367187500 
-0.0045852661132812 
-0.0045776367187500 
-0.0045852661132812 
-0.0045928955078125 
-0.0045928955078125 
-0.0045852661132812 
-0.0045852661132812 
-0.0045776367187500 
-0.0045776367187500 
-0.0045852661132812 
-0.0045776367187500 
-0.0045776367187500 
-0.0045700073242188 
-0.0045623779296875 
-0.0045623779296875 
-0.0045547485351562 
-0.0045471191406250 
-0.0045394897460938 
-0.0045394897460938 
-0.0045471191406250 
-0.0045547485351562 
-0.0045623779296875 
-0.0045547485351562 
-0.0045471191406250 
-0.0045471191406250 
-0.0045547485351562 
-0.0045623779296875 
-0.0045547485351562 
-0.0045471191406250 
-0.0045394897460938 
-0.0045471191406250 
-0.0045471191406250 
-0.0045547485351562 
-0.0045471191406250 
-0.0045471191406250 
-0.0045394897460938 
-0.0045318603515625 
-0.0045318603515625 
-0.0045242309570312 
-0.0045318603515625 
-0.0045242309570312 
-0.0045318603515625 
-0.0045394897460938 
-0.0045394897460938 
-0.0045394897460938 
-0.0045471191406250 
-0.0045547485351562 
-0.0045623779296875 
-0.0045623779296875 
-0.0045623779296875 
-0.0045547485351562 
-0.0045547485351562 
-0.0045623779296875 
-0.0045700073242188 
-0.0045776367187500 
-0.0045700073242188 
-0.0045623779296875 
-0.0045547485351562 
-0.0045623779296875 
-0.0045547485351562 
-0.0045471191406250 
-0.0045394897460938 
-0.0045471191406250 
-0.0045394897460938 
-0.0045471191406250 
-0.0045547485351562 
-0.0045623779296875 
-0.0045700073242188 
-0.0045623779296875 
-0.0045623779296875 
-0.0045623779296875 
-0.0045623779296875 
-0.0045700073242188 
-0.0045776367187500 
-0.0045852661132812 
-0.0045928955078125 
-0.0045852661132812 
-0.0045928955078125 
-0.0046005249023438 
-0.0046081542968750 
-0.0046005249023438 
-0.0046005249023438 
-0.0045928955078125 
-0.0045928955078125 
-0.0045928955078125 
-0.0046005249023438 
-0.0045928955078125 
-0.0045928955078125 
-0.0046005249023438 
-0.0046005249023438 
-0.0045928955078125 
-0.0046005249023438 
-0.0046081542968750 
-0.0046081542968750 
-0.0046005249023438 
-0.0046081542968750 
-0.0046157836914062 
-0.0046234130859375 
-0.0046310424804688 
-0.0046386718750000 
-0.0046386718750000 
-0.0046463012695312 
-0.0046386718750000 
-0.0046310424804688 
-0.0046386718750000 
-0.0046463012695312 
-0.0046386718750000 
-0.0046386718750000 
-0.0046310424804688 
-0.0046234130859375 
-0.0046234130859375 
-0.0046157836914062 
-0.0046081542968750 
-0.0046005249023438 
-0.0046005249023438 
-0.0046081542968750 
-0.0046081542968750 
-0.0046081542968750 
-0.0046081542968750 
-0.0046157836914062 
-0.0046081542968750 
-0.0046157836914062 
-0.0046234130859375 
-0.0046310424804688 
-0.0046234130859375 
-0.0046310424804688 
-0.0046310424804688 
-0.0046386718750000 
-0.0046463012695312 
-0.0046539306640625 
-0.0046463012695312 
-0.0046539306640625 
-0.0046615600585938 
-0.0046539306640625 
-0.0046615600585938 
-0.0046539306640625 
-0.0046463012695312 
-0.0046539306640625 
-0.0046615600585938 
-0.0046539306640625 
-0.0046463012695312 
-0.0046386718750000 
-0.0046463012695312 
-0.0046539306640625 
-0.0046615600585938 
-0.0046615600585938 
-0.0046539306640625 
-0.0046539306640625 
-0.0046539306640625 
-0.0046463012695312 
-0.0046539306640625 
-0.0046463012695312 
-0.0046539306640625 
-0.0046615600585938 
-0.0046539306640625 
-0.0046539306640625 
-0.0046615600585938 
-0.0046691894531250 
-0.0046615600585938 
-0.0046691894531250 
-0.0046768188476562 
-0.0046844482421875 
-0.0046920776367188 
-0.0046997070312500 
-0.0046997070312500 
-0.0047073364257812 
-0.0047149658203125 
-0.0047225952148438 
-0.0047302246093750 
-0.0047378540039062 
-0.0047378540039062 
-0.0047302246093750 
-0.0047302246093750 
-0.0047302246093750 
-0.0047302246093750 
-0.0047225952148438 
-0.0047302246093750 
-0.0047302246093750 
-0.0047378540039062 
-0.0047302246093750 
-0.0047225952148438 
-0.0047302246093750 
-0.0047225952148438 
-0.0047302246093750 
-0.0047378540039062 
-0.0047454833984375 
-0.0047378540039062 
-0.0047378540039062 
-0.0047454833984375 
-0.0047378540039062 
-0.0047454833984375 
-0.0047454833984375 
-0.0047454833984375 
-0.0047378540039062 
-0.0047454833984375 
-0.0047378540039062 
-0.0047378540039062 
-0.0047302246093750 
-0.0047302246093750 
-0.0047302246093750 
-0.0047378540039062 
-0.0047454833984375 
-0.0047454833984375 
-0.0047531127929688 
-0.0047454833984375 
-0.0047454833984375 
-0.0047378540039062 
-0.0047378540039062 
-0.0047454833984375 
-0.0047378540039062 
-0.0047454833984375 
-0.0047531127929688 
-0.0047607421875000 
-0.0047607421875000 
-0.0047531127929688 
-0.0047531127929688 
-0.0047531127929688 
-0.0047454833984375 
-0.0047531127929688 
-0.0047607421875000 
-0.0047683715820312 
-0.0047683715820312 
-0.0047683715820312 
-0.0047607421875000 
-0.0047607421875000 
-0.0047531127929688 
-0.0047531127929688 
-0.0047607421875000 
-0.0047607421875000 
-0.0047683715820312 
-0.0047683715820312 
-0.0047760009765625 
-0.0047836303710938 
-0.0047912597656250 
-0.0047988891601562 
-0.0047912597656250 
-0.0047988891601562 
-0.0048065185546875 
-0.0047988891601562 
-0.0047912597656250 
-0.0047988891601562 
-0.0047988891601562 
-0.0047912597656250 
-0.0047988891601562 
-0.0048065185546875 
-0.0047988891601562 
-0.0047912597656250 
-0.0047836303710938 
-0.0047760009765625 
-0.0047836303710938 
-0.0047836303710938 
-0.0047912597656250 
-0.0047912597656250 
-0.0047988891601562 
-0.0047988891601562 
-0.0047988891601562 
-0.0047912597656250 
-0.0047912597656250 
-0.0047912597656250 
-0.0047836303710938 
-0.0047760009765625 
-0.0047683715820312 
-0.0047683715820312 
-0.0047607421875000 
-0.0047531127929688 
-0.0047454833984375 
-0.0047531127929688 
-0.0047607421875000 
-0.0047683715820312 
-0.0047760009765625 
-0.0047760009765625 
-0.0047683715820312 
-0.0047607421875000 
-0.0047683715820312 
-0.0047607421875000 
-0.0047683715820312 
-0.0047607421875000 
-0.0047683715820312 
-0.0047760009765625 
-0.0047683715820312 
-0.0047683715820312 
-0.0047683715820312 
-0.0047760009765625 
-0.0047760009765625 
-0.0047683715820312 
-0.0047760009765625 
-0.0047760009765625 
-0.0047683715820312 
-0.0047683715820312 
-0.0047607421875000 
-0.0047607421875000 
-0.0047683715820312 
-0.0047760009765625 
-0.0047836303710938 
-0.0047760009765625 
-0.0047760009765625 
-0.0047760009765625 
-0.0047683715820312 
-0.0047683715820312 
-0.0047760009765625 
-0.0047683715820312 
-0.0047760009765625 
-0.0047683715820312 
-0.0047760009765625 
-0.0047836303710938 
-0.0047760009765625 
-0.0047760009765625 
-0.0047836303710938 
-0.0047836303710938 
-0.0047760009765625 
-0.0047760009765625 
-0.0047760009765625 
-0.0047683715820312 
-0.0047607421875000 
-0.0047683715820312 
-0.0047683715820312 
-0.0047683715820312 
-0.0047760009765625 
-0.0047836303710938 
-0.0047912597656250 
-0.0047912597656250 
-0.0047836303710938 
-0.0047836303710938 
-0.0047760009765625 
-0.0047836303710938 
-0.0047836303710938 
-0.0047836303710938 
-0.0047836303710938 
-0.0047760009765625 
-0.0047683715820312 
-0.0047760009765625 
-0.0047683715820312 
-0.0047607421875000 
-0.0047683715820312 
-0.0047760009765625 
-0.0047683715820312 
-0.0047760009765625 
-0.0047683715820312 
-0.0047607421875000 
-0.0047531127929688 
-0.0047607421875000 
-0.0047607421875000 
-0.0047683715820312 
-0.0047760009765625 
-0.0047760009765625 
-0.0047760009765625 
-0.0047836303710938 
-0.0047760009765625 
-0.0047760009765625 
-0.0047760009765625 
-0.0047836303710938 
-0.0047836303710938 
-0.0047760009765625 
-0.0047683715820312 
-0.0047607421875000 
-0.0047531127929688 
-0.0047531127929688 
-0.0047607421875000 
-0.0047683715820312 
-0.0047760009765625 
-0.0047760009765625 
-0.0047683715820312 
-0.0047607421875000 
-0.0047607421875000 
-0.0047683715820312 
-0.0047683715820312 
-0.0047683715820312 
-0.0047607421875000 
-0.0047683715820312 
-0.0047607421875000 
-0.0047607421875000 
-0.0047683715820312 
-0.0047607421875000 
-0.0047607421875000 
-0.0047683715820312 
-0.0047607421875000 
-0.0047683715820312 
-0.0047607421875000 
-0.0047531127929688 
-0.0047531127929688 
-0.0047454833984375 
-0.0047531127929688 
-0.0047607421875000 
-0.0047683715820312 
-0.0047607421875000 
-0.0047607421875000 
-0.0047607421875000 
-0.0047531127929688 
-0.0047454833984375 
-0.0047378540039062 
-0.0047378540039062 
-0.0047302246093750 
-0.0047302246093750 
-0.0047302246093750 
-0.0047225952148438 
-0.0047149658203125 
-0.0047225952148438 
-0.0047225952148438 
-0.0047149658203125 
-0.0047073364257812 
-0.0046997070312500 
-0.0046997070312500 
-0.0047073364257812 
-0.0047149658203125 
-0.0047149658203125 
-0.0047225952148438 
-0.0047149658203125 
-0.0047225952148438 
-0.0047149658203125 
-0.0047225952148438 
-0.0047302246093750 
-0.0047225952148438 
-0.0047302246093750 
-0.0047378540039062 
-0.0047302246093750 
-0.0047225952148438 
-0.0047302246093750 
-0.0047378540039062 
-0.0047302246093750 
-0.0047378540039062 
-0.0047454833984375 
-0.0047454833984375 
-0.0047378540039062 
-0.0047454833984375 
-0.0047378540039062 
-0.0047454833984375 
-0.0047378540039062 
-0.0047378540039062 
-0.0047378540039062 
-0.0047302246093750 
-0.0047225952148438 
-0.0047302246093750 
-0.0047378540039062 
-0.0047378540039062 
-0.0047454833984375 
-0.0047454833984375 
-0.0047378540039062 
-0.0047454833984375 
-0.0047378540039062 
-0.0047378540039062 
-0.0047302246093750 
-0.0047225952148438 
-0.0047149658203125 
-0.0047073364257812 
-0.0047073364257812 
-0.0047149658203125 
-0.0047073364257812 
-0.0047073364257812 
-0.0046997070312500 
-0.0046920776367188 
-0.0046920776367188 
-0.0046920776367188 
-0.0046997070312500 
-0.0046997070312500 
-0.0046920776367188 
-0.0046844482421875 
-0.0046844482421875 
-0.0046844482421875 
-0.0046768188476562 
-0.0046691894531250 
-0.0046768188476562 
-0.0046768188476562 
-0.0046691894531250 
-0.0046691894531250 
-0.0046615600585938 
-0.0046539306640625 
-0.0046539306640625 
-0.0046539306640625 
-0.0046463012695312 
-0.0046463012695312 
-0.0046539306640625 
-0.0046615600585938 
-0.0046615600585938 
-0.0046615600585938 
-0.0046691894531250 
-0.0046768188476562 
-0.0046691894531250 
-0.0046691894531250 
-0.0046691894531250 
-0.0046768188476562 
-0.0046844482421875 
-0.0046768188476562 
-0.0046691894531250 
-0.0046691894531250 
-0.0046768188476562 
-0.0046691894531250 
-0.0046768188476562 
-0.0046768188476562 
-0.0046768188476562 
-0.0046768188476562 
-0.0046768188476562 
-0.0046844482421875 
-0.0046920776367188 
-0.0046844482421875 
-0.0046768188476562 
-0.0046691894531250 
-0.0046615600585938 
-0.0046539306640625 
-0.0046615600585938 
-0.0046615600585938 
-0.0046691894531250 
-0.0046615600585938 
-0.0046615600585938 
-0.0046691894531250 
-0.0046768188476562 
-0.0046768188476562 
-0.0046844482421875 
-0.0046844482421875 
-0.0046768188476562 
-0.0046844482421875 
-0.0046768188476562 
-0.0046844482421875 
-0.0046920776367188 
-0.0046844482421875 
-0.0046768188476562 
-0.0046768188476562 
-0.0046691894531250 
-0.0046768188476562 
-0.0046768188476562 
-0.0046691894531250 
-0.0046615600585938 
-0.0046615600585938 
-0.0046615600585938 
-0.0046539306640625 
-0.0046463012695312 
-0.0046386718750000 
-0.0046386718750000 
-0.0046310424804688 
-0.0046234130859375 
-0.0046234130859375 
-0.0046310424804688 
-0.0046234130859375 
-0.0046310424804688 
-0.0046386718750000 
-0.0046310424804688 
-0.0046386718750000 
-0.0046463012695312 
-0.0046386718750000 
-0.0046386718750000 
-0.0046310424804688 
-0.0046386718750000 
-0.0046463012695312 
-0.0046386718750000 
-0.0046463012695312 
-0.0046539306640625 
-0.0046615600585938 
-0.0046539306640625 
-0.0046539306640625 
-0.0046539306640625 
-0.0046539306640625 
-0.0046539306640625 
-0.0046539306640625 
-0.0046463012695312 
-0.0046463012695312 
-0.0046539306640625 
-0.0046539306640625 
-0.0046615600585938 
-0.0046615600585938 
-0.0046691894531250 
-0.0046691894531250 
-0.0046615600585938 
-0.0046539306640625 
-0.0046615600585938 
-0.0046615600585938 
-0.0046615600585938 
-0.0046539306640625 
-0.0046539306640625 
-0.0046615600585938 
-0.0046691894531250 
-0.0046768188476562 
-0.0046844482421875 
-0.0046844482421875 
-0.0046844482421875 
-0.0046920776367188 
-0.0046997070312500 
-0.0047073364257812 
-0.0046997070312500 
-0.0046920776367188 
-0.0046997070312500 
-0.0046920776367188 
-0.0046920776367188 
-0.0046997070312500 
-0.0046997070312500 
-0.0047073364257812 
-0.0047149658203125 
-0.0047149658203125 
-0.0047073364257812 
-0.0047073364257812 
-0.0047149658203125 
-0.0047073364257812 
-0.0046997070312500 
-0.0046920776367188 
-0.0046997070312500 
-0.0046997070312500 
-0.0047073364257812 
-0.0047073364257812 
-0.0047073364257812 
-0.0046997070312500 
-0.0047073364257812 
-0.0047149658203125 
-0.0047225952148438 
-0.0047149658203125 
-0.0047225952148438 
-0.0047302246093750 
-0.0047225952148438 
-0.0047149658203125 
-0.0047073364257812 
-0.0046997070312500 
-0.0046997070312500 
-0.0046920776367188 
-0.0046844482421875 
-0.0046920776367188 
-0.0046920776367188 
-0.0046920776367188 
-0.0046920776367188 
-0.0046997070312500 
-0.0046920776367188 
-0.0046844482421875 
-0.0046920776367188 
-0.0046920776367188 
-0.0046844482421875 
-0.0046844482421875 
-0.0046844482421875 
-0.0046768188476562 
-0.0046844482421875 
-0.0046920776367188 
-0.0046997070312500 
-0.0046997070312500 
-0.0047073364257812 
-0.0046997070312500 
-0.0047073364257812 
-0.0047149658203125 
-0.0047149658203125 
-0.0047225952148438 
-0.0047149658203125 
-0.0047225952148438 
-0.0047149658203125 
-0.0047225952148438 
-0.0047225952148438 
-0.0047149658203125 
-0.0047225952148438 
-0.0047225952148438 
-0.0047149658203125 
-0.0047225952148438 
-0.0047302246093750 
-0.0047302246093750 
-0.0047378540039062 
-0.0047378540039062 
-0.0047454833984375 
-0.0047378540039062 
-0.0047454833984375 
-0.0047378540039062 
-0.0047454833984375 
-0.0047531127929688 
-0.0047607421875000 
-0.0047683715820312 
-0.0047607421875000 
-0.0047607421875000 
-0.0047607421875000 
-0.0047531127929688 
-0.0047454833984375 
-0.0047454833984375 
-0.0047378540039062 
-0.0047454833984375 
-0.0047454833984375 
-0.0047378540039062 
-0.0047454833984375 
-0.0047378540039062 
-0.0047378540039062 
-0.0047378540039062 
-0.0047302246093750 
-0.0047225952148438 
-0.0047225952148438 
-0.0047149658203125 
-0.0047073364257812 
-0.0046997070312500 
-0.0046920776367188 
-0.0046844482421875 
-0.0046768188476562 
-0.0046844482421875 
-0.0046768188476562 
-0.0046768188476562 
-0.0046768188476562 
-0.0046844482421875 
-0.0046768188476562 
-0.0046691894531250 
-0.0046768188476562 
-0.0046768188476562 
-0.0046691894531250 
-0.0046691894531250 
-0.0046615600585938 
-0.0046615600585938 
-0.0046539306640625 
-0.0046539306640625 
-0.0046463012695312 
-0.0046386718750000 
-0.0046386718750000 
-0.0046310424804688 
-0.0046234130859375 
-0.0046157836914062 
-0.0046081542968750 
-0.0046005249023438 
-0.0046081542968750 
-0.0046081542968750 
-0.0046081542968750 
-0.0046081542968750 
-0.0046005249023438 
-0.0046005249023438 
-0.0046081542968750 
-0.0046005249023438 
-0.0046081542968750 
-0.0046157836914062 
-0.0046081542968750 
-0.0046005249023438 
-0.0045928955078125 
-0.0046005249023438 
-0.0046005249023438 
-0.0046005249023438 
-0.0046081542968750 
