-0.0033111572265625 
-0.0033035278320312 
-0.0032958984375000 
-0.0032958984375000 
-0.0032882690429688 
-0.0032958984375000 
-0.0033035278320312 
-0.0033111572265625 
-0.0033035278320312 
-0.0032958984375000 
-0.0033035278320312 
-0.0033035278320312 
-0.0033111572265625 
-0.0033187866210938 
-0.0033264160156250 
-0.0033340454101562 
-0.0033416748046875 
-0.0033416748046875 
-0.0033340454101562 
-0.0033416748046875 
-0.0033340454101562 
-0.0033416748046875 
-0.0033493041992188 
-0.0033416748046875 
-0.0033416748046875 
-0.0033416748046875 
-0.0033493041992188 
-0.0033416748046875 
-0.0033340454101562 
-0.0033264160156250 
-0.0033340454101562 
-0.0033416748046875 
-0.0033340454101562 
-0.0033264160156250 
-0.0033264160156250 
-0.0033187866210938 
-0.0033187866210938 
-0.0033187866210938 
-0.0033111572265625 
-0.0033035278320312 
-0.0033111572265625 
-0.0033111572265625 
-0.0033035278320312 
-0.0032958984375000 
-0.0033035278320312 
-0.0033035278320312 
-0.0032958984375000 
-0.0033035278320312 
-0.0033035278320312 
-0.0032958984375000 
-0.0032882690429688 
-0.0032958984375000 
-0.0033035278320312 
-0.0033111572265625 
-0.0033035278320312 
-0.0032958984375000 
-0.0032958984375000 
-0.0032882690429688 
-0.0032806396484375 
-0.0032806396484375 
-0.0032882690429688 
-0.0032806396484375 
-0.0032882690429688 
-0.0032958984375000 
-0.0033035278320312 
-0.0032958984375000 
-0.0032958984375000 
-0.0032958984375000 
-0.0032958984375000 
-0.0033035278320312 
-0.0033035278320312 
-0.0033111572265625 
-0.0033035278320312 
-0.0033111572265625 
-0.0033111572265625 
-0.0033111572265625 
-0.0033111572265625 
-0.0033111572265625 
-0.0033187866210938 
-0.0033264160156250 
-0.0033340454101562 
-0.0033416748046875 
-0.0033416748046875 
-0.0033493041992188 
-0.0033493041992188 
-0.0033569335937500 
-0.0033569335937500 
-0.0033645629882812 
-0.0033721923828125 
-0.0033798217773438 
-0.0033721923828125 
-0.0033721923828125 
-0.0033645629882812 
-0.0033721923828125 
-0.0033645629882812 
-0.0033645629882812 
-0.0033721923828125 
-0.0033645629882812 
-0.0033569335937500 
-0.0033645629882812 
-0.0033645629882812 
-0.0033569335937500 
-0.0033493041992188 
-0.0033569335937500 
-0.0033645629882812 
-0.0033645629882812 
-0.0033721923828125 
-0.0033721923828125 
-0.0033645629882812 
-0.0033645629882812 
-0.0033569335937500 
-0.0033569335937500 
-0.0033569335937500 
-0.0033493041992188 
-0.0033416748046875 
-0.0033493041992188 
-0.0033416748046875 
-0.0033416748046875 
-0.0033416748046875 
-0.0033340454101562 
-0.0033416748046875 
-0.0033416748046875 
-0.0033340454101562 
-0.0033264160156250 
-0.0033340454101562 
-0.0033340454101562 
-0.0033264160156250 
-0.0033264160156250 
-0.0033340454101562 
-0.0033416748046875 
-0.0033493041992188 
-0.0033569335937500 
-0.0033645629882812 
-0.0033569335937500 
-0.0033645629882812 
-0.0033721923828125 
-0.0033645629882812 
-0.0033569335937500 
-0.0033493041992188 
-0.0033569335937500 
-0.0033569335937500 
-0.0033569335937500 
-0.0033569335937500 
-0.0033645629882812 
-0.0033569335937500 
-0.0033569335937500 
-0.0033569335937500 
-0.0033569335937500 
-0.0033569335937500 
-0.0033645629882812 
-0.0033569335937500 
-0.0033569335937500 
-0.0033569335937500 
-0.0033645629882812 
-0.0033569335937500 
-0.0033493041992188 
-0.0033569335937500 
-0.0033645629882812 
-0.0033569335937500 
-0.0033645629882812 
-0.0033721923828125 
-0.0033721923828125 
-0.0033721923828125 
-0.0033721923828125 
-0.0033645629882812 
-0.0033645629882812 
-0.0033645629882812 
-0.0033721923828125 
-0.0033645629882812 
-0.0033721923828125 
-0.0033721923828125 
-0.0033798217773438 
-0.0033721923828125 
-0.0033798217773438 
-0.0033874511718750 
-0.0033950805664062 
-0.0033874511718750 
-0.0033950805664062 
-0.0034027099609375 
-0.0034027099609375 
-0.0034027099609375 
-0.0034027099609375 
-0.0033950805664062 
-0.0033874511718750 
-0.0033874511718750 
-0.0033950805664062 
-0.0033874511718750 
-0.0033950805664062 
-0.0034027099609375 
-0.0033950805664062 
-0.0034027099609375 
-0.0033950805664062 
-0.0033874511718750 
-0.0033950805664062 
-0.0033950805664062 
-0.0034027099609375 
-0.0033950805664062 
-0.0033950805664062 
-0.0034027099609375 
-0.0034103393554688 
-0.0034179687500000 
-0.0034103393554688 
-0.0034179687500000 
-0.0034255981445312 
-0.0034332275390625 
-0.0034332275390625 
-0.0034255981445312 
-0.0034179687500000 
-0.0034103393554688 
-0.0034103393554688 
-0.0034179687500000 
-0.0034255981445312 
-0.0034255981445312 
-0.0034179687500000 
-0.0034103393554688 
-0.0034027099609375 
-0.0034027099609375 
-0.0034027099609375 
-0.0033950805664062 
-0.0033874511718750 
-0.0033798217773438 
-0.0033874511718750 
-0.0033950805664062 
-0.0033874511718750 
-0.0033798217773438 
-0.0033721923828125 
-0.0033798217773438 
-0.0033721923828125 
-0.0033721923828125 
-0.0033645629882812 
-0.0033569335937500 
-0.0033645629882812 
-0.0033569335937500 
-0.0033645629882812 
-0.0033721923828125 
-0.0033645629882812 
-0.0033645629882812 
-0.0033721923828125 
-0.0033798217773438 
-0.0033721923828125 
-0.0033798217773438 
-0.0033874511718750 
-0.0033798217773438 
-0.0033874511718750 
-0.0033798217773438 
-0.0033874511718750 
-0.0033874511718750 
-0.0033874511718750 
-0.0033950805664062 
-0.0034027099609375 
-0.0034103393554688 
-0.0034179687500000 
-0.0034179687500000 
-0.0034179687500000 
-0.0034255981445312 
-0.0034332275390625 
-0.0034255981445312 
-0.0034332275390625 
-0.0034408569335938 
-0.0034484863281250 
-0.0034561157226562 
-0.0034637451171875 
-0.0034713745117188 
-0.0034790039062500 
-0.0034790039062500 
-0.0034713745117188 
-0.0034790039062500 
-0.0034790039062500 
-0.0034790039062500 
-0.0034790039062500 
-0.0034713745117188 
-0.0034713745117188 
-0.0034790039062500 
-0.0034713745117188 
-0.0034637451171875 
-0.0034713745117188 
-0.0034637451171875 
-0.0034637451171875 
-0.0034713745117188 
-0.0034637451171875 
-0.0034561157226562 
-0.0034484863281250 
-0.0034408569335938 
-0.0034332275390625 
-0.0034408569335938 
-0.0034332275390625 
-0.0034408569335938 
-0.0034332275390625 
-0.0034408569335938 
-0.0034484863281250 
-0.0034484863281250 
-0.0034484863281250 
-0.0034408569335938 
-0.0034484863281250 
-0.0034484863281250 
-0.0034484863281250 
-0.0034561157226562 
-0.0034637451171875 
-0.0034637451171875 
-0.0034637451171875 
-0.0034637451171875 
-0.0034561157226562 
-0.0034561157226562 
-0.0034561157226562 
-0.0034561157226562 
-0.0034637451171875 
-0.0034713745117188 
-0.0034637451171875 
-0.0034561157226562 
-0.0034484863281250 
-0.0034484863281250 
-0.0034484863281250 
-0.0034484863281250 
-0.0034484863281250 
-0.0034484863281250 
-0.0034561157226562 
-0.0034561157226562 
-0.0034637451171875 
-0.0034713745117188 
-0.0034790039062500 
-0.0034713745117188 
-0.0034790039062500 
-0.0034713745117188 
-0.0034637451171875 
-0.0034713745117188 
-0.0034713745117188 
-0.0034790039062500 
-0.0034866333007812 
-0.0034942626953125 
-0.0035018920898438 
-0.0035095214843750 
-0.0035171508789062 
-0.0035171508789062 
-0.0035247802734375 
-0.0035324096679688 
-0.0035247802734375 
-0.0035324096679688 
-0.0035324096679688 
-0.0035247802734375 
-0.0035171508789062 
-0.0035171508789062 
-0.0035247802734375 
-0.0035324096679688 
-0.0035247802734375 
-0.0035324096679688 
-0.0035400390625000 
-0.0035324096679688 
-0.0035400390625000 
-0.0035476684570312 
-0.0035552978515625 
-0.0035629272460938 
-0.0035705566406250 
-0.0035705566406250 
-0.0035781860351562 
-0.0035705566406250 
-0.0035781860351562 
-0.0035705566406250 
-0.0035705566406250 
-0.0035781860351562 
-0.0035705566406250 
-0.0035781860351562 
-0.0035781860351562 
-0.0035858154296875 
-0.0035934448242188 
-0.0035858154296875 
-0.0035781860351562 
-0.0035858154296875 
-0.0035781860351562 
-0.0035781860351562 
-0.0035781860351562 
-0.0035705566406250 
-0.0035781860351562 
-0.0035858154296875 
-0.0035781860351562 
-0.0035858154296875 
-0.0035781860351562 
-0.0035781860351562 
-0.0035705566406250 
-0.0035629272460938 
-0.0035705566406250 
-0.0035781860351562 
-0.0035781860351562 
-0.0035781860351562 
-0.0035705566406250 
-0.0035781860351562 
-0.0035858154296875 
-0.0035858154296875 
-0.0035934448242188 
-0.0035934448242188 
-0.0035934448242188 
-0.0036010742187500 
-0.0036010742187500 
-0.0036087036132812 
-0.0036010742187500 
-0.0036087036132812 
-0.0036087036132812 
-0.0036087036132812 
-0.0036163330078125 
-0.0036087036132812 
-0.0036163330078125 
-0.0036239624023438 
-0.0036163330078125 
-0.0036163330078125 
-0.0036239624023438 
-0.0036315917968750 
-0.0036315917968750 
-0.0036392211914062 
-0.0036468505859375 
-0.0036392211914062 
-0.0036392211914062 
-0.0036468505859375 
-0.0036544799804688 
-0.0036468505859375 
-0.0036544799804688 
-0.0036621093750000 
-0.0036697387695312 
-0.0036621093750000 
-0.0036544799804688 
-0.0036468505859375 
-0.0036392211914062 
-0.0036468505859375 
-0.0036392211914062 
-0.0036392211914062 
-0.0036315917968750 
-0.0036239624023438 
-0.0036239624023438 
-0.0036163330078125 
-0.0036087036132812 
-0.0036010742187500 
-0.0036087036132812 
-0.0036010742187500 
-0.0036010742187500 
-0.0035934448242188 
-0.0035858154296875 
-0.0035781860351562 
-0.0035781860351562 
-0.0035858154296875 
-0.0035858154296875 
-0.0035781860351562 
-0.0035858154296875 
-0.0035781860351562 
-0.0035705566406250 
-0.0035705566406250 
-0.0035705566406250 
-0.0035629272460938 
-0.0035629272460938 
-0.0035552978515625 
-0.0035552978515625 
-0.0035552978515625 
-0.0035476684570312 
-0.0035400390625000 
-0.0035324096679688 
-0.0035400390625000 
-0.0035324096679688 
-0.0035324096679688 
-0.0035247802734375 
-0.0035171508789062 
-0.0035247802734375 
-0.0035171508789062 
-0.0035095214843750 
-0.0035171508789062 
-0.0035171508789062 
-0.0035095214843750 
-0.0035095214843750 
-0.0035018920898438 
-0.0035018920898438 
-0.0035095214843750 
-0.0035171508789062 
-0.0035095214843750 
-0.0035095214843750 
-0.0035095214843750 
-0.0035018920898438 
-0.0035018920898438 
-0.0035095214843750 
-0.0035018920898438 
-0.0035095214843750 
-0.0035171508789062 
-0.0035171508789062 
-0.0035171508789062 
-0.0035095214843750 
-0.0035095214843750 
-0.0035171508789062 
-0.0035095214843750 
-0.0035018920898438 
-0.0035018920898438 
-0.0035095214843750 
-0.0035171508789062 
-0.0035247802734375 
-0.0035247802734375 
-0.0035247802734375 
-0.0035247802734375 
-0.0035324096679688 
-0.0035324096679688 
-0.0035400390625000 
-0.0035476684570312 
-0.0035400390625000 
-0.0035324096679688 
-0.0035247802734375 
-0.0035171508789062 
-0.0035171508789062 
-0.0035095214843750 
-0.0035018920898438 
-0.0034942626953125 
-0.0034866333007812 
-0.0034790039062500 
-0.0034713745117188 
-0.0034790039062500 
-0.0034866333007812 
-0.0034790039062500 
-0.0034866333007812 
-0.0034866333007812 
-0.0034942626953125 
-0.0034866333007812 
-0.0034790039062500 
-0.0034866333007812 
-0.0034866333007812 
-0.0034790039062500 
-0.0034866333007812 
-0.0034866333007812 
-0.0034942626953125 
-0.0034866333007812 
-0.0034790039062500 
-0.0034866333007812 
-0.0034942626953125 
-0.0034942626953125 
-0.0034866333007812 
-0.0034866333007812 
-0.0034790039062500 
-0.0034790039062500 
-0.0034713745117188 
-0.0034790039062500 
-0.0034866333007812 
-0.0034790039062500 
-0.0034866333007812 
-0.0034866333007812 
-0.0034790039062500 
-0.0034866333007812 
-0.0034790039062500 
-0.0034790039062500 
-0.0034790039062500 
-0.0034866333007812 
-0.0034866333007812 
-0.0034942626953125 
-0.0034942626953125 
-0.0035018920898438 
-0.0035095214843750 
-0.0035095214843750 
-0.0035018920898438 
-0.0035095214843750 
-0.0035171508789062 
-0.0035171508789062 
-0.0035171508789062 
-0.0035247802734375 
-0.0035324096679688 
-0.0035324096679688 
-0.0035324096679688 
-0.0035400390625000 
-0.0035400390625000 
-0.0035400390625000 
-0.0035324096679688 
-0.0035324096679688 
-0.0035247802734375 
-0.0035324096679688 
-0.0035247802734375 
-0.0035171508789062 
-0.0035171508789062 
-0.0035247802734375 
-0.0035171508789062 
-0.0035095214843750 
-0.0035171508789062 
-0.0035247802734375 
-0.0035324096679688 
-0.0035247802734375 
-0.0035247802734375 
-0.0035171508789062 
-0.0035095214843750 
-0.0035018920898438 
-0.0034942626953125 
-0.0034866333007812 
-0.0034790039062500 
-0.0034713745117188 
-0.0034713745117188 
-0.0034790039062500 
-0.0034790039062500 
-0.0034713745117188 
-0.0034637451171875 
-0.0034713745117188 
-0.0034637451171875 
-0.0034561157226562 
-0.0034484863281250 
-0.0034408569335938 
-0.0034408569335938 
-0.0034408569335938 
-0.0034332275390625 
-0.0034408569335938 
-0.0034332275390625 
-0.0034408569335938 
-0.0034484863281250 
-0.0034408569335938 
-0.0034484863281250 
-0.0034561157226562 
-0.0034637451171875 
-0.0034637451171875 
-0.0034637451171875 
-0.0034561157226562 
-0.0034637451171875 
-0.0034561157226562 
-0.0034484863281250 
-0.0034561157226562 
-0.0034637451171875 
-0.0034713745117188 
-0.0034637451171875 
-0.0034713745117188 
-0.0034790039062500 
-0.0034713745117188 
-0.0034713745117188 
-0.0034637451171875 
-0.0034713745117188 
-0.0034713745117188 
-0.0034713745117188 
-0.0034790039062500 
-0.0034713745117188 
-0.0034637451171875 
-0.0034713745117188 
-0.0034790039062500 
-0.0034866333007812 
-0.0034942626953125 
-0.0035018920898438 
-0.0035095214843750 
-0.0035095214843750 
-0.0035171508789062 
-0.0035095214843750 
-0.0035095214843750 
-0.0035018920898438 
-0.0035018920898438 
-0.0035095214843750 
-0.0035171508789062 
-0.0035095214843750 
-0.0035095214843750 
-0.0035095214843750 
-0.0035095214843750 
-0.0035171508789062 
-0.0035247802734375 
-0.0035247802734375 
-0.0035171508789062 
-0.0035171508789062 
-0.0035171508789062 
-0.0035247802734375 
-0.0035171508789062 
-0.0035095214843750 
-0.0035095214843750 
-0.0035018920898438 
-0.0034942626953125 
-0.0034942626953125 
-0.0035018920898438 
-0.0034942626953125 
-0.0034942626953125 
-0.0035018920898438 
-0.0035095214843750 
-0.0035171508789062 
-0.0035247802734375 
-0.0035324096679688 
-0.0035247802734375 
-0.0035247802734375 
-0.0035247802734375 
-0.0035324096679688 
-0.0035247802734375 
-0.0035171508789062 
-0.0035171508789062 
-0.0035095214843750 
-0.0035095214843750 
-0.0035171508789062 
-0.0035171508789062 
-0.0035171508789062 
-0.0035171508789062 
-0.0035171508789062 
-0.0035247802734375 
-0.0035171508789062 
-0.0035247802734375 
-0.0035247802734375 
-0.0035324096679688 
-0.0035400390625000 
-0.0035400390625000 
-0.0035324096679688 
-0.0035247802734375 
-0.0035247802734375 
-0.0035324096679688 
-0.0035400390625000 
-0.0035476684570312 
-0.0035400390625000 
-0.0035476684570312 
-0.0035400390625000 
-0.0035324096679688 
-0.0035400390625000 
-0.0035324096679688 
-0.0035324096679688 
-0.0035400390625000 
-0.0035400390625000 
-0.0035324096679688 
-0.0035324096679688 
-0.0035324096679688 
-0.0035400390625000 
-0.0035476684570312 
-0.0035552978515625 
-0.0035476684570312 
-0.0035552978515625 
-0.0035629272460938 
-0.0035629272460938 
-0.0035705566406250 
-0.0035705566406250 
-0.0035629272460938 
-0.0035629272460938 
-0.0035705566406250 
-0.0035705566406250 
-0.0035705566406250 
-0.0035629272460938 
-0.0035629272460938 
-0.0035629272460938 
-0.0035552978515625 
-0.0035552978515625 
-0.0035476684570312 
-0.0035400390625000 
-0.0035476684570312 
-0.0035476684570312 
-0.0035400390625000 
-0.0035400390625000 
-0.0035476684570312 
-0.0035552978515625 
-0.0035629272460938 
-0.0035705566406250 
-0.0035705566406250 
-0.0035629272460938 
-0.0035705566406250 
-0.0035629272460938 
-0.0035705566406250 
-0.0035705566406250 
-0.0035629272460938 
-0.0035629272460938 
-0.0035552978515625 
-0.0035629272460938 
-0.0035705566406250 
-0.0035629272460938 
-0.0035552978515625 
-0.0035476684570312 
-0.0035400390625000 
-0.0035476684570312 
-0.0035400390625000 
-0.0035400390625000 
-0.0035400390625000 
-0.0035476684570312 
-0.0035552978515625 
-0.0035476684570312 
-0.0035552978515625 
-0.0035476684570312 
-0.0035552978515625 
-0.0035476684570312 
-0.0035476684570312 
-0.0035476684570312 
-0.0035400390625000 
-0.0035324096679688 
-0.0035400390625000 
-0.0035324096679688 
-0.0035324096679688 
-0.0035400390625000 
-0.0035476684570312 
-0.0035552978515625 
-0.0035476684570312 
-0.0035476684570312 
-0.0035400390625000 
-0.0035476684570312 
-0.0035400390625000 
-0.0035476684570312 
-0.0035400390625000 
-0.0035324096679688 
-0.0035247802734375 
-0.0035171508789062 
-0.0035247802734375 
-0.0035247802734375 
-0.0035171508789062 
-0.0035171508789062 
-0.0035095214843750 
-0.0035095214843750 
-0.0035018920898438 
-0.0035018920898438 
-0.0035018920898438 
-0.0035018920898438 
-0.0034942626953125 
-0.0034866333007812 
-0.0034942626953125 
-0.0035018920898438 
-0.0034942626953125 
-0.0034942626953125 
-0.0034942626953125 
-0.0035018920898438 
-0.0034942626953125 
-0.0034942626953125 
-0.0034942626953125 
-0.0034866333007812 
-0.0034790039062500 
-0.0034866333007812 
-0.0034942626953125 
-0.0034942626953125 
-0.0034866333007812 
-0.0034790039062500 
-0.0034713745117188 
-0.0034637451171875 
-0.0034713745117188 
-0.0034790039062500 
-0.0034790039062500 
-0.0034866333007812 
-0.0034866333007812 
-0.0034942626953125 
-0.0035018920898438 
-0.0035095214843750 
-0.0035171508789062 
-0.0035247802734375 
-0.0035171508789062 
-0.0035095214843750 
-0.0035095214843750 
-0.0035018920898438 
-0.0034942626953125 
-0.0034866333007812 
-0.0034790039062500 
-0.0034866333007812 
-0.0034790039062500 
-0.0034790039062500 
-0.0034713745117188 
-0.0034790039062500 
-0.0034790039062500 
-0.0034790039062500 
-0.0034713745117188 
-0.0034790039062500 
-0.0034790039062500 
-0.0034713745117188 
-0.0034637451171875 
-0.0034637451171875 
-0.0034713745117188 
-0.0034713745117188 
-0.0034713745117188 
-0.0034637451171875 
-0.0034561157226562 
-0.0034637451171875 
-0.0034713745117188 
-0.0034637451171875 
-0.0034637451171875 
-0.0034713745117188 
-0.0034637451171875 
-0.0034637451171875 
-0.0034561157226562 
-0.0034561157226562 
-0.0034484863281250 
-0.0034484863281250 
-0.0034408569335938 
-0.0034484863281250 
-0.0034484863281250 
-0.0034408569335938 
-0.0034484863281250 
-0.0034561157226562 
-0.0034637451171875 
-0.0034637451171875 
-0.0034713745117188 
-0.0034790039062500 
-0.0034713745117188 
-0.0034713745117188 
-0.0034790039062500 
-0.0034866333007812 
-0.0034866333007812 
-0.0034790039062500 
-0.0034790039062500 
-0.0034866333007812 
-0.0034942626953125 
-0.0034866333007812 
-0.0034790039062500 
-0.0034790039062500 
-0.0034713745117188 
-0.0034790039062500 
-0.0034790039062500 
-0.0034713745117188 
-0.0034637451171875 
-0.0034713745117188 
-0.0034790039062500 
-0.0034866333007812 
-0.0034790039062500 
-0.0034713745117188 
-0.0034790039062500 
-0.0034713745117188 
-0.0034637451171875 
-0.0034713745117188 
-0.0034790039062500 
-0.0034790039062500 
-0.0034866333007812 
-0.0034790039062500 
-0.0034866333007812 
-0.0034790039062500 
-0.0034866333007812 
-0.0034790039062500 
-0.0034790039062500 
-0.0034713745117188 
-0.0034637451171875 
-0.0034713745117188 
-0.0034790039062500 
-0.0034713745117188 
-0.0034637451171875 
-0.0034713745117188 
-0.0034637451171875 
-0.0034561157226562 
-0.0034484863281250 
-0.0034408569335938 
-0.0034408569335938 
-0.0034332275390625 
-0.0034332275390625 
-0.0034255981445312 
-0.0034332275390625 
-0.0034332275390625 
-0.0034408569335938 
-0.0034332275390625 
-0.0034408569335938 
-0.0034408569335938 
-0.0034408569335938 
-0.0034484863281250 
-0.0034484863281250 
-0.0034561157226562 
-0.0034484863281250 
-0.0034408569335938 
-0.0034332275390625 
-0.0034408569335938 
-0.0034484863281250 
-0.0034484863281250 
-0.0034561157226562 
-0.0034561157226562 
-0.0034561157226562 
-0.0034637451171875 
-0.0034561157226562 
-0.0034637451171875 
-0.0034561157226562 
-0.0034561157226562 
-0.0034561157226562 
-0.0034484863281250 
-0.0034561157226562 
-0.0034637451171875 
-0.0034561157226562 
-0.0034561157226562 
-0.0034637451171875 
-0.0034637451171875 
-0.0034561157226562 
-0.0034637451171875 
-0.0034637451171875 
-0.0034637451171875 
-0.0034713745117188 
-0.0034790039062500 
-0.0034790039062500 
-0.0034866333007812 
-0.0034866333007812 
-0.0034790039062500 
-0.0034866333007812 
-0.0034942626953125 
-0.0034942626953125 
-0.0034942626953125 
-0.0034866333007812 
-0.0034866333007812 
-0.0034942626953125 
-0.0034866333007812 
-0.0034942626953125 
-0.0034866333007812 
-0.0034866333007812 
-0.0034866333007812 
-0.0034790039062500 
-0.0034790039062500 
-0.0034866333007812 
-0.0034942626953125 
-0.0035018920898438 
-0.0035018920898438 
-0.0034942626953125 
-0.0035018920898438 
-0.0034942626953125 
-0.0034942626953125 
-0.0034942626953125 
-0.0035018920898438 
-0.0035095214843750 
-0.0035095214843750 
-0.0035171508789062 
-0.0035247802734375 
-0.0035247802734375 
-0.0035247802734375 
-0.0035171508789062 
-0.0035095214843750 
-0.0035171508789062 
-0.0035095214843750 
-0.0035171508789062 
-0.0035171508789062 
-0.0035095214843750 
-0.0035171508789062 
-0.0035247802734375 
-0.0035247802734375 
-0.0035171508789062 
-0.0035247802734375 
-0.0035324096679688 
-0.0035400390625000 
-0.0035324096679688 
-0.0035400390625000 
