-0.0007781982421875 
-0.0007858276367188 
-0.0007934570312500 
-0.0008010864257812 
-0.0008010864257812 
-0.0008010864257812 
-0.0008010864257812 
-0.0007934570312500 
-0.0007934570312500 
-0.0007934570312500 
-0.0007934570312500 
-0.0007858276367188 
-0.0007858276367188 
-0.0007934570312500 
-0.0008010864257812 
-0.0008010864257812 
-0.0008010864257812 
-0.0008087158203125 
-0.0008010864257812 
-0.0008010864257812 
-0.0007934570312500 
-0.0007858276367188 
-0.0007934570312500 
-0.0008010864257812 
-0.0008010864257812 
-0.0007934570312500 
-0.0007934570312500 
-0.0007858276367188 
-0.0007934570312500 
-0.0008010864257812 
-0.0008010864257812 
-0.0007934570312500 
-0.0007934570312500 
-0.0008010864257812 
-0.0008010864257812 
-0.0007934570312500 
-0.0007858276367188 
-0.0007934570312500 
-0.0007934570312500 
-0.0008010864257812 
-0.0008087158203125 
-0.0008163452148438 
-0.0008163452148438 
-0.0008163452148438 
-0.0008239746093750 
-0.0008239746093750 
-0.0008239746093750 
-0.0008163452148438 
-0.0008163452148438 
-0.0008163452148438 
-0.0008239746093750 
-0.0008316040039062 
-0.0008316040039062 
-0.0008239746093750 
-0.0008316040039062 
-0.0008392333984375 
-0.0008392333984375 
-0.0008468627929688 
-0.0008392333984375 
-0.0008468627929688 
-0.0008392333984375 
-0.0008316040039062 
-0.0008316040039062 
-0.0008239746093750 
-0.0008163452148438 
-0.0008239746093750 
-0.0008316040039062 
-0.0008316040039062 
-0.0008392333984375 
-0.0008316040039062 
-0.0008239746093750 
-0.0008163452148438 
-0.0008163452148438 
-0.0008163452148438 
-0.0008087158203125 
-0.0008087158203125 
-0.0008163452148438 
-0.0008087158203125 
-0.0008163452148438 
-0.0008239746093750 
-0.0008239746093750 
-0.0008239746093750 
-0.0008316040039062 
-0.0008239746093750 
-0.0008163452148438 
-0.0008087158203125 
-0.0008010864257812 
-0.0008087158203125 
-0.0008010864257812 
-0.0008010864257812 
-0.0008010864257812 
-0.0007934570312500 
-0.0007934570312500 
-0.0007858276367188 
-0.0007858276367188 
-0.0007858276367188 
-0.0007781982421875 
-0.0007705688476562 
-0.0007705688476562 
-0.0007781982421875 
-0.0007781982421875 
-0.0007858276367188 
-0.0007781982421875 
-0.0007858276367188 
-0.0007781982421875 
-0.0007858276367188 
-0.0007934570312500 
-0.0007934570312500 
-0.0007934570312500 
-0.0008010864257812 
-0.0008087158203125 
-0.0008163452148438 
-0.0008087158203125 
-0.0008010864257812 
-0.0007934570312500 
-0.0008010864257812 
-0.0007934570312500 
-0.0007858276367188 
-0.0007781982421875 
-0.0007705688476562 
-0.0007781982421875 
-0.0007781982421875 
-0.0007858276367188 
-0.0007858276367188 
-0.0007934570312500 
-0.0008010864257812 
-0.0008087158203125 
-0.0008010864257812 
-0.0007934570312500 
-0.0008010864257812 
-0.0008087158203125 
-0.0008163452148438 
-0.0008239746093750 
-0.0008163452148438 
-0.0008239746093750 
-0.0008163452148438 
-0.0008239746093750 
-0.0008163452148438 
-0.0008163452148438 
-0.0008087158203125 
-0.0008163452148438 
-0.0008163452148438 
-0.0008087158203125 
-0.0008010864257812 
-0.0007934570312500 
-0.0007934570312500 
-0.0008010864257812 
-0.0008010864257812 
-0.0008087158203125 
-0.0008087158203125 
-0.0008087158203125 
-0.0008163452148438 
-0.0008087158203125 
-0.0008163452148438 
-0.0008087158203125 
-0.0008087158203125 
-0.0008087158203125 
-0.0008010864257812 
-0.0007934570312500 
-0.0007858276367188 
-0.0007934570312500 
-0.0007858276367188 
-0.0007858276367188 
-0.0007858276367188 
-0.0007934570312500 
-0.0007934570312500 
-0.0007934570312500 
-0.0008010864257812 
-0.0007934570312500 
-0.0008010864257812 
-0.0007934570312500 
-0.0008010864257812 
-0.0008010864257812 
-0.0008087158203125 
-0.0008163452148438 
-0.0008163452148438 
-0.0008163452148438 
-0.0008239746093750 
-0.0008239746093750 
-0.0008239746093750 
-0.0008239746093750 
-0.0008316040039062 
-0.0008239746093750 
-0.0008239746093750 
-0.0008316040039062 
-0.0008239746093750 
-0.0008239746093750 
-0.0008163452148438 
-0.0008163452148438 
-0.0008163452148438 
-0.0008239746093750 
-0.0008239746093750 
-0.0008239746093750 
-0.0008239746093750 
-0.0008163452148438 
-0.0008239746093750 
-0.0008239746093750 
-0.0008316040039062 
-0.0008239746093750 
-0.0008163452148438 
-0.0008239746093750 
-0.0008239746093750 
-0.0008316040039062 
-0.0008316040039062 
-0.0008392333984375 
-0.0008468627929688 
-0.0008468627929688 
-0.0008468627929688 
-0.0008468627929688 
-0.0008544921875000 
-0.0008621215820312 
-0.0008544921875000 
-0.0008544921875000 
-0.0008621215820312 
-0.0008697509765625 
-0.0008773803710938 
-0.0008850097656250 
-0.0008850097656250 
-0.0008850097656250 
-0.0008773803710938 
-0.0008850097656250 
-0.0008850097656250 
-0.0008850097656250 
-0.0008850097656250 
-0.0008926391601562 
-0.0008926391601562 
-0.0008926391601562 
-0.0008926391601562 
-0.0009002685546875 
-0.0008926391601562 
-0.0008926391601562 
-0.0008926391601562 
-0.0009002685546875 
-0.0009002685546875 
-0.0008926391601562 
-0.0008926391601562 
-0.0008850097656250 
-0.0008773803710938 
-0.0008697509765625 
-0.0008697509765625 
-0.0008773803710938 
-0.0008697509765625 
-0.0008773803710938 
-0.0008697509765625 
-0.0008697509765625 
-0.0008697509765625 
-0.0008621215820312 
-0.0008697509765625 
-0.0008621215820312 
-0.0008621215820312 
-0.0008544921875000 
-0.0008468627929688 
-0.0008544921875000 
-0.0008468627929688 
-0.0008544921875000 
-0.0008621215820312 
-0.0008621215820312 
-0.0008621215820312 
-0.0008621215820312 
-0.0008697509765625 
-0.0008697509765625 
-0.0008773803710938 
-0.0008773803710938 
-0.0008773803710938 
-0.0008850097656250 
-0.0008926391601562 
-0.0009002685546875 
-0.0009002685546875 
-0.0008926391601562 
-0.0008926391601562 
-0.0009002685546875 
-0.0008926391601562 
-0.0008850097656250 
-0.0008773803710938 
-0.0008850097656250 
-0.0008850097656250 
-0.0008850097656250 
-0.0008926391601562 
-0.0008926391601562 
-0.0008850097656250 
-0.0008850097656250 
-0.0008850097656250 
-0.0008773803710938 
-0.0008773803710938 
-0.0008850097656250 
-0.0008850097656250 
-0.0008773803710938 
-0.0008697509765625 
-0.0008621215820312 
-0.0008697509765625 
-0.0008773803710938 
-0.0008697509765625 
-0.0008697509765625 
-0.0008621215820312 
-0.0008621215820312 
-0.0008621215820312 
-0.0008697509765625 
-0.0008773803710938 
-0.0008773803710938 
-0.0008697509765625 
-0.0008621215820312 
-0.0008697509765625 
-0.0008621215820312 
-0.0008697509765625 
-0.0008621215820312 
-0.0008544921875000 
-0.0008468627929688 
-0.0008392333984375 
-0.0008392333984375 
-0.0008316040039062 
-0.0008239746093750 
-0.0008239746093750 
-0.0008163452148438 
-0.0008163452148438 
-0.0008163452148438 
-0.0008239746093750 
-0.0008316040039062 
-0.0008316040039062 
-0.0008316040039062 
-0.0008239746093750 
-0.0008163452148438 
-0.0008239746093750 
-0.0008316040039062 
-0.0008392333984375 
-0.0008468627929688 
-0.0008468627929688 
-0.0008392333984375 
-0.0008468627929688 
-0.0008468627929688 
-0.0008392333984375 
-0.0008468627929688 
-0.0008392333984375 
-0.0008392333984375 
-0.0008316040039062 
-0.0008392333984375 
-0.0008316040039062 
-0.0008239746093750 
-0.0008316040039062 
-0.0008239746093750 
-0.0008163452148438 
-0.0008163452148438 
-0.0008087158203125 
-0.0008010864257812 
-0.0008010864257812 
-0.0008087158203125 
-0.0008010864257812 
-0.0007934570312500 
-0.0008010864257812 
-0.0008010864257812 
-0.0007934570312500 
-0.0008010864257812 
-0.0008087158203125 
-0.0008163452148438 
-0.0008163452148438 
-0.0008239746093750 
-0.0008163452148438 
-0.0008087158203125 
-0.0008010864257812 
-0.0008087158203125 
-0.0008163452148438 
-0.0008239746093750 
-0.0008163452148438 
-0.0008087158203125 
-0.0008163452148438 
-0.0008239746093750 
-0.0008239746093750 
-0.0008316040039062 
-0.0008239746093750 
-0.0008239746093750 
-0.0008316040039062 
-0.0008392333984375 
-0.0008392333984375 
-0.0008316040039062 
-0.0008392333984375 
-0.0008468627929688 
-0.0008392333984375 
-0.0008468627929688 
-0.0008392333984375 
-0.0008392333984375 
-0.0008468627929688 
-0.0008468627929688 
-0.0008468627929688 
-0.0008392333984375 
-0.0008316040039062 
-0.0008239746093750 
-0.0008163452148438 
-0.0008087158203125 
-0.0008087158203125 
-0.0008010864257812 
-0.0008010864257812 
-0.0008087158203125 
-0.0008010864257812 
-0.0007934570312500 
-0.0007858276367188 
-0.0007934570312500 
-0.0008010864257812 
-0.0008087158203125 
-0.0008087158203125 
-0.0008010864257812 
-0.0008087158203125 
-0.0008010864257812 
-0.0008010864257812 
-0.0007934570312500 
-0.0007934570312500 
-0.0007858276367188 
-0.0007934570312500 
-0.0007934570312500 
-0.0008010864257812 
-0.0008087158203125 
-0.0008010864257812 
-0.0008087158203125 
-0.0008010864257812 
-0.0008087158203125 
-0.0008010864257812 
-0.0008087158203125 
-0.0008010864257812 
-0.0008087158203125 
-0.0008163452148438 
-0.0008163452148438 
-0.0008087158203125 
-0.0008087158203125 
-0.0008087158203125 
-0.0008087158203125 
-0.0008087158203125 
-0.0008010864257812 
-0.0008010864257812 
-0.0007934570312500 
-0.0008010864257812 
-0.0007934570312500 
-0.0008010864257812 
-0.0008010864257812 
-0.0008087158203125 
-0.0008163452148438 
-0.0008239746093750 
-0.0008316040039062 
-0.0008239746093750 
-0.0008163452148438 
-0.0008087158203125 
-0.0008163452148438 
-0.0008239746093750 
-0.0008163452148438 
-0.0008239746093750 
-0.0008163452148438 
-0.0008163452148438 
-0.0008087158203125 
-0.0008010864257812 
-0.0007934570312500 
-0.0008010864257812 
-0.0008010864257812 
-0.0008087158203125 
-0.0008163452148438 
-0.0008239746093750 
-0.0008163452148438 
-0.0008163452148438 
-0.0008163452148438 
-0.0008087158203125 
-0.0008010864257812 
-0.0008010864257812 
-0.0007934570312500 
-0.0007934570312500 
-0.0008010864257812 
-0.0007934570312500 
-0.0007934570312500 
-0.0007858276367188 
-0.0007781982421875 
-0.0007705688476562 
-0.0007781982421875 
-0.0007858276367188 
-0.0007781982421875 
-0.0007858276367188 
-0.0007781982421875 
-0.0007781982421875 
-0.0007781982421875 
-0.0007858276367188 
-0.0007781982421875 
-0.0007781982421875 
-0.0007781982421875 
-0.0007858276367188 
-0.0007934570312500 
-0.0007858276367188 
-0.0007858276367188 
-0.0007858276367188 
-0.0007858276367188 
-0.0007858276367188 
-0.0007781982421875 
-0.0007781982421875 
-0.0007705688476562 
-0.0007629394531250 
-0.0007553100585938 
-0.0007629394531250 
-0.0007629394531250 
-0.0007553100585938 
-0.0007553100585938 
-0.0007553100585938 
-0.0007476806640625 
-0.0007553100585938 
-0.0007629394531250 
-0.0007705688476562 
-0.0007781982421875 
-0.0007705688476562 
-0.0007705688476562 
-0.0007629394531250 
-0.0007553100585938 
-0.0007476806640625 
-0.0007476806640625 
-0.0007476806640625 
-0.0007553100585938 
-0.0007629394531250 
-0.0007705688476562 
-0.0007629394531250 
-0.0007553100585938 
-0.0007553100585938 
-0.0007553100585938 
-0.0007476806640625 
-0.0007553100585938 
-0.0007553100585938 
-0.0007476806640625 
-0.0007476806640625 
-0.0007400512695312 
-0.0007324218750000 
-0.0007400512695312 
-0.0007476806640625 
-0.0007476806640625 
-0.0007476806640625 
-0.0007476806640625 
-0.0007400512695312 
-0.0007324218750000 
-0.0007324218750000 
-0.0007400512695312 
-0.0007324218750000 
-0.0007247924804688 
-0.0007247924804688 
-0.0007324218750000 
-0.0007324218750000 
-0.0007324218750000 
-0.0007324218750000 
-0.0007247924804688 
-0.0007324218750000 
-0.0007247924804688 
-0.0007171630859375 
-0.0007171630859375 
-0.0007095336914062 
-0.0007171630859375 
-0.0007171630859375 
-0.0007247924804688 
-0.0007171630859375 
-0.0007095336914062 
-0.0007019042968750 
-0.0006942749023438 
-0.0006942749023438 
-0.0006942749023438 
-0.0006942749023438 
-0.0007019042968750 
-0.0007095336914062 
-0.0007171630859375 
-0.0007095336914062 
-0.0007095336914062 
-0.0007019042968750 
-0.0006942749023438 
-0.0007019042968750 
-0.0006942749023438 
-0.0007019042968750 
-0.0007019042968750 
-0.0007019042968750 
-0.0006942749023438 
-0.0006942749023438 
-0.0006866455078125 
-0.0006866455078125 
-0.0006866455078125 
-0.0006790161132812 
-0.0006866455078125 
-0.0006866455078125 
-0.0006790161132812 
-0.0006866455078125 
-0.0006866455078125 
-0.0006942749023438 
-0.0006942749023438 
-0.0007019042968750 
-0.0006942749023438 
-0.0006942749023438 
-0.0006942749023438 
-0.0007019042968750 
-0.0007095336914062 
-0.0007171630859375 
-0.0007171630859375 
-0.0007171630859375 
-0.0007095336914062 
-0.0007171630859375 
-0.0007171630859375 
-0.0007171630859375 
-0.0007095336914062 
-0.0007019042968750 
-0.0006942749023438 
-0.0006866455078125 
-0.0006866455078125 
-0.0006942749023438 
-0.0006866455078125 
-0.0006866455078125 
-0.0006866455078125 
-0.0006866455078125 
-0.0006790161132812 
-0.0006713867187500 
-0.0006790161132812 
-0.0006790161132812 
-0.0006866455078125 
-0.0006866455078125 
-0.0006942749023438 
-0.0006866455078125 
-0.0006790161132812 
-0.0006866455078125 
-0.0006942749023438 
-0.0006942749023438 
-0.0006866455078125 
-0.0006942749023438 
-0.0007019042968750 
-0.0007095336914062 
-0.0007095336914062 
-0.0007095336914062 
-0.0007171630859375 
-0.0007247924804688 
-0.0007247924804688 
-0.0007171630859375 
-0.0007095336914062 
-0.0007095336914062 
-0.0007171630859375 
-0.0007095336914062 
-0.0007095336914062 
-0.0007019042968750 
-0.0007019042968750 
-0.0007019042968750 
-0.0007019042968750 
-0.0007095336914062 
-0.0007171630859375 
-0.0007095336914062 
-0.0007095336914062 
-0.0007171630859375 
-0.0007095336914062 
-0.0007095336914062 
-0.0007019042968750 
-0.0007019042968750 
-0.0007019042968750 
-0.0007095336914062 
-0.0007019042968750 
-0.0007019042968750 
-0.0007019042968750 
-0.0006942749023438 
-0.0007019042968750 
-0.0007019042968750 
-0.0006942749023438 
-0.0007019042968750 
-0.0007095336914062 
-0.0007171630859375 
-0.0007095336914062 
-0.0007019042968750 
-0.0007095336914062 
-0.0007171630859375 
-0.0007171630859375 
-0.0007171630859375 
-0.0007247924804688 
-0.0007324218750000 
-0.0007400512695312 
-0.0007324218750000 
-0.0007324218750000 
-0.0007400512695312 
-0.0007400512695312 
-0.0007476806640625 
-0.0007476806640625 
-0.0007400512695312 
-0.0007476806640625 
-0.0007553100585938 
-0.0007629394531250 
-0.0007553100585938 
-0.0007629394531250 
-0.0007705688476562 
-0.0007705688476562 
-0.0007781982421875 
-0.0007781982421875 
-0.0007705688476562 
-0.0007629394531250 
-0.0007705688476562 
-0.0007629394531250 
-0.0007629394531250 
-0.0007553100585938 
-0.0007629394531250 
-0.0007629394531250 
-0.0007705688476562 
-0.0007629394531250 
-0.0007629394531250 
-0.0007705688476562 
-0.0007629394531250 
-0.0007629394531250 
-0.0007629394531250 
-0.0007629394531250 
-0.0007553100585938 
-0.0007629394531250 
-0.0007629394531250 
-0.0007705688476562 
-0.0007705688476562 
-0.0007705688476562 
-0.0007705688476562 
-0.0007629394531250 
-0.0007629394531250 
-0.0007629394531250 
-0.0007705688476562 
-0.0007629394531250 
-0.0007705688476562 
-0.0007781982421875 
-0.0007781982421875 
-0.0007705688476562 
-0.0007705688476562 
-0.0007781982421875 
-0.0007781982421875 
-0.0007858276367188 
-0.0007934570312500 
-0.0008010864257812 
-0.0008010864257812 
-0.0008087158203125 
-0.0008087158203125 
-0.0008163452148438 
-0.0008239746093750 
-0.0008239746093750 
-0.0008163452148438 
-0.0008163452148438 
-0.0008087158203125 
-0.0008087158203125 
-0.0008087158203125 
-0.0008087158203125 
-0.0008010864257812 
-0.0008087158203125 
-0.0008010864257812 
-0.0008087158203125 
-0.0008163452148438 
-0.0008163452148438 
-0.0008087158203125 
-0.0008087158203125 
-0.0008010864257812 
-0.0008087158203125 
-0.0008010864257812 
-0.0007934570312500 
-0.0007858276367188 
-0.0007781982421875 
-0.0007781982421875 
-0.0007705688476562 
-0.0007781982421875 
-0.0007781982421875 
-0.0007705688476562 
-0.0007629394531250 
-0.0007553100585938 
-0.0007553100585938 
-0.0007553100585938 
-0.0007476806640625 
-0.0007400512695312 
-0.0007476806640625 
-0.0007476806640625 
-0.0007476806640625 
-0.0007400512695312 
-0.0007400512695312 
-0.0007400512695312 
-0.0007476806640625 
-0.0007476806640625 
-0.0007476806640625 
-0.0007476806640625 
-0.0007553100585938 
-0.0007476806640625 
-0.0007553100585938 
-0.0007553100585938 
-0.0007476806640625 
-0.0007553100585938 
-0.0007476806640625 
-0.0007400512695312 
-0.0007400512695312 
-0.0007400512695312 
-0.0007476806640625 
-0.0007553100585938 
-0.0007553100585938 
-0.0007629394531250 
-0.0007553100585938 
-0.0007553100585938 
-0.0007553100585938 
-0.0007629394531250 
-0.0007705688476562 
-0.0007629394531250 
-0.0007705688476562 
-0.0007781982421875 
-0.0007858276367188 
-0.0007934570312500 
-0.0007858276367188 
-0.0007858276367188 
-0.0007781982421875 
-0.0007858276367188 
-0.0007781982421875 
-0.0007781982421875 
-0.0007705688476562 
-0.0007781982421875 
-0.0007705688476562 
-0.0007629394531250 
-0.0007705688476562 
-0.0007629394531250 
-0.0007629394531250 
-0.0007705688476562 
-0.0007705688476562 
-0.0007629394531250 
-0.0007705688476562 
-0.0007629394531250 
-0.0007553100585938 
-0.0007629394531250 
-0.0007705688476562 
-0.0007705688476562 
-0.0007781982421875 
-0.0007858276367188 
-0.0007934570312500 
-0.0008010864257812 
-0.0008010864257812 
-0.0008010864257812 
-0.0008010864257812 
-0.0007934570312500 
-0.0007934570312500 
-0.0007858276367188 
-0.0007781982421875 
-0.0007705688476562 
-0.0007705688476562 
-0.0007629394531250 
-0.0007629394531250 
-0.0007553100585938 
-0.0007553100585938 
-0.0007629394531250 
-0.0007629394531250 
-0.0007629394531250 
-0.0007629394531250 
-0.0007553100585938 
-0.0007629394531250 
-0.0007553100585938 
-0.0007553100585938 
-0.0007476806640625 
-0.0007476806640625 
-0.0007476806640625 
-0.0007476806640625 
-0.0007476806640625 
-0.0007553100585938 
-0.0007629394531250 
-0.0007553100585938 
-0.0007553100585938 
-0.0007629394531250 
-0.0007553100585938 
-0.0007476806640625 
-0.0007476806640625 
-0.0007553100585938 
-0.0007476806640625 
-0.0007476806640625 
-0.0007553100585938 
-0.0007476806640625 
-0.0007553100585938 
-0.0007629394531250 
-0.0007705688476562 
-0.0007781982421875 
-0.0007781982421875 
-0.0007781982421875 
-0.0007781982421875 
-0.0007858276367188 
-0.0007934570312500 
-0.0007934570312500 
-0.0008010864257812 
-0.0007934570312500 
-0.0007858276367188 
-0.0007858276367188 
-0.0007781982421875 
-0.0007858276367188 
-0.0007858276367188 
-0.0007858276367188 
-0.0007858276367188 
-0.0007781982421875 
-0.0007781982421875 
-0.0007858276367188 
-0.0007934570312500 
-0.0008010864257812 
-0.0008010864257812 
-0.0008010864257812 
-0.0008087158203125 
-0.0008087158203125 
-0.0008010864257812 
-0.0008010864257812 
-0.0008010864257812 
-0.0007934570312500 
-0.0008010864257812 
-0.0007934570312500 
-0.0008010864257812 
-0.0008087158203125 
-0.0008010864257812 
-0.0008010864257812 
-0.0007934570312500 
-0.0008010864257812 
-0.0008087158203125 
-0.0008087158203125 
-0.0008087158203125 
-0.0008163452148438 
-0.0008087158203125 
-0.0008087158203125 
-0.0008010864257812 
-0.0008010864257812 
-0.0008087158203125 
-0.0008010864257812 
-0.0007934570312500 
-0.0007934570312500 
-0.0007858276367188 
-0.0007781982421875 
-0.0007858276367188 
-0.0007858276367188 
-0.0007781982421875 
-0.0007858276367188 
-0.0007934570312500 
-0.0007858276367188 
-0.0007858276367188 
-0.0007934570312500 
-0.0007858276367188 
-0.0007934570312500 
-0.0007858276367188 
-0.0007858276367188 
-0.0007781982421875 
-0.0007781982421875 
-0.0007858276367188 
-0.0007858276367188 
-0.0007934570312500 
-0.0008010864257812 
-0.0008087158203125 
-0.0008163452148438 
-0.0008087158203125 
-0.0008163452148438 
-0.0008239746093750 
-0.0008239746093750 
-0.0008316040039062 
-0.0008239746093750 
-0.0008316040039062 
-0.0008392333984375 
-0.0008316040039062 
-0.0008392333984375 
-0.0008392333984375 
-0.0008468627929688 
-0.0008468627929688 
-0.0008544921875000 
-0.0008468627929688 
-0.0008468627929688 
-0.0008468627929688 
-0.0008392333984375 
-0.0008316040039062 
-0.0008392333984375 
-0.0008316040039062 
-0.0008316040039062 
-0.0008392333984375 
-0.0008316040039062 
-0.0008239746093750 
-0.0008239746093750 
-0.0008163452148438 
-0.0008239746093750 
-0.0008163452148438 
-0.0008087158203125 
-0.0008163452148438 
-0.0008087158203125 
-0.0008010864257812 
-0.0008010864257812 
-0.0008087158203125 
-0.0008087158203125 
-0.0008163452148438 
-0.0008239746093750 
-0.0008239746093750 
-0.0008316040039062 
-0.0008239746093750 
-0.0008239746093750 
-0.0008239746093750 
-0.0008239746093750 
-0.0008163452148438 
-0.0008239746093750 
-0.0008316040039062 
-0.0008239746093750 
-0.0008316040039062 
-0.0008392333984375 
-0.0008316040039062 
-0.0008392333984375 
-0.0008392333984375 
-0.0008316040039062 
-0.0008316040039062 
-0.0008392333984375 
-0.0008316040039062 
-0.0008239746093750 
-0.0008163452148438 
-0.0008239746093750 
-0.0008316040039062 
-0.0008316040039062 
-0.0008316040039062 
-0.0008239746093750 
-0.0008239746093750 
-0.0008316040039062 
-0.0008239746093750 
-0.0008239746093750 
-0.0008239746093750 
-0.0008316040039062 
-0.0008392333984375 
-0.0008468627929688 
-0.0008468627929688 
-0.0008392333984375 
-0.0008392333984375 
