0.0055389404296875 
0.0055465698242188 
0.0055541992187500 
0.0055541992187500 
0.0055618286132812 
0.0055618286132812 
0.0055618286132812 
0.0055541992187500 
0.0055465698242188 
0.0055465698242188 
0.0055541992187500 
0.0055465698242188 
0.0055541992187500 
0.0055465698242188 
0.0055389404296875 
0.0055389404296875 
0.0055389404296875 
0.0055465698242188 
0.0055541992187500 
0.0055618286132812 
0.0055618286132812 
0.0055618286132812 
0.0055618286132812 
0.0055541992187500 
0.0055618286132812 
0.0055694580078125 
0.0055618286132812 
0.0055618286132812 
0.0055618286132812 
0.0055694580078125 
0.0055770874023438 
0.0055770874023438 
0.0055847167968750 
0.0055770874023438 
0.0055770874023438 
0.0055770874023438 
0.0055847167968750 
0.0055847167968750 
0.0055847167968750 
0.0055923461914062 
0.0055923461914062 
0.0055847167968750 
0.0055847167968750 
0.0055847167968750 
0.0055923461914062 
0.0055847167968750 
0.0055770874023438 
0.0055847167968750 
0.0055770874023438 
0.0055694580078125 
0.0055770874023438 
0.0055770874023438 
0.0055694580078125 
0.0055770874023438 
0.0055694580078125 
0.0055694580078125 
0.0055694580078125 
0.0055618286132812 
0.0055541992187500 
0.0055618286132812 
0.0055541992187500 
0.0055618286132812 
0.0055541992187500 
0.0055541992187500 
0.0055465698242188 
0.0055465698242188 
0.0055541992187500 
0.0055618286132812 
0.0055541992187500 
0.0055618286132812 
0.0055618286132812 
0.0055541992187500 
0.0055541992187500 
0.0055541992187500 
0.0055618286132812 
0.0055618286132812 
0.0055541992187500 
0.0055618286132812 
0.0055694580078125 
0.0055618286132812 
0.0055541992187500 
0.0055618286132812 
0.0055541992187500 
0.0055541992187500 
0.0055465698242188 
0.0055541992187500 
0.0055465698242188 
0.0055389404296875 
0.0055389404296875 
0.0055465698242188 
0.0055389404296875 
0.0055465698242188 
0.0055389404296875 
0.0055465698242188 
0.0055465698242188 
0.0055465698242188 
0.0055465698242188 
0.0055541992187500 
0.0055465698242188 
0.0055389404296875 
0.0055465698242188 
0.0055541992187500 
0.0055618286132812 
0.0055541992187500 
0.0055618286132812 
0.0055541992187500 
0.0055618286132812 
0.0055541992187500 
0.0055618286132812 
0.0055618286132812 
0.0055618286132812 
0.0055618286132812 
0.0055694580078125 
0.0055618286132812 
0.0055541992187500 
0.0055465698242188 
0.0055389404296875 
0.0055313110351562 
0.0055313110351562 
0.0055313110351562 
0.0055389404296875 
0.0055465698242188 
0.0055465698242188 
0.0055465698242188 
0.0055465698242188 
0.0055389404296875 
0.0055313110351562 
0.0055313110351562 
0.0055236816406250 
0.0055236816406250 
0.0055313110351562 
0.0055389404296875 
0.0055389404296875 
0.0055389404296875 
0.0055313110351562 
0.0055236816406250 
0.0055160522460938 
0.0055236816406250 
0.0055160522460938 
0.0055236816406250 
0.0055160522460938 
0.0055084228515625 
0.0055007934570312 
0.0055084228515625 
0.0055160522460938 
0.0055160522460938 
0.0055084228515625 
0.0055160522460938 
0.0055084228515625 
0.0055007934570312 
0.0055084228515625 
0.0055007934570312 
0.0054931640625000 
0.0054931640625000 
0.0055007934570312 
0.0055084228515625 
0.0055160522460938 
0.0055236816406250 
0.0055160522460938 
0.0055236816406250 
0.0055313110351562 
0.0055389404296875 
0.0055465698242188 
0.0055541992187500 
0.0055618286132812 
0.0055694580078125 
0.0055618286132812 
0.0055541992187500 
0.0055541992187500 
0.0055541992187500 
0.0055618286132812 
0.0055618286132812 
0.0055541992187500 
0.0055465698242188 
0.0055541992187500 
0.0055465698242188 
0.0055541992187500 
0.0055618286132812 
0.0055541992187500 
0.0055541992187500 
0.0055465698242188 
0.0055541992187500 
0.0055541992187500 
0.0055541992187500 
0.0055541992187500 
0.0055618286132812 
0.0055541992187500 
0.0055465698242188 
0.0055465698242188 
0.0055541992187500 
0.0055541992187500 
0.0055465698242188 
0.0055465698242188 
0.0055541992187500 
0.0055541992187500 
0.0055618286132812 
0.0055541992187500 
0.0055541992187500 
0.0055465698242188 
0.0055465698242188 
0.0055389404296875 
0.0055313110351562 
0.0055389404296875 
0.0055389404296875 
0.0055465698242188 
0.0055389404296875 
0.0055313110351562 
0.0055236816406250 
0.0055236816406250 
0.0055313110351562 
0.0055389404296875 
0.0055389404296875 
0.0055465698242188 
0.0055465698242188 
0.0055389404296875 
0.0055313110351562 
0.0055389404296875 
0.0055389404296875 
0.0055313110351562 
0.0055236816406250 
0.0055313110351562 
0.0055313110351562 
0.0055389404296875 
0.0055465698242188 
0.0055465698242188 
0.0055541992187500 
0.0055541992187500 
0.0055618286132812 
0.0055618286132812 
0.0055694580078125 
0.0055694580078125 
0.0055770874023438 
0.0055694580078125 
0.0055694580078125 
0.0055618286132812 
0.0055541992187500 
0.0055465698242188 
0.0055389404296875 
0.0055389404296875 
0.0055389404296875 
0.0055389404296875 
0.0055389404296875 
0.0055313110351562 
0.0055236816406250 
0.0055236816406250 
0.0055160522460938 
0.0055236816406250 
0.0055160522460938 
0.0055084228515625 
0.0055084228515625 
0.0055007934570312 
0.0055007934570312 
0.0055007934570312 
0.0055084228515625 
0.0055160522460938 
0.0055084228515625 
0.0055160522460938 
0.0055084228515625 
0.0055007934570312 
0.0055084228515625 
0.0055160522460938 
0.0055084228515625 
0.0055007934570312 
0.0055084228515625 
0.0055084228515625 
0.0055084228515625 
0.0055007934570312 
0.0054931640625000 
0.0054931640625000 
0.0055007934570312 
0.0054931640625000 
0.0054855346679688 
0.0054779052734375 
0.0054779052734375 
0.0054779052734375 
0.0054702758789062 
0.0054626464843750 
0.0054626464843750 
0.0054626464843750 
0.0054626464843750 
0.0054702758789062 
0.0054779052734375 
0.0054855346679688 
0.0054855346679688 
0.0054931640625000 
0.0054855346679688 
0.0054855346679688 
0.0054931640625000 
0.0055007934570312 
0.0054931640625000 
0.0054855346679688 
0.0054931640625000 
0.0055007934570312 
0.0054931640625000 
0.0054855346679688 
0.0054931640625000 
0.0054855346679688 
0.0054855346679688 
0.0054779052734375 
0.0054855346679688 
0.0054931640625000 
0.0055007934570312 
0.0054931640625000 
0.0055007934570312 
0.0054931640625000 
0.0054931640625000 
0.0055007934570312 
0.0055084228515625 
0.0055160522460938 
0.0055160522460938 
0.0055236816406250 
0.0055236816406250 
0.0055313110351562 
0.0055236816406250 
0.0055313110351562 
0.0055236816406250 
0.0055236816406250 
0.0055160522460938 
0.0055160522460938 
0.0055084228515625 
0.0055084228515625 
0.0055160522460938 
0.0055236816406250 
0.0055160522460938 
0.0055084228515625 
0.0055084228515625 
0.0055160522460938 
0.0055236816406250 
0.0055313110351562 
0.0055389404296875 
0.0055389404296875 
0.0055465698242188 
0.0055541992187500 
0.0055465698242188 
0.0055389404296875 
0.0055465698242188 
0.0055541992187500 
0.0055541992187500 
0.0055541992187500 
0.0055465698242188 
0.0055541992187500 
0.0055541992187500 
0.0055465698242188 
0.0055465698242188 
0.0055389404296875 
0.0055465698242188 
0.0055541992187500 
0.0055618286132812 
0.0055541992187500 
0.0055541992187500 
0.0055465698242188 
0.0055389404296875 
0.0055389404296875 
0.0055313110351562 
0.0055236816406250 
0.0055313110351562 
0.0055313110351562 
0.0055236816406250 
0.0055313110351562 
0.0055313110351562 
0.0055313110351562 
0.0055236816406250 
0.0055313110351562 
0.0055389404296875 
0.0055465698242188 
0.0055541992187500 
0.0055618286132812 
0.0055618286132812 
0.0055694580078125 
0.0055618286132812 
0.0055694580078125 
0.0055770874023438 
0.0055770874023438 
0.0055694580078125 
0.0055770874023438 
0.0055694580078125 
0.0055618286132812 
0.0055541992187500 
0.0055618286132812 
0.0055694580078125 
0.0055618286132812 
0.0055541992187500 
0.0055541992187500 
0.0055618286132812 
0.0055618286132812 
0.0055541992187500 
0.0055465698242188 
0.0055541992187500 
0.0055465698242188 
0.0055389404296875 
0.0055313110351562 
0.0055389404296875 
0.0055465698242188 
0.0055465698242188 
0.0055465698242188 
0.0055465698242188 
0.0055541992187500 
0.0055541992187500 
0.0055541992187500 
0.0055541992187500 
0.0055465698242188 
0.0055389404296875 
0.0055389404296875 
0.0055389404296875 
0.0055389404296875 
0.0055389404296875 
0.0055465698242188 
0.0055389404296875 
0.0055465698242188 
0.0055465698242188 
0.0055465698242188 
0.0055541992187500 
0.0055541992187500 
0.0055541992187500 
0.0055541992187500 
0.0055465698242188 
0.0055465698242188 
0.0055541992187500 
0.0055541992187500 
0.0055465698242188 
0.0055465698242188 
0.0055389404296875 
0.0055313110351562 
0.0055236816406250 
0.0055313110351562 
0.0055389404296875 
0.0055389404296875 
0.0055465698242188 
0.0055389404296875 
0.0055465698242188 
0.0055465698242188 
0.0055541992187500 
0.0055541992187500 
0.0055541992187500 
0.0055465698242188 
0.0055465698242188 
0.0055389404296875 
0.0055389404296875 
0.0055313110351562 
0.0055313110351562 
0.0055389404296875 
0.0055465698242188 
0.0055389404296875 
0.0055465698242188 
0.0055389404296875 
0.0055389404296875 
0.0055389404296875 
0.0055465698242188 
0.0055389404296875 
0.0055313110351562 
0.0055389404296875 
0.0055465698242188 
0.0055389404296875 
0.0055465698242188 
0.0055389404296875 
0.0055313110351562 
0.0055236816406250 
0.0055313110351562 
0.0055236816406250 
0.0055236816406250 
0.0055160522460938 
0.0055084228515625 
0.0055007934570312 
0.0055007934570312 
0.0055084228515625 
0.0055007934570312 
0.0055007934570312 
0.0055084228515625 
0.0055007934570312 
0.0055007934570312 
0.0055007934570312 
0.0055084228515625 
0.0055160522460938 
0.0055084228515625 
0.0055160522460938 
0.0055236816406250 
0.0055236816406250 
0.0055160522460938 
0.0055236816406250 
0.0055160522460938 
0.0055084228515625 
0.0055084228515625 
0.0055160522460938 
0.0055236816406250 
0.0055236816406250 
0.0055313110351562 
0.0055236816406250 
0.0055160522460938 
0.0055236816406250 
0.0055236816406250 
0.0055313110351562 
0.0055236816406250 
0.0055236816406250 
0.0055236816406250 
0.0055313110351562 
0.0055313110351562 
0.0055236816406250 
0.0055160522460938 
0.0055084228515625 
0.0055160522460938 
0.0055084228515625 
0.0055160522460938 
0.0055236816406250 
0.0055236816406250 
0.0055160522460938 
0.0055236816406250 
0.0055313110351562 
0.0055236816406250 
0.0055160522460938 
0.0055084228515625 
0.0055084228515625 
0.0055160522460938 
0.0055236816406250 
0.0055160522460938 
0.0055084228515625 
0.0055007934570312 
0.0054931640625000 
0.0055007934570312 
0.0055007934570312 
0.0055007934570312 
0.0055084228515625 
0.0055160522460938 
0.0055160522460938 
0.0055160522460938 
0.0055084228515625 
0.0055160522460938 
0.0055160522460938 
0.0055236816406250 
0.0055313110351562 
0.0055389404296875 
0.0055313110351562 
0.0055236816406250 
0.0055236816406250 
0.0055313110351562 
0.0055389404296875 
0.0055313110351562 
0.0055313110351562 
0.0055236816406250 
0.0055313110351562 
0.0055313110351562 
0.0055236816406250 
0.0055236816406250 
0.0055160522460938 
0.0055160522460938 
0.0055160522460938 
0.0055160522460938 
0.0055236816406250 
0.0055160522460938 
0.0055236816406250 
0.0055313110351562 
0.0055313110351562 
0.0055389404296875 
0.0055389404296875 
0.0055313110351562 
0.0055313110351562 
0.0055389404296875 
0.0055313110351562 
0.0055313110351562 
0.0055313110351562 
0.0055313110351562 
0.0055236816406250 
0.0055160522460938 
0.0055084228515625 
0.0055084228515625 
0.0055007934570312 
0.0055084228515625 
0.0055160522460938 
0.0055084228515625 
0.0055007934570312 
0.0055084228515625 
0.0055084228515625 
0.0055160522460938 
0.0055236816406250 
0.0055313110351562 
0.0055389404296875 
0.0055313110351562 
0.0055313110351562 
0.0055313110351562 
0.0055236816406250 
0.0055236816406250 
0.0055313110351562 
0.0055236816406250 
0.0055160522460938 
0.0055236816406250 
0.0055160522460938 
0.0055236816406250 
0.0055236816406250 
0.0055313110351562 
0.0055389404296875 
0.0055313110351562 
0.0055389404296875 
0.0055313110351562 
0.0055313110351562 
0.0055236816406250 
0.0055160522460938 
0.0055236816406250 
0.0055313110351562 
0.0055236816406250 
0.0055160522460938 
0.0055236816406250 
0.0055160522460938 
0.0055084228515625 
0.0055160522460938 
0.0055084228515625 
0.0055084228515625 
0.0055007934570312 
0.0055084228515625 
0.0055084228515625 
0.0055007934570312 
0.0055084228515625 
0.0055007934570312 
0.0055084228515625 
0.0055007934570312 
0.0054931640625000 
0.0055007934570312 
0.0055084228515625 
0.0055084228515625 
0.0055007934570312 
0.0054931640625000 
0.0055007934570312 
0.0055007934570312 
0.0055007934570312 
0.0055007934570312 
0.0055084228515625 
0.0055007934570312 
0.0055007934570312 
0.0055084228515625 
0.0055007934570312 
0.0054931640625000 
0.0054931640625000 
0.0054931640625000 
0.0055007934570312 
0.0054931640625000 
0.0054931640625000 
0.0054855346679688 
0.0054855346679688 
0.0054779052734375 
0.0054779052734375 
0.0054702758789062 
0.0054702758789062 
0.0054626464843750 
0.0054626464843750 
0.0054550170898438 
0.0054550170898438 
0.0054626464843750 
0.0054626464843750 
0.0054550170898438 
0.0054550170898438 
0.0054473876953125 
0.0054397583007812 
0.0054321289062500 
0.0054397583007812 
0.0054397583007812 
0.0054397583007812 
0.0054397583007812 
0.0054473876953125 
0.0054397583007812 
0.0054321289062500 
0.0054244995117188 
0.0054321289062500 
0.0054244995117188 
0.0054321289062500 
0.0054397583007812 
0.0054473876953125 
0.0054473876953125 
0.0054550170898438 
0.0054473876953125 
0.0054397583007812 
0.0054321289062500 
0.0054244995117188 
0.0054244995117188 
0.0054244995117188 
0.0054168701171875 
0.0054092407226562 
0.0054016113281250 
0.0053939819335938 
0.0053863525390625 
0.0053863525390625 
0.0053863525390625 
0.0053787231445312 
0.0053787231445312 
0.0053863525390625 
0.0053787231445312 
0.0053863525390625 
0.0053787231445312 
0.0053710937500000 
0.0053634643554688 
0.0053558349609375 
0.0053634643554688 
0.0053710937500000 
0.0053787231445312 
0.0053787231445312 
0.0053787231445312 
0.0053787231445312 
0.0053787231445312 
0.0053710937500000 
0.0053634643554688 
0.0053558349609375 
0.0053634643554688 
0.0053558349609375 
0.0053482055664062 
0.0053405761718750 
0.0053482055664062 
0.0053482055664062 
0.0053482055664062 
0.0053405761718750 
0.0053482055664062 
0.0053482055664062 
0.0053405761718750 
0.0053405761718750 
0.0053405761718750 
0.0053405761718750 
0.0053482055664062 
0.0053482055664062 
0.0053482055664062 
0.0053558349609375 
0.0053558349609375 
0.0053558349609375 
0.0053634643554688 
0.0053634643554688 
0.0053710937500000 
0.0053787231445312 
0.0053787231445312 
0.0053787231445312 
0.0053710937500000 
0.0053787231445312 
0.0053787231445312 
0.0053710937500000 
0.0053787231445312 
0.0053710937500000 
0.0053634643554688 
0.0053710937500000 
0.0053710937500000 
0.0053634643554688 
0.0053634643554688 
0.0053710937500000 
0.0053710937500000 
0.0053787231445312 
0.0053863525390625 
0.0053863525390625 
0.0053863525390625 
0.0053863525390625 
0.0053863525390625 
0.0053939819335938 
0.0054016113281250 
0.0054092407226562 
0.0054168701171875 
0.0054244995117188 
0.0054321289062500 
0.0054244995117188 
0.0054168701171875 
0.0054168701171875 
0.0054168701171875 
0.0054244995117188 
0.0054168701171875 
0.0054244995117188 
0.0054168701171875 
0.0054244995117188 
0.0054321289062500 
0.0054397583007812 
0.0054321289062500 
0.0054397583007812 
0.0054397583007812 
0.0054473876953125 
0.0054550170898438 
0.0054550170898438 
0.0054626464843750 
0.0054626464843750 
0.0054550170898438 
0.0054550170898438 
0.0054473876953125 
0.0054397583007812 
0.0054473876953125 
0.0054550170898438 
0.0054626464843750 
0.0054702758789062 
0.0054702758789062 
0.0054779052734375 
0.0054855346679688 
0.0054931640625000 
0.0054855346679688 
0.0054779052734375 
0.0054779052734375 
0.0054702758789062 
0.0054779052734375 
0.0054779052734375 
0.0054779052734375 
0.0054855346679688 
0.0054931640625000 
0.0054855346679688 
0.0054931640625000 
0.0054855346679688 
0.0054855346679688 
0.0054855346679688 
0.0054931640625000 
0.0054855346679688 
0.0054855346679688 
0.0054779052734375 
0.0054779052734375 
0.0054702758789062 
0.0054779052734375 
0.0054855346679688 
0.0054931640625000 
0.0054855346679688 
0.0054779052734375 
0.0054702758789062 
0.0054702758789062 
0.0054779052734375 
0.0054855346679688 
0.0054931640625000 
0.0054931640625000 
0.0055007934570312 
0.0054931640625000 
0.0054931640625000 
0.0054931640625000 
0.0054855346679688 
0.0054931640625000 
0.0055007934570312 
0.0055084228515625 
0.0055160522460938 
0.0055236816406250 
0.0055313110351562 
0.0055389404296875 
0.0055313110351562 
0.0055313110351562 
0.0055236816406250 
0.0055160522460938 
0.0055236816406250 
0.0055236816406250 
0.0055313110351562 
0.0055236816406250 
0.0055160522460938 
0.0055084228515625 
0.0055084228515625 
0.0055084228515625 
0.0055007934570312 
0.0054931640625000 
0.0054855346679688 
0.0054931640625000 
0.0054931640625000 
0.0054931640625000 
0.0055007934570312 
0.0054931640625000 
0.0055007934570312 
0.0055007934570312 
0.0054931640625000 
0.0055007934570312 
0.0054931640625000 
0.0054855346679688 
0.0054779052734375 
0.0054779052734375 
0.0054702758789062 
0.0054626464843750 
0.0054550170898438 
0.0054550170898438 
0.0054550170898438 
0.0054473876953125 
0.0054550170898438 
0.0054473876953125 
0.0054550170898438 
0.0054550170898438 
0.0054473876953125 
0.0054397583007812 
0.0054397583007812 
0.0054473876953125 
0.0054550170898438 
0.0054550170898438 
0.0054626464843750 
0.0054702758789062 
0.0054779052734375 
0.0054702758789062 
0.0054702758789062 
0.0054626464843750 
0.0054626464843750 
0.0054550170898438 
0.0054626464843750 
0.0054702758789062 
0.0054702758789062 
0.0054779052734375 
0.0054779052734375 
0.0054702758789062 
0.0054779052734375 
0.0054702758789062 
0.0054626464843750 
0.0054626464843750 
0.0054550170898438 
0.0054626464843750 
0.0054550170898438 
0.0054626464843750 
0.0054550170898438 
0.0054550170898438 
0.0054550170898438 
0.0054473876953125 
0.0054397583007812 
0.0054321289062500 
0.0054244995117188 
0.0054244995117188 
0.0054168701171875 
0.0054244995117188 
0.0054321289062500 
0.0054244995117188 
0.0054244995117188 
0.0054321289062500 
0.0054244995117188 
0.0054244995117188 
0.0054244995117188 
0.0054168701171875 
0.0054092407226562 
0.0054168701171875 
0.0054244995117188 
0.0054168701171875 
0.0054168701171875 
0.0054244995117188 
0.0054321289062500 
0.0054244995117188 
0.0054244995117188 
0.0054168701171875 
0.0054244995117188 
0.0054168701171875 
0.0054244995117188 
0.0054168701171875 
0.0054092407226562 
0.0054016113281250 
0.0054016113281250 
0.0054016113281250 
0.0054016113281250 
0.0053939819335938 
0.0053863525390625 
0.0053787231445312 
0.0053787231445312 
0.0053863525390625 
0.0053939819335938 
0.0054016113281250 
0.0053939819335938 
0.0053939819335938 
0.0053863525390625 
0.0053863525390625 
0.0053787231445312 
0.0053787231445312 
0.0053710937500000 
0.0053634643554688 
0.0053634643554688 
0.0053558349609375 
0.0053634643554688 
0.0053710937500000 
0.0053634643554688 
0.0053710937500000 
0.0053787231445312 
0.0053863525390625 
0.0053863525390625 
0.0053939819335938 
0.0053863525390625 
0.0053787231445312 
0.0053863525390625 
0.0053939819335938 
0.0053939819335938 
0.0053863525390625 
0.0053939819335938 
0.0053863525390625 
0.0053939819335938 
0.0054016113281250 
0.0054016113281250 
0.0053939819335938 
0.0053863525390625 
0.0053787231445312 
0.0053863525390625 
0.0053863525390625 
0.0053939819335938 
0.0053939819335938 
0.0054016113281250 
0.0053939819335938 
0.0054016113281250 
0.0054092407226562 
0.0054016113281250 
0.0053939819335938 
0.0053863525390625 
0.0053863525390625 
0.0053939819335938 
0.0053863525390625 
0.0053939819335938 
0.0053863525390625 
0.0053787231445312 
0.0053863525390625 
0.0053787231445312 
0.0053710937500000 
0.0053710937500000 
0.0053787231445312 
0.0053787231445312 
0.0053787231445312 
0.0053787231445312 
0.0053863525390625 
0.0053863525390625 
0.0053863525390625 
0.0053787231445312 
0.0053863525390625 
0.0053863525390625 
0.0053939819335938 
0.0054016113281250 
0.0054092407226562 
0.0054092407226562 
