0.0039291381835938 
0.0039291381835938 
0.0039215087890625 
0.0039138793945312 
0.0039138793945312 
0.0039138793945312 
0.0039138793945312 
0.0039215087890625 
0.0039138793945312 
0.0039062500000000 
0.0038986206054688 
0.0038909912109375 
0.0038909912109375 
0.0038986206054688 
0.0038986206054688 
0.0039062500000000 
0.0039138793945312 
0.0039138793945312 
0.0039215087890625 
0.0039215087890625 
0.0039215087890625 
0.0039138793945312 
0.0039215087890625 
0.0039138793945312 
0.0039062500000000 
0.0039138793945312 
0.0039062500000000 
0.0039062500000000 
0.0039062500000000 
0.0039138793945312 
0.0039138793945312 
0.0039215087890625 
0.0039138793945312 
0.0039062500000000 
0.0039138793945312 
0.0039062500000000 
0.0038986206054688 
0.0038909912109375 
0.0038833618164062 
0.0038909912109375 
0.0038833618164062 
0.0038757324218750 
0.0038833618164062 
0.0038909912109375 
0.0038909912109375 
0.0038833618164062 
0.0038909912109375 
0.0038833618164062 
0.0038909912109375 
0.0038986206054688 
0.0039062500000000 
0.0039138793945312 
0.0039215087890625 
0.0039138793945312 
0.0039215087890625 
0.0039138793945312 
0.0039215087890625 
0.0039291381835938 
0.0039367675781250 
0.0039291381835938 
0.0039291381835938 
0.0039367675781250 
0.0039367675781250 
0.0039443969726562 
0.0039367675781250 
0.0039367675781250 
0.0039291381835938 
0.0039215087890625 
0.0039138793945312 
0.0039138793945312 
0.0039215087890625 
0.0039138793945312 
0.0039138793945312 
0.0039138793945312 
0.0039138793945312 
0.0039215087890625 
0.0039215087890625 
0.0039215087890625 
0.0039138793945312 
0.0039062500000000 
0.0038986206054688 
0.0038909912109375 
0.0038909912109375 
0.0038986206054688 
0.0039062500000000 
0.0038986206054688 
0.0038909912109375 
0.0038986206054688 
0.0038909912109375 
0.0038833618164062 
0.0038833618164062 
0.0038833618164062 
0.0038757324218750 
0.0038833618164062 
0.0038757324218750 
0.0038757324218750 
0.0038681030273438 
0.0038757324218750 
0.0038757324218750 
0.0038681030273438 
0.0038681030273438 
0.0038757324218750 
0.0038757324218750 
0.0038757324218750 
0.0038757324218750 
0.0038757324218750 
0.0038757324218750 
0.0038833618164062 
0.0038909912109375 
0.0038909912109375 
0.0038833618164062 
0.0038909912109375 
0.0038833618164062 
0.0038909912109375 
0.0038986206054688 
0.0039062500000000 
0.0039062500000000 
0.0039138793945312 
0.0039062500000000 
0.0039062500000000 
0.0039062500000000 
0.0039138793945312 
0.0039138793945312 
0.0039215087890625 
0.0039138793945312 
0.0039062500000000 
0.0039062500000000 
0.0039138793945312 
0.0039215087890625 
0.0039215087890625 
0.0039215087890625 
0.0039138793945312 
0.0039062500000000 
0.0039062500000000 
0.0038986206054688 
0.0038909912109375 
0.0038833618164062 
0.0038833618164062 
0.0038909912109375 
0.0038833618164062 
0.0038833618164062 
0.0038757324218750 
0.0038681030273438 
0.0038681030273438 
0.0038757324218750 
0.0038681030273438 
0.0038681030273438 
0.0038604736328125 
0.0038681030273438 
0.0038604736328125 
0.0038528442382812 
0.0038528442382812 
0.0038528442382812 
0.0038604736328125 
0.0038681030273438 
0.0038604736328125 
0.0038528442382812 
0.0038452148437500 
0.0038528442382812 
0.0038452148437500 
0.0038528442382812 
0.0038604736328125 
0.0038528442382812 
0.0038452148437500 
0.0038452148437500 
0.0038528442382812 
0.0038528442382812 
0.0038604736328125 
0.0038681030273438 
0.0038757324218750 
0.0038757324218750 
0.0038681030273438 
0.0038604736328125 
0.0038604736328125 
0.0038528442382812 
0.0038452148437500 
0.0038375854492188 
0.0038299560546875 
0.0038299560546875 
0.0038223266601562 
0.0038146972656250 
0.0038146972656250 
0.0038070678710938 
0.0038070678710938 
0.0038146972656250 
0.0038146972656250 
0.0038146972656250 
0.0038070678710938 
0.0038070678710938 
0.0037994384765625 
0.0037994384765625 
0.0037918090820312 
0.0037918090820312 
0.0037841796875000 
0.0037918090820312 
0.0037994384765625 
0.0037918090820312 
0.0037841796875000 
0.0037765502929688 
0.0037689208984375 
0.0037765502929688 
0.0037765502929688 
0.0037765502929688 
0.0037841796875000 
0.0037765502929688 
0.0037689208984375 
0.0037765502929688 
0.0037765502929688 
0.0037841796875000 
0.0037841796875000 
0.0037841796875000 
0.0037765502929688 
0.0037689208984375 
0.0037612915039062 
0.0037689208984375 
0.0037765502929688 
0.0037765502929688 
0.0037765502929688 
0.0037841796875000 
0.0037918090820312 
0.0037841796875000 
0.0037918090820312 
0.0037994384765625 
0.0037994384765625 
0.0038070678710938 
0.0038070678710938 
0.0037994384765625 
0.0037994384765625 
0.0037994384765625 
0.0037994384765625 
0.0037994384765625 
0.0037918090820312 
0.0037918090820312 
0.0037918090820312 
0.0037994384765625 
0.0038070678710938 
0.0037994384765625 
0.0037994384765625 
0.0037918090820312 
0.0037841796875000 
0.0037841796875000 
0.0037841796875000 
0.0037841796875000 
0.0037841796875000 
0.0037841796875000 
0.0037918090820312 
0.0037841796875000 
0.0037765502929688 
0.0037689208984375 
0.0037612915039062 
0.0037536621093750 
0.0037460327148438 
0.0037460327148438 
0.0037384033203125 
0.0037384033203125 
0.0037460327148438 
0.0037460327148438 
0.0037460327148438 
0.0037536621093750 
0.0037460327148438 
0.0037536621093750 
0.0037536621093750 
0.0037536621093750 
0.0037460327148438 
0.0037384033203125 
0.0037307739257812 
0.0037307739257812 
0.0037231445312500 
0.0037155151367188 
0.0037078857421875 
0.0037078857421875 
0.0037078857421875 
0.0037155151367188 
0.0037078857421875 
0.0037002563476562 
0.0036926269531250 
0.0036926269531250 
0.0037002563476562 
0.0036926269531250 
0.0036849975585938 
0.0036773681640625 
0.0036849975585938 
0.0036926269531250 
0.0036926269531250 
0.0036849975585938 
0.0036773681640625 
0.0036773681640625 
0.0036697387695312 
0.0036621093750000 
0.0036697387695312 
0.0036773681640625 
0.0036849975585938 
0.0036849975585938 
0.0036849975585938 
0.0036926269531250 
0.0036849975585938 
0.0036849975585938 
0.0036773681640625 
0.0036697387695312 
0.0036621093750000 
0.0036621093750000 
0.0036544799804688 
0.0036621093750000 
0.0036697387695312 
0.0036773681640625 
0.0036849975585938 
0.0036849975585938 
0.0036773681640625 
0.0036697387695312 
0.0036773681640625 
0.0036849975585938 
0.0036773681640625 
0.0036697387695312 
0.0036697387695312 
0.0036621093750000 
0.0036697387695312 
0.0036621093750000 
0.0036544799804688 
0.0036621093750000 
0.0036621093750000 
0.0036621093750000 
0.0036697387695312 
0.0036773681640625 
0.0036773681640625 
0.0036773681640625 
0.0036697387695312 
0.0036621093750000 
0.0036697387695312 
0.0036697387695312 
0.0036621093750000 
0.0036544799804688 
0.0036544799804688 
0.0036468505859375 
0.0036468505859375 
0.0036392211914062 
0.0036468505859375 
0.0036392211914062 
0.0036468505859375 
0.0036392211914062 
0.0036315917968750 
0.0036239624023438 
0.0036315917968750 
0.0036239624023438 
0.0036239624023438 
0.0036163330078125 
0.0036239624023438 
0.0036315917968750 
0.0036392211914062 
0.0036468505859375 
0.0036544799804688 
0.0036468505859375 
0.0036468505859375 
0.0036544799804688 
0.0036544799804688 
0.0036621093750000 
0.0036697387695312 
0.0036621093750000 
0.0036621093750000 
0.0036621093750000 
0.0036544799804688 
0.0036468505859375 
0.0036544799804688 
0.0036468505859375 
0.0036544799804688 
0.0036544799804688 
0.0036621093750000 
0.0036697387695312 
0.0036697387695312 
0.0036621093750000 
0.0036697387695312 
0.0036773681640625 
0.0036849975585938 
0.0036849975585938 
0.0036849975585938 
0.0036773681640625 
0.0036773681640625 
0.0036697387695312 
0.0036621093750000 
0.0036697387695312 
0.0036773681640625 
0.0036697387695312 
0.0036697387695312 
0.0036697387695312 
0.0036621093750000 
0.0036697387695312 
0.0036621093750000 
0.0036544799804688 
0.0036468505859375 
0.0036392211914062 
0.0036315917968750 
0.0036392211914062 
0.0036392211914062 
0.0036315917968750 
0.0036239624023438 
0.0036315917968750 
0.0036392211914062 
0.0036468505859375 
0.0036392211914062 
0.0036392211914062 
0.0036392211914062 
0.0036468505859375 
0.0036468505859375 
0.0036544799804688 
0.0036468505859375 
0.0036544799804688 
0.0036621093750000 
0.0036697387695312 
0.0036697387695312 
0.0036773681640625 
0.0036849975585938 
0.0036849975585938 
0.0036926269531250 
0.0037002563476562 
0.0036926269531250 
0.0036849975585938 
0.0036926269531250 
0.0036926269531250 
0.0036926269531250 
0.0036926269531250 
0.0036849975585938 
0.0036849975585938 
0.0036926269531250 
0.0036849975585938 
0.0036773681640625 
0.0036697387695312 
0.0036697387695312 
0.0036621093750000 
0.0036697387695312 
0.0036773681640625 
0.0036773681640625 
0.0036849975585938 
0.0036849975585938 
0.0036849975585938 
0.0036773681640625 
0.0036697387695312 
0.0036697387695312 
0.0036621093750000 
0.0036544799804688 
0.0036544799804688 
0.0036621093750000 
0.0036621093750000 
0.0036697387695312 
0.0036773681640625 
0.0036773681640625 
0.0036773681640625 
0.0036773681640625 
0.0036697387695312 
0.0036773681640625 
0.0036697387695312 
0.0036697387695312 
0.0036773681640625 
0.0036849975585938 
0.0036773681640625 
0.0036697387695312 
0.0036621093750000 
0.0036544799804688 
0.0036621093750000 
0.0036621093750000 
0.0036697387695312 
0.0036621093750000 
0.0036621093750000 
0.0036697387695312 
0.0036697387695312 
0.0036773681640625 
0.0036773681640625 
0.0036697387695312 
0.0036773681640625 
0.0036697387695312 
0.0036773681640625 
0.0036697387695312 
0.0036621093750000 
0.0036544799804688 
0.0036621093750000 
0.0036697387695312 
0.0036697387695312 
0.0036621093750000 
0.0036697387695312 
0.0036773681640625 
0.0036773681640625 
0.0036849975585938 
0.0036773681640625 
0.0036773681640625 
0.0036697387695312 
0.0036697387695312 
0.0036621093750000 
0.0036621093750000 
0.0036697387695312 
0.0036773681640625 
0.0036773681640625 
0.0036849975585938 
0.0036849975585938 
0.0036926269531250 
0.0037002563476562 
0.0037078857421875 
0.0037002563476562 
0.0036926269531250 
0.0036849975585938 
0.0036849975585938 
0.0036773681640625 
0.0036773681640625 
0.0036849975585938 
0.0036926269531250 
0.0037002563476562 
0.0037078857421875 
0.0037002563476562 
0.0036926269531250 
0.0036849975585938 
0.0036773681640625 
0.0036849975585938 
0.0036926269531250 
0.0037002563476562 
0.0036926269531250 
0.0036926269531250 
0.0036926269531250 
0.0037002563476562 
0.0037002563476562 
0.0037002563476562 
0.0037078857421875 
0.0037078857421875 
0.0037155151367188 
0.0037231445312500 
0.0037307739257812 
0.0037307739257812 
0.0037384033203125 
0.0037384033203125 
0.0037307739257812 
0.0037231445312500 
0.0037307739257812 
0.0037231445312500 
0.0037231445312500 
0.0037231445312500 
0.0037231445312500 
0.0037307739257812 
0.0037307739257812 
0.0037384033203125 
0.0037460327148438 
0.0037460327148438 
0.0037384033203125 
0.0037307739257812 
0.0037231445312500 
0.0037307739257812 
0.0037307739257812 
0.0037307739257812 
0.0037384033203125 
0.0037307739257812 
0.0037384033203125 
0.0037460327148438 
0.0037460327148438 
0.0037384033203125 
0.0037384033203125 
0.0037307739257812 
0.0037384033203125 
0.0037307739257812 
0.0037307739257812 
0.0037307739257812 
0.0037384033203125 
0.0037307739257812 
0.0037384033203125 
0.0037384033203125 
0.0037384033203125 
0.0037307739257812 
0.0037231445312500 
0.0037231445312500 
0.0037307739257812 
0.0037307739257812 
0.0037307739257812 
0.0037231445312500 
0.0037307739257812 
0.0037384033203125 
0.0037307739257812 
0.0037384033203125 
0.0037384033203125 
0.0037460327148438 
0.0037460327148438 
0.0037384033203125 
0.0037307739257812 
0.0037307739257812 
0.0037231445312500 
0.0037155151367188 
0.0037155151367188 
0.0037078857421875 
0.0037155151367188 
0.0037155151367188 
0.0037078857421875 
0.0037155151367188 
0.0037078857421875 
0.0037155151367188 
0.0037078857421875 
0.0037002563476562 
0.0037078857421875 
0.0037155151367188 
0.0037231445312500 
0.0037307739257812 
0.0037384033203125 
0.0037384033203125 
0.0037384033203125 
0.0037460327148438 
0.0037536621093750 
0.0037536621093750 
0.0037460327148438 
0.0037384033203125 
0.0037460327148438 
0.0037384033203125 
0.0037384033203125 
0.0037307739257812 
0.0037384033203125 
0.0037307739257812 
0.0037384033203125 
0.0037460327148438 
0.0037384033203125 
0.0037460327148438 
0.0037460327148438 
0.0037536621093750 
0.0037612915039062 
0.0037689208984375 
0.0037689208984375 
0.0037612915039062 
0.0037689208984375 
0.0037612915039062 
0.0037689208984375 
0.0037689208984375 
0.0037765502929688 
0.0037765502929688 
0.0037765502929688 
0.0037689208984375 
0.0037689208984375 
0.0037765502929688 
0.0037765502929688 
0.0037841796875000 
0.0037765502929688 
0.0037765502929688 
0.0037765502929688 
0.0037841796875000 
0.0037918090820312 
0.0037994384765625 
0.0037994384765625 
0.0037994384765625 
0.0038070678710938 
0.0038146972656250 
0.0038070678710938 
0.0037994384765625 
0.0037918090820312 
0.0037994384765625 
0.0038070678710938 
0.0038070678710938 
0.0038070678710938 
0.0038146972656250 
0.0038146972656250 
0.0038223266601562 
0.0038223266601562 
0.0038223266601562 
0.0038299560546875 
0.0038299560546875 
0.0038223266601562 
0.0038146972656250 
0.0038070678710938 
0.0037994384765625 
0.0038070678710938 
0.0037994384765625 
0.0038070678710938 
0.0038146972656250 
0.0038223266601562 
0.0038223266601562 
0.0038146972656250 
0.0038070678710938 
0.0038146972656250 
0.0038070678710938 
0.0038070678710938 
0.0037994384765625 
0.0037994384765625 
0.0038070678710938 
0.0038070678710938 
0.0038070678710938 
0.0038146972656250 
0.0038223266601562 
0.0038146972656250 
0.0038146972656250 
0.0038146972656250 
0.0038223266601562 
0.0038146972656250 
0.0038146972656250 
0.0038223266601562 
0.0038223266601562 
0.0038146972656250 
0.0038146972656250 
0.0038146972656250 
0.0038070678710938 
0.0038146972656250 
0.0038146972656250 
0.0038146972656250 
0.0038223266601562 
0.0038146972656250 
0.0038223266601562 
0.0038223266601562 
0.0038299560546875 
0.0038299560546875 
0.0038223266601562 
0.0038299560546875 
0.0038375854492188 
0.0038375854492188 
0.0038299560546875 
0.0038375854492188 
0.0038375854492188 
0.0038299560546875 
0.0038299560546875 
0.0038299560546875 
0.0038375854492188 
0.0038452148437500 
0.0038452148437500 
0.0038452148437500 
0.0038375854492188 
0.0038375854492188 
0.0038452148437500 
0.0038375854492188 
0.0038299560546875 
0.0038375854492188 
0.0038375854492188 
0.0038375854492188 
0.0038452148437500 
0.0038528442382812 
0.0038604736328125 
0.0038604736328125 
0.0038528442382812 
0.0038604736328125 
0.0038604736328125 
0.0038681030273438 
0.0038604736328125 
0.0038604736328125 
0.0038604736328125 
0.0038528442382812 
0.0038452148437500 
0.0038375854492188 
0.0038452148437500 
0.0038375854492188 
0.0038299560546875 
0.0038299560546875 
0.0038223266601562 
0.0038223266601562 
0.0038299560546875 
0.0038223266601562 
0.0038299560546875 
0.0038299560546875 
0.0038375854492188 
0.0038452148437500 
0.0038452148437500 
0.0038452148437500 
0.0038375854492188 
0.0038375854492188 
0.0038452148437500 
0.0038528442382812 
0.0038604736328125 
0.0038528442382812 
0.0038452148437500 
0.0038375854492188 
0.0038375854492188 
0.0038375854492188 
0.0038375854492188 
0.0038375854492188 
0.0038375854492188 
0.0038375854492188 
0.0038299560546875 
0.0038223266601562 
0.0038146972656250 
0.0038070678710938 
0.0038070678710938 
0.0038146972656250 
0.0038070678710938 
0.0038146972656250 
0.0038223266601562 
0.0038146972656250 
0.0038070678710938 
0.0038146972656250 
0.0038070678710938 
0.0037994384765625 
0.0037918090820312 
0.0037841796875000 
0.0037765502929688 
0.0037689208984375 
0.0037612915039062 
0.0037689208984375 
0.0037765502929688 
0.0037689208984375 
0.0037689208984375 
0.0037612915039062 
0.0037689208984375 
0.0037765502929688 
0.0037765502929688 
0.0037841796875000 
0.0037765502929688 
0.0037841796875000 
0.0037765502929688 
0.0037689208984375 
0.0037612915039062 
0.0037612915039062 
0.0037689208984375 
0.0037612915039062 
0.0037612915039062 
0.0037689208984375 
0.0037689208984375 
0.0037765502929688 
0.0037689208984375 
0.0037689208984375 
0.0037612915039062 
0.0037689208984375 
0.0037689208984375 
0.0037765502929688 
0.0037841796875000 
0.0037841796875000 
0.0037765502929688 
0.0037765502929688 
0.0037841796875000 
0.0037765502929688 
0.0037765502929688 
0.0037689208984375 
0.0037689208984375 
0.0037612915039062 
0.0037689208984375 
0.0037612915039062 
0.0037612915039062 
0.0037536621093750 
0.0037536621093750 
0.0037460327148438 
0.0037384033203125 
0.0037384033203125 
0.0037384033203125 
0.0037460327148438 
0.0037536621093750 
0.0037612915039062 
0.0037689208984375 
0.0037689208984375 
0.0037765502929688 
0.0037689208984375 
0.0037612915039062 
0.0037612915039062 
0.0037689208984375 
0.0037689208984375 
0.0037689208984375 
0.0037765502929688 
0.0037689208984375 
0.0037689208984375 
0.0037689208984375 
0.0037689208984375 
0.0037689208984375 
0.0037612915039062 
0.0037536621093750 
0.0037460327148438 
0.0037536621093750 
0.0037612915039062 
0.0037536621093750 
0.0037536621093750 
0.0037612915039062 
0.0037536621093750 
0.0037536621093750 
0.0037460327148438 
0.0037384033203125 
0.0037307739257812 
0.0037384033203125 
0.0037460327148438 
0.0037384033203125 
0.0037307739257812 
0.0037307739257812 
0.0037384033203125 
0.0037460327148438 
0.0037460327148438 
0.0037384033203125 
0.0037307739257812 
0.0037307739257812 
0.0037307739257812 
0.0037384033203125 
0.0037460327148438 
0.0037460327148438 
0.0037536621093750 
0.0037460327148438 
0.0037460327148438 
0.0037460327148438 
0.0037384033203125 
0.0037384033203125 
0.0037460327148438 
0.0037536621093750 
0.0037536621093750 
0.0037536621093750 
0.0037536621093750 
0.0037460327148438 
0.0037536621093750 
0.0037612915039062 
0.0037689208984375 
0.0037689208984375 
0.0037765502929688 
0.0037765502929688 
0.0037841796875000 
0.0037918090820312 
0.0037994384765625 
0.0037918090820312 
0.0037841796875000 
0.0037918090820312 
0.0037918090820312 
0.0037994384765625 
0.0037994384765625 
0.0037918090820312 
0.0037841796875000 
0.0037765502929688 
0.0037689208984375 
0.0037612915039062 
0.0037612915039062 
0.0037689208984375 
0.0037765502929688 
0.0037765502929688 
0.0037765502929688 
0.0037689208984375 
0.0037689208984375 
0.0037689208984375 
0.0037765502929688 
0.0037765502929688 
0.0037765502929688 
0.0037765502929688 
0.0037689208984375 
0.0037765502929688 
0.0037689208984375 
0.0037689208984375 
0.0037765502929688 
0.0037689208984375 
0.0037612915039062 
0.0037612915039062 
0.0037689208984375 
0.0037612915039062 
0.0037536621093750 
0.0037612915039062 
0.0037536621093750 
0.0037536621093750 
0.0037536621093750 
0.0037536621093750 
0.0037612915039062 
0.0037536621093750 
0.0037612915039062 
0.0037612915039062 
0.0037536621093750 
0.0037612915039062 
0.0037536621093750 
0.0037536621093750 
0.0037612915039062 
0.0037689208984375 
0.0037612915039062 
0.0037689208984375 
0.0037612915039062 
0.0037612915039062 
0.0037612915039062 
0.0037612915039062 
0.0037689208984375 
0.0037612915039062 
0.0037536621093750 
0.0037460327148438 
0.0037384033203125 
0.0037307739257812 
0.0037231445312500 
0.0037307739257812 
0.0037384033203125 
0.0037307739257812 
0.0037384033203125 
0.0037384033203125 
0.0037384033203125 
0.0037460327148438 
0.0037384033203125 
0.0037384033203125 
0.0037384033203125 
0.0037384033203125 
0.0037384033203125 
0.0037460327148438 
0.0037536621093750 
0.0037536621093750 
0.0037612915039062 
0.0037689208984375 
0.0037612915039062 
0.0037536621093750 
0.0037536621093750 
0.0037536621093750 
0.0037612915039062 
0.0037612915039062 
0.0037612915039062 
0.0037612915039062 
0.0037536621093750 
0.0037460327148438 
0.0037536621093750 
0.0037536621093750 
0.0037536621093750 
0.0037536621093750 
0.0037536621093750 
0.0037460327148438 
0.0037536621093750 
0.0037612915039062 
0.0037689208984375 
0.0037612915039062 
0.0037612915039062 
0.0037536621093750 
0.0037612915039062 
0.0037536621093750 
0.0037460327148438 
0.0037536621093750 
0.0037536621093750 
0.0037536621093750 
0.0037612915039062 
