0.0009613037109375 
0.0009536743164062 
0.0009613037109375 
0.0009536743164062 
0.0009460449218750 
0.0009536743164062 
0.0009536743164062 
0.0009613037109375 
0.0009689331054688 
0.0009765625000000 
0.0009841918945312 
0.0009765625000000 
0.0009841918945312 
0.0009765625000000 
0.0009841918945312 
0.0009765625000000 
0.0009689331054688 
0.0009613037109375 
0.0009613037109375 
0.0009689331054688 
0.0009613037109375 
0.0009689331054688 
0.0009689331054688 
0.0009613037109375 
0.0009613037109375 
0.0009689331054688 
0.0009613037109375 
0.0009689331054688 
0.0009613037109375 
0.0009689331054688 
0.0009613037109375 
0.0009689331054688 
0.0009765625000000 
0.0009689331054688 
0.0009613037109375 
0.0009536743164062 
0.0009613037109375 
0.0009689331054688 
0.0009613037109375 
0.0009536743164062 
0.0009613037109375 
0.0009536743164062 
0.0009536743164062 
0.0009536743164062 
0.0009613037109375 
0.0009689331054688 
0.0009613037109375 
0.0009689331054688 
0.0009765625000000 
0.0009841918945312 
0.0009765625000000 
0.0009841918945312 
0.0009918212890625 
0.0009918212890625 
0.0009994506835938 
0.0009918212890625 
0.0009918212890625 
0.0009994506835938 
0.0010070800781250 
0.0009994506835938 
0.0009994506835938 
0.0010070800781250 
0.0010147094726562 
0.0010070800781250 
0.0010070800781250 
0.0010147094726562 
0.0010223388671875 
0.0010147094726562 
0.0010147094726562 
0.0010147094726562 
0.0010070800781250 
0.0009994506835938 
0.0009918212890625 
0.0009994506835938 
0.0009918212890625 
0.0009841918945312 
0.0009918212890625 
0.0009918212890625 
0.0009841918945312 
0.0009765625000000 
0.0009689331054688 
0.0009765625000000 
0.0009841918945312 
0.0009918212890625 
0.0009994506835938 
0.0010070800781250 
0.0009994506835938 
0.0009994506835938 
0.0009918212890625 
0.0009994506835938 
0.0009994506835938 
0.0010070800781250 
0.0010147094726562 
0.0010147094726562 
0.0010147094726562 
0.0010070800781250 
0.0010147094726562 
0.0010070800781250 
0.0010147094726562 
0.0010223388671875 
0.0010223388671875 
0.0010299682617188 
0.0010299682617188 
0.0010223388671875 
0.0010223388671875 
0.0010223388671875 
0.0010147094726562 
0.0010223388671875 
0.0010223388671875 
0.0010299682617188 
0.0010375976562500 
0.0010452270507812 
0.0010452270507812 
0.0010528564453125 
0.0010528564453125 
0.0010452270507812 
0.0010375976562500 
0.0010452270507812 
0.0010452270507812 
0.0010375976562500 
0.0010299682617188 
0.0010223388671875 
0.0010147094726562 
0.0010147094726562 
0.0010070800781250 
0.0009994506835938 
0.0009994506835938 
0.0009994506835938 
0.0009918212890625 
0.0009841918945312 
0.0009918212890625 
0.0009841918945312 
0.0009841918945312 
0.0009765625000000 
0.0009841918945312 
0.0009765625000000 
0.0009689331054688 
0.0009613037109375 
0.0009613037109375 
0.0009689331054688 
0.0009613037109375 
0.0009689331054688 
0.0009765625000000 
0.0009841918945312 
0.0009918212890625 
0.0009994506835938 
0.0010070800781250 
0.0010070800781250 
0.0010147094726562 
0.0010147094726562 
0.0010070800781250 
0.0010147094726562 
0.0010147094726562 
0.0010147094726562 
0.0010147094726562 
0.0010223388671875 
0.0010147094726562 
0.0010070800781250 
0.0010147094726562 
0.0010223388671875 
0.0010299682617188 
0.0010299682617188 
0.0010223388671875 
0.0010299682617188 
0.0010375976562500 
0.0010299682617188 
0.0010299682617188 
0.0010299682617188 
0.0010375976562500 
0.0010375976562500 
0.0010299682617188 
0.0010223388671875 
0.0010147094726562 
0.0010147094726562 
0.0010070800781250 
0.0010147094726562 
0.0010223388671875 
0.0010299682617188 
0.0010375976562500 
0.0010299682617188 
0.0010223388671875 
0.0010223388671875 
0.0010147094726562 
0.0010070800781250 
0.0010070800781250 
0.0010070800781250 
0.0009994506835938 
0.0009918212890625 
0.0009994506835938 
0.0010070800781250 
0.0009994506835938 
0.0010070800781250 
0.0010147094726562 
0.0010147094726562 
0.0010223388671875 
0.0010299682617188 
0.0010223388671875 
0.0010299682617188 
0.0010375976562500 
0.0010452270507812 
0.0010375976562500 
0.0010299682617188 
0.0010223388671875 
0.0010299682617188 
0.0010299682617188 
0.0010223388671875 
0.0010223388671875 
0.0010299682617188 
0.0010299682617188 
0.0010223388671875 
0.0010299682617188 
0.0010299682617188 
0.0010299682617188 
0.0010375976562500 
0.0010375976562500 
0.0010299682617188 
0.0010223388671875 
0.0010147094726562 
0.0010070800781250 
0.0010147094726562 
0.0010147094726562 
0.0010147094726562 
0.0010223388671875 
0.0010147094726562 
0.0010147094726562 
0.0010070800781250 
0.0009994506835938 
0.0009994506835938 
0.0010070800781250 
0.0010070800781250 
0.0009994506835938 
0.0009918212890625 
0.0009994506835938 
0.0009918212890625 
0.0009994506835938 
0.0010070800781250 
0.0010147094726562 
0.0010223388671875 
0.0010299682617188 
0.0010375976562500 
0.0010375976562500 
0.0010452270507812 
0.0010452270507812 
0.0010528564453125 
0.0010528564453125 
0.0010452270507812 
0.0010375976562500 
0.0010452270507812 
0.0010452270507812 
0.0010528564453125 
0.0010528564453125 
0.0010604858398438 
0.0010681152343750 
0.0010757446289062 
0.0010833740234375 
0.0010910034179688 
0.0010910034179688 
0.0010833740234375 
0.0010833740234375 
0.0010910034179688 
0.0010833740234375 
0.0010910034179688 
0.0010833740234375 
0.0010833740234375 
0.0010910034179688 
0.0010910034179688 
0.0010986328125000 
0.0010986328125000 
0.0010986328125000 
0.0010986328125000 
0.0010986328125000 
0.0010986328125000 
0.0010910034179688 
0.0010986328125000 
0.0010986328125000 
0.0011062622070312 
0.0010986328125000 
0.0010986328125000 
0.0010910034179688 
0.0010833740234375 
0.0010833740234375 
0.0010910034179688 
0.0010910034179688 
0.0010910034179688 
0.0010986328125000 
0.0010910034179688 
0.0010833740234375 
0.0010757446289062 
0.0010681152343750 
0.0010757446289062 
0.0010681152343750 
0.0010604858398438 
0.0010681152343750 
0.0010604858398438 
0.0010681152343750 
0.0010757446289062 
0.0010833740234375 
0.0010910034179688 
0.0010910034179688 
0.0010833740234375 
0.0010833740234375 
0.0010757446289062 
0.0010833740234375 
0.0010757446289062 
0.0010833740234375 
0.0010910034179688 
0.0010986328125000 
0.0010910034179688 
0.0010986328125000 
0.0010986328125000 
0.0011062622070312 
0.0011138916015625 
0.0011138916015625 
0.0011215209960938 
0.0011291503906250 
0.0011291503906250 
0.0011215209960938 
0.0011138916015625 
0.0011215209960938 
0.0011291503906250 
0.0011215209960938 
0.0011215209960938 
0.0011138916015625 
0.0011062622070312 
0.0011062622070312 
0.0011138916015625 
0.0011138916015625 
0.0011138916015625 
0.0011138916015625 
0.0011062622070312 
0.0010986328125000 
0.0010910034179688 
0.0010986328125000 
0.0010986328125000 
0.0010910034179688 
0.0010986328125000 
0.0010986328125000 
0.0010986328125000 
0.0011062622070312 
0.0011138916015625 
0.0011062622070312 
0.0011062622070312 
0.0011138916015625 
0.0011138916015625 
0.0011215209960938 
0.0011215209960938 
0.0011291503906250 
0.0011291503906250 
0.0011215209960938 
0.0011291503906250 
0.0011291503906250 
0.0011215209960938 
0.0011291503906250 
0.0011291503906250 
0.0011367797851562 
0.0011291503906250 
0.0011215209960938 
0.0011291503906250 
0.0011215209960938 
0.0011215209960938 
0.0011138916015625 
0.0011215209960938 
0.0011291503906250 
0.0011367797851562 
0.0011291503906250 
0.0011291503906250 
0.0011215209960938 
0.0011138916015625 
0.0011062622070312 
0.0011138916015625 
0.0011062622070312 
0.0010986328125000 
0.0011062622070312 
0.0011062622070312 
0.0010986328125000 
0.0011062622070312 
0.0011138916015625 
0.0011138916015625 
0.0011215209960938 
0.0011138916015625 
0.0011062622070312 
0.0011062622070312 
0.0011062622070312 
0.0011138916015625 
0.0011215209960938 
0.0011291503906250 
0.0011367797851562 
0.0011444091796875 
0.0011520385742188 
0.0011596679687500 
0.0011672973632812 
0.0011672973632812 
0.0011596679687500 
0.0011596679687500 
0.0011596679687500 
0.0011520385742188 
0.0011444091796875 
0.0011520385742188 
0.0011520385742188 
0.0011444091796875 
0.0011367797851562 
0.0011291503906250 
0.0011291503906250 
0.0011367797851562 
0.0011367797851562 
0.0011291503906250 
0.0011291503906250 
0.0011291503906250 
0.0011215209960938 
0.0011138916015625 
0.0011138916015625 
0.0011215209960938 
0.0011215209960938 
0.0011215209960938 
0.0011291503906250 
0.0011291503906250 
0.0011367797851562 
0.0011291503906250 
0.0011291503906250 
0.0011367797851562 
0.0011291503906250 
0.0011367797851562 
0.0011444091796875 
0.0011367797851562 
0.0011291503906250 
0.0011215209960938 
0.0011291503906250 
0.0011367797851562 
0.0011367797851562 
0.0011444091796875 
0.0011367797851562 
0.0011367797851562 
0.0011367797851562 
0.0011367797851562 
0.0011367797851562 
0.0011291503906250 
0.0011215209960938 
0.0011215209960938 
0.0011215209960938 
0.0011138916015625 
0.0011215209960938 
0.0011215209960938 
0.0011215209960938 
0.0011215209960938 
0.0011215209960938 
0.0011291503906250 
0.0011215209960938 
0.0011138916015625 
0.0011215209960938 
0.0011291503906250 
0.0011367797851562 
0.0011444091796875 
0.0011444091796875 
0.0011367797851562 
0.0011444091796875 
0.0011367797851562 
0.0011291503906250 
0.0011215209960938 
0.0011138916015625 
0.0011138916015625 
0.0011215209960938 
0.0011215209960938 
0.0011215209960938 
0.0011291503906250 
0.0011367797851562 
0.0011367797851562 
0.0011367797851562 
0.0011444091796875 
0.0011520385742188 
0.0011444091796875 
0.0011367797851562 
0.0011367797851562 
0.0011444091796875 
0.0011367797851562 
0.0011291503906250 
0.0011215209960938 
0.0011215209960938 
0.0011291503906250 
0.0011215209960938 
0.0011291503906250 
0.0011215209960938 
0.0011138916015625 
0.0011215209960938 
0.0011138916015625 
0.0011062622070312 
0.0011138916015625 
0.0011215209960938 
0.0011138916015625 
0.0011138916015625 
0.0011062622070312 
0.0011138916015625 
0.0011215209960938 
0.0011291503906250 
0.0011367797851562 
0.0011367797851562 
0.0011291503906250 
0.0011215209960938 
0.0011291503906250 
0.0011291503906250 
0.0011367797851562 
0.0011367797851562 
0.0011291503906250 
0.0011367797851562 
0.0011291503906250 
0.0011215209960938 
0.0011215209960938 
0.0011138916015625 
0.0011062622070312 
0.0011138916015625 
0.0011062622070312 
0.0010986328125000 
0.0010986328125000 
0.0010986328125000 
0.0010910034179688 
0.0010833740234375 
0.0010757446289062 
0.0010757446289062 
0.0010757446289062 
0.0010757446289062 
0.0010833740234375 
0.0010757446289062 
0.0010833740234375 
0.0010833740234375 
0.0010757446289062 
0.0010681152343750 
0.0010681152343750 
0.0010757446289062 
0.0010833740234375 
0.0010757446289062 
0.0010681152343750 
0.0010604858398438 
0.0010528564453125 
0.0010452270507812 
0.0010528564453125 
0.0010528564453125 
0.0010604858398438 
0.0010681152343750 
0.0010604858398438 
0.0010528564453125 
0.0010604858398438 
0.0010604858398438 
0.0010604858398438 
0.0010604858398438 
0.0010528564453125 
0.0010604858398438 
0.0010604858398438 
0.0010681152343750 
0.0010604858398438 
0.0010681152343750 
0.0010681152343750 
0.0010681152343750 
0.0010681152343750 
0.0010757446289062 
0.0010833740234375 
0.0010910034179688 
0.0010986328125000 
0.0011062622070312 
0.0010986328125000 
0.0010910034179688 
0.0010986328125000 
0.0011062622070312 
0.0011062622070312 
0.0011138916015625 
0.0011215209960938 
0.0011215209960938 
0.0011138916015625 
0.0011215209960938 
0.0011215209960938 
0.0011138916015625 
0.0011215209960938 
0.0011215209960938 
0.0011215209960938 
0.0011215209960938 
0.0011291503906250 
0.0011367797851562 
0.0011367797851562 
0.0011291503906250 
0.0011215209960938 
0.0011215209960938 
0.0011215209960938 
0.0011291503906250 
0.0011367797851562 
0.0011444091796875 
0.0011367797851562 
0.0011291503906250 
0.0011215209960938 
0.0011291503906250 
0.0011367797851562 
0.0011291503906250 
0.0011367797851562 
0.0011291503906250 
0.0011215209960938 
0.0011215209960938 
0.0011215209960938 
0.0011215209960938 
0.0011215209960938 
0.0011291503906250 
0.0011367797851562 
0.0011444091796875 
0.0011367797851562 
0.0011444091796875 
0.0011520385742188 
0.0011520385742188 
0.0011596679687500 
0.0011596679687500 
0.0011520385742188 
0.0011444091796875 
0.0011520385742188 
0.0011596679687500 
0.0011596679687500 
0.0011672973632812 
0.0011749267578125 
0.0011672973632812 
0.0011596679687500 
0.0011520385742188 
0.0011444091796875 
0.0011367797851562 
0.0011291503906250 
0.0011367797851562 
0.0011367797851562 
0.0011444091796875 
0.0011444091796875 
0.0011520385742188 
0.0011520385742188 
0.0011520385742188 
0.0011520385742188 
0.0011520385742188 
0.0011596679687500 
0.0011672973632812 
0.0011749267578125 
0.0011825561523438 
0.0011825561523438 
0.0011749267578125 
0.0011672973632812 
0.0011749267578125 
0.0011672973632812 
0.0011749267578125 
0.0011825561523438 
0.0011901855468750 
0.0011825561523438 
0.0011749267578125 
0.0011672973632812 
0.0011672973632812 
0.0011596679687500 
0.0011520385742188 
0.0011520385742188 
0.0011596679687500 
0.0011520385742188 
0.0011444091796875 
0.0011520385742188 
0.0011596679687500 
0.0011596679687500 
0.0011672973632812 
0.0011672973632812 
0.0011672973632812 
0.0011749267578125 
0.0011672973632812 
0.0011596679687500 
0.0011596679687500 
0.0011520385742188 
0.0011596679687500 
0.0011596679687500 
0.0011672973632812 
0.0011596679687500 
0.0011520385742188 
0.0011444091796875 
0.0011367797851562 
0.0011367797851562 
0.0011367797851562 
0.0011444091796875 
0.0011444091796875 
0.0011444091796875 
0.0011367797851562 
0.0011444091796875 
0.0011520385742188 
0.0011520385742188 
0.0011596679687500 
0.0011672973632812 
0.0011672973632812 
0.0011596679687500 
0.0011520385742188 
0.0011444091796875 
0.0011444091796875 
0.0011520385742188 
0.0011596679687500 
0.0011520385742188 
0.0011596679687500 
0.0011520385742188 
0.0011520385742188 
0.0011444091796875 
0.0011367797851562 
0.0011444091796875 
0.0011367797851562 
0.0011291503906250 
0.0011215209960938 
0.0011215209960938 
0.0011138916015625 
0.0011138916015625 
0.0011062622070312 
0.0011138916015625 
0.0011138916015625 
0.0011138916015625 
0.0011215209960938 
0.0011215209960938 
0.0011215209960938 
0.0011291503906250 
0.0011367797851562 
0.0011291503906250 
0.0011367797851562 
0.0011444091796875 
0.0011520385742188 
0.0011596679687500 
0.0011672973632812 
0.0011749267578125 
0.0011672973632812 
0.0011672973632812 
0.0011596679687500 
0.0011520385742188 
0.0011444091796875 
0.0011367797851562 
0.0011444091796875 
0.0011444091796875 
0.0011367797851562 
0.0011367797851562 
0.0011291503906250 
0.0011291503906250 
0.0011367797851562 
0.0011291503906250 
0.0011291503906250 
0.0011367797851562 
0.0011291503906250 
0.0011215209960938 
0.0011138916015625 
0.0011215209960938 
0.0011138916015625 
0.0011138916015625 
0.0011215209960938 
0.0011138916015625 
0.0011062622070312 
0.0010986328125000 
0.0010910034179688 
0.0010910034179688 
0.0010910034179688 
0.0010910034179688 
0.0010986328125000 
0.0010910034179688 
0.0010833740234375 
0.0010757446289062 
0.0010833740234375 
0.0010833740234375 
0.0010833740234375 
0.0010910034179688 
0.0010833740234375 
0.0010757446289062 
0.0010833740234375 
0.0010910034179688 
0.0010986328125000 
0.0011062622070312 
0.0010986328125000 
0.0010910034179688 
0.0010833740234375 
0.0010910034179688 
0.0010910034179688 
0.0010986328125000 
0.0010910034179688 
0.0010986328125000 
0.0010910034179688 
0.0010910034179688 
0.0010986328125000 
0.0010910034179688 
0.0010986328125000 
0.0010986328125000 
0.0011062622070312 
0.0011138916015625 
0.0011215209960938 
0.0011138916015625 
0.0011215209960938 
0.0011291503906250 
0.0011291503906250 
0.0011215209960938 
0.0011215209960938 
0.0011215209960938 
0.0011291503906250 
0.0011291503906250 
0.0011215209960938 
0.0011291503906250 
0.0011291503906250 
0.0011215209960938 
0.0011138916015625 
0.0011062622070312 
0.0010986328125000 
0.0010910034179688 
0.0010910034179688 
0.0010986328125000 
0.0010910034179688 
0.0010986328125000 
0.0011062622070312 
0.0011138916015625 
0.0011062622070312 
0.0010986328125000 
0.0010910034179688 
0.0010910034179688 
0.0010910034179688 
0.0010910034179688 
0.0010986328125000 
0.0010910034179688 
0.0010986328125000 
0.0010910034179688 
0.0010986328125000 
0.0011062622070312 
0.0011138916015625 
0.0011062622070312 
0.0010986328125000 
0.0011062622070312 
0.0011138916015625 
0.0011138916015625 
0.0011138916015625 
0.0011215209960938 
0.0011291503906250 
0.0011215209960938 
0.0011138916015625 
0.0011138916015625 
0.0011062622070312 
0.0011062622070312 
0.0011062622070312 
0.0011138916015625 
0.0011138916015625 
0.0011138916015625 
0.0011215209960938 
0.0011215209960938 
0.0011138916015625 
0.0011215209960938 
0.0011138916015625 
0.0011138916015625 
0.0011138916015625 
0.0011215209960938 
0.0011138916015625 
0.0011215209960938 
0.0011291503906250 
0.0011291503906250 
0.0011215209960938 
0.0011138916015625 
0.0011215209960938 
0.0011215209960938 
0.0011138916015625 
0.0011138916015625 
0.0011138916015625 
0.0011062622070312 
0.0011138916015625 
0.0011215209960938 
0.0011138916015625 
0.0011062622070312 
0.0011062622070312 
0.0011062622070312 
0.0011138916015625 
0.0011062622070312 
0.0011138916015625 
0.0011062622070312 
0.0010986328125000 
0.0011062622070312 
0.0010986328125000 
0.0011062622070312 
0.0010986328125000 
0.0011062622070312 
0.0010986328125000 
0.0011062622070312 
0.0010986328125000 
0.0011062622070312 
0.0011138916015625 
0.0011215209960938 
0.0011291503906250 
0.0011367797851562 
0.0011444091796875 
0.0011367797851562 
0.0011367797851562 
0.0011444091796875 
0.0011367797851562 
0.0011367797851562 
0.0011444091796875 
0.0011520385742188 
0.0011444091796875 
0.0011444091796875 
0.0011520385742188 
0.0011520385742188 
0.0011596679687500 
0.0011520385742188 
0.0011444091796875 
0.0011444091796875 
0.0011367797851562 
0.0011444091796875 
0.0011520385742188 
0.0011596679687500 
0.0011596679687500 
0.0011520385742188 
0.0011596679687500 
0.0011520385742188 
0.0011444091796875 
0.0011444091796875 
0.0011367797851562 
0.0011291503906250 
0.0011215209960938 
0.0011291503906250 
0.0011291503906250 
0.0011367797851562 
0.0011444091796875 
0.0011444091796875 
0.0011520385742188 
0.0011520385742188 
0.0011596679687500 
0.0011520385742188 
0.0011444091796875 
0.0011367797851562 
0.0011291503906250 
0.0011215209960938 
0.0011138916015625 
0.0011062622070312 
0.0011138916015625 
0.0011062622070312 
0.0011062622070312 
0.0011062622070312 
0.0010986328125000 
0.0011062622070312 
0.0010986328125000 
0.0011062622070312 
0.0010986328125000 
0.0010986328125000 
0.0010910034179688 
0.0010910034179688 
0.0010910034179688 
0.0010986328125000 
0.0011062622070312 
0.0011062622070312 
0.0011138916015625 
0.0011062622070312 
0.0010986328125000 
0.0010910034179688 
0.0010986328125000 
0.0010910034179688 
0.0010910034179688 
0.0010910034179688 
0.0010833740234375 
0.0010757446289062 
0.0010681152343750 
0.0010681152343750 
0.0010604858398438 
0.0010681152343750 
0.0010604858398438 
0.0010528564453125 
0.0010452270507812 
0.0010452270507812 
0.0010452270507812 
0.0010528564453125 
0.0010528564453125 
0.0010452270507812 
0.0010375976562500 
0.0010375976562500 
0.0010375976562500 
0.0010299682617188 
0.0010299682617188 
0.0010299682617188 
0.0010375976562500 
0.0010375976562500 
0.0010299682617188 
0.0010375976562500 
0.0010375976562500 
0.0010375976562500 
0.0010299682617188 
0.0010223388671875 
0.0010147094726562 
0.0010223388671875 
0.0010299682617188 
0.0010299682617188 
0.0010223388671875 
0.0010147094726562 
0.0010070800781250 
0.0010147094726562 
0.0010070800781250 
0.0010070800781250 
0.0010147094726562 
0.0010223388671875 
0.0010223388671875 
0.0010223388671875 
0.0010147094726562 
0.0010147094726562 
0.0010070800781250 
0.0010147094726562 
0.0010070800781250 
0.0010070800781250 
0.0009994506835938 
0.0009994506835938 
0.0009918212890625 
0.0009841918945312 
0.0009918212890625 
0.0009841918945312 
0.0009918212890625 
0.0009841918945312 
0.0009918212890625 
0.0009918212890625 
0.0009841918945312 
0.0009918212890625 
