0.0018615722656250 
0.0018615722656250 
0.0018692016601562 
0.0018768310546875 
0.0018844604492188 
0.0018768310546875 
0.0018844604492188 
0.0018768310546875 
0.0018844604492188 
0.0018844604492188 
0.0018768310546875 
0.0018692016601562 
0.0018615722656250 
0.0018692016601562 
0.0018768310546875 
0.0018692016601562 
0.0018692016601562 
0.0018692016601562 
0.0018768310546875 
0.0018844604492188 
0.0018768310546875 
0.0018768310546875 
0.0018844604492188 
0.0018844604492188 
0.0018844604492188 
0.0018920898437500 
0.0018997192382812 
0.0018920898437500 
0.0018844604492188 
0.0018920898437500 
0.0018997192382812 
0.0019073486328125 
0.0018997192382812 
0.0019073486328125 
0.0019149780273438 
0.0019149780273438 
0.0019226074218750 
0.0019302368164062 
0.0019302368164062 
0.0019226074218750 
0.0019302368164062 
0.0019302368164062 
0.0019302368164062 
0.0019302368164062 
0.0019226074218750 
0.0019226074218750 
0.0019149780273438 
0.0019149780273438 
0.0019149780273438 
0.0019226074218750 
0.0019149780273438 
0.0019149780273438 
0.0019073486328125 
0.0018997192382812 
0.0018920898437500 
0.0018997192382812 
0.0018997192382812 
0.0018920898437500 
0.0018997192382812 
0.0018920898437500 
0.0018997192382812 
0.0018920898437500 
0.0018844604492188 
0.0018768310546875 
0.0018844604492188 
0.0018844604492188 
0.0018920898437500 
0.0018844604492188 
0.0018844604492188 
0.0018768310546875 
0.0018768310546875 
0.0018844604492188 
0.0018920898437500 
0.0018844604492188 
0.0018768310546875 
0.0018768310546875 
0.0018692016601562 
0.0018768310546875 
0.0018844604492188 
0.0018768310546875 
0.0018692016601562 
0.0018768310546875 
0.0018692016601562 
0.0018692016601562 
0.0018768310546875 
0.0018844604492188 
0.0018768310546875 
0.0018768310546875 
0.0018844604492188 
0.0018920898437500 
0.0018997192382812 
0.0018920898437500 
0.0018844604492188 
0.0018768310546875 
0.0018692016601562 
0.0018768310546875 
0.0018692016601562 
0.0018692016601562 
0.0018768310546875 
0.0018692016601562 
0.0018692016601562 
0.0018692016601562 
0.0018768310546875 
0.0018768310546875 
0.0018844604492188 
0.0018844604492188 
0.0018844604492188 
0.0018768310546875 
0.0018692016601562 
0.0018692016601562 
0.0018768310546875 
0.0018844604492188 
0.0018768310546875 
0.0018844604492188 
0.0018768310546875 
0.0018844604492188 
0.0018920898437500 
0.0018844604492188 
0.0018844604492188 
0.0018920898437500 
0.0018997192382812 
0.0018997192382812 
0.0019073486328125 
0.0019073486328125 
0.0019149780273438 
0.0019073486328125 
0.0018997192382812 
0.0019073486328125 
0.0018997192382812 
0.0019073486328125 
0.0018997192382812 
0.0019073486328125 
0.0018997192382812 
0.0019073486328125 
0.0018997192382812 
0.0018920898437500 
0.0018997192382812 
0.0018920898437500 
0.0018997192382812 
0.0019073486328125 
0.0019149780273438 
0.0019226074218750 
0.0019226074218750 
0.0019302368164062 
0.0019302368164062 
0.0019378662109375 
0.0019302368164062 
0.0019302368164062 
0.0019226074218750 
0.0019302368164062 
0.0019302368164062 
0.0019302368164062 
0.0019378662109375 
0.0019454956054688 
0.0019531250000000 
0.0019607543945312 
0.0019607543945312 
0.0019607543945312 
0.0019531250000000 
0.0019454956054688 
0.0019531250000000 
0.0019531250000000 
0.0019454956054688 
0.0019454956054688 
0.0019454956054688 
0.0019531250000000 
0.0019531250000000 
0.0019454956054688 
0.0019454956054688 
0.0019531250000000 
0.0019454956054688 
0.0019378662109375 
0.0019378662109375 
0.0019378662109375 
0.0019454956054688 
0.0019378662109375 
0.0019378662109375 
0.0019302368164062 
0.0019226074218750 
0.0019302368164062 
0.0019378662109375 
0.0019302368164062 
0.0019226074218750 
0.0019302368164062 
0.0019378662109375 
0.0019454956054688 
0.0019454956054688 
0.0019454956054688 
0.0019378662109375 
0.0019302368164062 
0.0019226074218750 
0.0019226074218750 
0.0019149780273438 
0.0019073486328125 
0.0018997192382812 
0.0019073486328125 
0.0018997192382812 
0.0019073486328125 
0.0019149780273438 
0.0019073486328125 
0.0019073486328125 
0.0019073486328125 
0.0019149780273438 
0.0019149780273438 
0.0019226074218750 
0.0019149780273438 
0.0019226074218750 
0.0019149780273438 
0.0019073486328125 
0.0018997192382812 
0.0019073486328125 
0.0018997192382812 
0.0019073486328125 
0.0019149780273438 
0.0019226074218750 
0.0019302368164062 
0.0019378662109375 
0.0019454956054688 
0.0019531250000000 
0.0019531250000000 
0.0019454956054688 
0.0019454956054688 
0.0019378662109375 
0.0019454956054688 
0.0019378662109375 
0.0019302368164062 
0.0019226074218750 
0.0019149780273438 
0.0019073486328125 
0.0019073486328125 
0.0018997192382812 
0.0018920898437500 
0.0018997192382812 
0.0018997192382812 
0.0018920898437500 
0.0018997192382812 
0.0018920898437500 
0.0018844604492188 
0.0018768310546875 
0.0018844604492188 
0.0018768310546875 
0.0018692016601562 
0.0018768310546875 
0.0018768310546875 
0.0018692016601562 
0.0018615722656250 
0.0018615722656250 
0.0018615722656250 
0.0018539428710938 
0.0018463134765625 
0.0018539428710938 
0.0018463134765625 
0.0018463134765625 
0.0018463134765625 
0.0018539428710938 
0.0018539428710938 
0.0018615722656250 
0.0018539428710938 
0.0018539428710938 
0.0018615722656250 
0.0018539428710938 
0.0018539428710938 
0.0018463134765625 
0.0018463134765625 
0.0018463134765625 
0.0018539428710938 
0.0018463134765625 
0.0018386840820312 
0.0018310546875000 
0.0018234252929688 
0.0018157958984375 
0.0018234252929688 
0.0018157958984375 
0.0018234252929688 
0.0018310546875000 
0.0018386840820312 
0.0018310546875000 
0.0018310546875000 
0.0018386840820312 
0.0018310546875000 
0.0018310546875000 
0.0018386840820312 
0.0018310546875000 
0.0018386840820312 
0.0018310546875000 
0.0018386840820312 
0.0018310546875000 
0.0018234252929688 
0.0018310546875000 
0.0018310546875000 
0.0018386840820312 
0.0018386840820312 
0.0018463134765625 
0.0018463134765625 
0.0018539428710938 
0.0018463134765625 
0.0018539428710938 
0.0018539428710938 
0.0018615722656250 
0.0018692016601562 
0.0018692016601562 
0.0018692016601562 
0.0018615722656250 
0.0018692016601562 
0.0018768310546875 
0.0018844604492188 
0.0018768310546875 
0.0018692016601562 
0.0018692016601562 
0.0018692016601562 
0.0018615722656250 
0.0018615722656250 
0.0018615722656250 
0.0018692016601562 
0.0018615722656250 
0.0018615722656250 
0.0018692016601562 
0.0018615722656250 
0.0018692016601562 
0.0018615722656250 
0.0018615722656250 
0.0018615722656250 
0.0018615722656250 
0.0018539428710938 
0.0018615722656250 
0.0018692016601562 
0.0018768310546875 
0.0018692016601562 
0.0018768310546875 
0.0018692016601562 
0.0018692016601562 
0.0018768310546875 
0.0018844604492188 
0.0018920898437500 
0.0018844604492188 
0.0018844604492188 
0.0018768310546875 
0.0018768310546875 
0.0018692016601562 
0.0018768310546875 
0.0018844604492188 
0.0018920898437500 
0.0018920898437500 
0.0018920898437500 
0.0018844604492188 
0.0018920898437500 
0.0018997192382812 
0.0018920898437500 
0.0018920898437500 
0.0018844604492188 
0.0018920898437500 
0.0018844604492188 
0.0018768310546875 
0.0018844604492188 
0.0018768310546875 
0.0018844604492188 
0.0018920898437500 
0.0018997192382812 
0.0018920898437500 
0.0018920898437500 
0.0018844604492188 
0.0018920898437500 
0.0018920898437500 
0.0018997192382812 
0.0019073486328125 
0.0018997192382812 
0.0018920898437500 
0.0018844604492188 
0.0018768310546875 
0.0018692016601562 
0.0018692016601562 
0.0018692016601562 
0.0018615722656250 
0.0018692016601562 
0.0018768310546875 
0.0018844604492188 
0.0018844604492188 
0.0018920898437500 
0.0018997192382812 
0.0018997192382812 
0.0018920898437500 
0.0018844604492188 
0.0018768310546875 
0.0018844604492188 
0.0018920898437500 
0.0018920898437500 
0.0018920898437500 
0.0018844604492188 
0.0018768310546875 
0.0018692016601562 
0.0018615722656250 
0.0018692016601562 
0.0018692016601562 
0.0018768310546875 
0.0018768310546875 
0.0018692016601562 
0.0018768310546875 
0.0018768310546875 
0.0018844604492188 
0.0018768310546875 
0.0018844604492188 
0.0018768310546875 
0.0018844604492188 
0.0018768310546875 
0.0018692016601562 
0.0018692016601562 
0.0018615722656250 
0.0018692016601562 
0.0018692016601562 
0.0018615722656250 
0.0018615722656250 
0.0018692016601562 
0.0018615722656250 
0.0018539428710938 
0.0018615722656250 
0.0018615722656250 
0.0018692016601562 
0.0018768310546875 
0.0018844604492188 
0.0018920898437500 
0.0018997192382812 
0.0018920898437500 
0.0018997192382812 
0.0019073486328125 
0.0018997192382812 
0.0018920898437500 
0.0018920898437500 
0.0018997192382812 
0.0018920898437500 
0.0018844604492188 
0.0018844604492188 
0.0018920898437500 
0.0018997192382812 
0.0019073486328125 
0.0019149780273438 
0.0019226074218750 
0.0019302368164062 
0.0019302368164062 
0.0019302368164062 
0.0019226074218750 
0.0019149780273438 
0.0019149780273438 
0.0019149780273438 
0.0019149780273438 
0.0019149780273438 
0.0019149780273438 
0.0019226074218750 
0.0019302368164062 
0.0019378662109375 
0.0019454956054688 
0.0019378662109375 
0.0019454956054688 
0.0019378662109375 
0.0019302368164062 
0.0019226074218750 
0.0019226074218750 
0.0019302368164062 
0.0019378662109375 
0.0019378662109375 
0.0019302368164062 
0.0019302368164062 
0.0019226074218750 
0.0019226074218750 
0.0019226074218750 
0.0019149780273438 
0.0019073486328125 
0.0019073486328125 
0.0019073486328125 
0.0019073486328125 
0.0019149780273438 
0.0019073486328125 
0.0019149780273438 
0.0019073486328125 
0.0019149780273438 
0.0019149780273438 
0.0019226074218750 
0.0019149780273438 
0.0019226074218750 
0.0019302368164062 
0.0019226074218750 
0.0019226074218750 
0.0019149780273438 
0.0019073486328125 
0.0019149780273438 
0.0019149780273438 
0.0019073486328125 
0.0018997192382812 
0.0019073486328125 
0.0019073486328125 
0.0018997192382812 
0.0018920898437500 
0.0018844604492188 
0.0018844604492188 
0.0018768310546875 
0.0018768310546875 
0.0018844604492188 
0.0018768310546875 
0.0018768310546875 
0.0018692016601562 
0.0018615722656250 
0.0018615722656250 
0.0018615722656250 
0.0018692016601562 
0.0018615722656250 
0.0018539428710938 
0.0018539428710938 
0.0018463134765625 
0.0018539428710938 
0.0018539428710938 
0.0018463134765625 
0.0018539428710938 
0.0018615722656250 
0.0018692016601562 
0.0018615722656250 
0.0018692016601562 
0.0018692016601562 
0.0018615722656250 
0.0018539428710938 
0.0018539428710938 
0.0018615722656250 
0.0018615722656250 
0.0018692016601562 
0.0018768310546875 
0.0018844604492188 
0.0018920898437500 
0.0018997192382812 
0.0018920898437500 
0.0018844604492188 
0.0018768310546875 
0.0018692016601562 
0.0018615722656250 
0.0018615722656250 
0.0018692016601562 
0.0018692016601562 
0.0018692016601562 
0.0018768310546875 
0.0018692016601562 
0.0018692016601562 
0.0018692016601562 
0.0018692016601562 
0.0018768310546875 
0.0018692016601562 
0.0018768310546875 
0.0018768310546875 
0.0018768310546875 
0.0018844604492188 
0.0018844604492188 
0.0018768310546875 
0.0018844604492188 
0.0018920898437500 
0.0018844604492188 
0.0018768310546875 
0.0018844604492188 
0.0018844604492188 
0.0018844604492188 
0.0018920898437500 
0.0018844604492188 
0.0018844604492188 
0.0018920898437500 
0.0018844604492188 
0.0018920898437500 
0.0018844604492188 
0.0018844604492188 
0.0018768310546875 
0.0018768310546875 
0.0018768310546875 
0.0018844604492188 
0.0018920898437500 
0.0018997192382812 
0.0019073486328125 
0.0018997192382812 
0.0018997192382812 
0.0018920898437500 
0.0018920898437500 
0.0018920898437500 
0.0018844604492188 
0.0018768310546875 
0.0018768310546875 
0.0018692016601562 
0.0018692016601562 
0.0018768310546875 
0.0018692016601562 
0.0018615722656250 
0.0018539428710938 
0.0018463134765625 
0.0018463134765625 
0.0018539428710938 
0.0018539428710938 
0.0018463134765625 
0.0018539428710938 
0.0018615722656250 
0.0018539428710938 
0.0018615722656250 
0.0018692016601562 
0.0018615722656250 
0.0018539428710938 
0.0018615722656250 
0.0018539428710938 
0.0018539428710938 
0.0018463134765625 
0.0018386840820312 
0.0018463134765625 
0.0018539428710938 
0.0018539428710938 
0.0018615722656250 
0.0018692016601562 
0.0018615722656250 
0.0018692016601562 
0.0018615722656250 
0.0018539428710938 
0.0018463134765625 
0.0018539428710938 
0.0018539428710938 
0.0018539428710938 
0.0018539428710938 
0.0018615722656250 
0.0018615722656250 
0.0018692016601562 
0.0018615722656250 
0.0018539428710938 
0.0018539428710938 
0.0018615722656250 
0.0018692016601562 
0.0018615722656250 
0.0018692016601562 
0.0018768310546875 
0.0018844604492188 
0.0018844604492188 
0.0018844604492188 
0.0018768310546875 
0.0018692016601562 
0.0018615722656250 
0.0018539428710938 
0.0018615722656250 
0.0018615722656250 
0.0018539428710938 
0.0018615722656250 
0.0018615722656250 
0.0018615722656250 
0.0018539428710938 
0.0018463134765625 
0.0018386840820312 
0.0018386840820312 
0.0018386840820312 
0.0018463134765625 
0.0018386840820312 
0.0018386840820312 
0.0018463134765625 
0.0018386840820312 
0.0018386840820312 
0.0018386840820312 
0.0018386840820312 
0.0018386840820312 
0.0018310546875000 
0.0018386840820312 
0.0018310546875000 
0.0018234252929688 
0.0018234252929688 
0.0018234252929688 
0.0018310546875000 
0.0018234252929688 
0.0018157958984375 
0.0018081665039062 
0.0018081665039062 
0.0018005371093750 
0.0018005371093750 
0.0018081665039062 
0.0018081665039062 
0.0018005371093750 
0.0017929077148438 
0.0017852783203125 
0.0017929077148438 
0.0017929077148438 
0.0018005371093750 
0.0018081665039062 
0.0018157958984375 
0.0018081665039062 
0.0018005371093750 
0.0017929077148438 
0.0018005371093750 
0.0018005371093750 
0.0017929077148438 
0.0017929077148438 
0.0017929077148438 
0.0017852783203125 
0.0017852783203125 
0.0017776489257812 
0.0017852783203125 
0.0017776489257812 
0.0017776489257812 
0.0017700195312500 
0.0017623901367188 
0.0017623901367188 
0.0017700195312500 
0.0017776489257812 
0.0017852783203125 
0.0017776489257812 
0.0017852783203125 
0.0017929077148438 
0.0017929077148438 
0.0018005371093750 
0.0017929077148438 
0.0018005371093750 
0.0018081665039062 
0.0018157958984375 
0.0018234252929688 
0.0018234252929688 
0.0018310546875000 
0.0018234252929688 
0.0018157958984375 
0.0018081665039062 
0.0018005371093750 
0.0018005371093750 
0.0018005371093750 
0.0017929077148438 
0.0018005371093750 
0.0017929077148438 
0.0017852783203125 
0.0017776489257812 
0.0017700195312500 
0.0017776489257812 
0.0017776489257812 
0.0017776489257812 
0.0017776489257812 
0.0017852783203125 
0.0017929077148438 
0.0018005371093750 
0.0018081665039062 
0.0018081665039062 
0.0018005371093750 
0.0018081665039062 
0.0018157958984375 
0.0018081665039062 
0.0018005371093750 
0.0018081665039062 
0.0018157958984375 
0.0018234252929688 
0.0018157958984375 
0.0018081665039062 
0.0018005371093750 
0.0018005371093750 
0.0018081665039062 
0.0018005371093750 
0.0018081665039062 
0.0018081665039062 
0.0018081665039062 
0.0018157958984375 
0.0018157958984375 
0.0018081665039062 
0.0018005371093750 
0.0018005371093750 
0.0017929077148438 
0.0018005371093750 
0.0017929077148438 
0.0018005371093750 
0.0018005371093750 
0.0017929077148438 
0.0017852783203125 
0.0017852783203125 
0.0017929077148438 
0.0018005371093750 
0.0018005371093750 
0.0018081665039062 
0.0018081665039062 
0.0018005371093750 
0.0017929077148438 
0.0017852783203125 
0.0017852783203125 
0.0017776489257812 
0.0017776489257812 
0.0017852783203125 
0.0017852783203125 
0.0017929077148438 
0.0017852783203125 
0.0017929077148438 
0.0018005371093750 
0.0018005371093750 
0.0018081665039062 
0.0018157958984375 
0.0018234252929688 
0.0018157958984375 
0.0018081665039062 
0.0018157958984375 
0.0018234252929688 
0.0018310546875000 
0.0018234252929688 
0.0018157958984375 
0.0018234252929688 
0.0018157958984375 
0.0018081665039062 
0.0018081665039062 
0.0018081665039062 
0.0018005371093750 
0.0018005371093750 
0.0018005371093750 
0.0018005371093750 
0.0018005371093750 
0.0018081665039062 
0.0018005371093750 
0.0018081665039062 
0.0018157958984375 
0.0018234252929688 
0.0018234252929688 
0.0018157958984375 
0.0018157958984375 
0.0018157958984375 
0.0018234252929688 
0.0018310546875000 
0.0018310546875000 
0.0018310546875000 
0.0018234252929688 
0.0018234252929688 
0.0018310546875000 
0.0018310546875000 
0.0018386840820312 
0.0018386840820312 
0.0018386840820312 
0.0018310546875000 
0.0018310546875000 
0.0018234252929688 
0.0018310546875000 
0.0018234252929688 
0.0018310546875000 
0.0018386840820312 
0.0018463134765625 
0.0018539428710938 
0.0018539428710938 
0.0018539428710938 
0.0018615722656250 
0.0018692016601562 
0.0018768310546875 
0.0018692016601562 
0.0018768310546875 
0.0018768310546875 
0.0018844604492188 
0.0018768310546875 
0.0018692016601562 
0.0018768310546875 
0.0018844604492188 
0.0018768310546875 
0.0018692016601562 
0.0018768310546875 
0.0018692016601562 
0.0018768310546875 
0.0018844604492188 
0.0018920898437500 
0.0018997192382812 
0.0018997192382812 
0.0018997192382812 
0.0019073486328125 
0.0019149780273438 
0.0019226074218750 
0.0019226074218750 
0.0019226074218750 
0.0019302368164062 
0.0019378662109375 
0.0019378662109375 
0.0019302368164062 
0.0019226074218750 
0.0019226074218750 
0.0019302368164062 
0.0019226074218750 
0.0019149780273438 
0.0019073486328125 
0.0019073486328125 
0.0019073486328125 
0.0019149780273438 
0.0019226074218750 
0.0019149780273438 
0.0019073486328125 
0.0018997192382812 
0.0018920898437500 
0.0018920898437500 
0.0018997192382812 
0.0019073486328125 
0.0018997192382812 
0.0018920898437500 
0.0018844604492188 
0.0018844604492188 
0.0018920898437500 
0.0018920898437500 
0.0018844604492188 
0.0018920898437500 
0.0018844604492188 
0.0018920898437500 
0.0018920898437500 
0.0018844604492188 
0.0018844604492188 
0.0018768310546875 
0.0018692016601562 
0.0018768310546875 
0.0018844604492188 
0.0018768310546875 
0.0018768310546875 
0.0018768310546875 
0.0018692016601562 
0.0018615722656250 
0.0018615722656250 
0.0018692016601562 
0.0018768310546875 
0.0018692016601562 
0.0018768310546875 
0.0018844604492188 
0.0018920898437500 
0.0018844604492188 
0.0018920898437500 
0.0018997192382812 
0.0018920898437500 
0.0018997192382812 
0.0018920898437500 
0.0018844604492188 
0.0018768310546875 
0.0018692016601562 
0.0018615722656250 
0.0018692016601562 
0.0018615722656250 
0.0018539428710938 
0.0018463134765625 
0.0018539428710938 
0.0018539428710938 
0.0018539428710938 
0.0018539428710938 
0.0018615722656250 
0.0018615722656250 
0.0018615722656250 
0.0018692016601562 
0.0018692016601562 
0.0018692016601562 
0.0018615722656250 
0.0018539428710938 
0.0018615722656250 
0.0018615722656250 
0.0018539428710938 
0.0018463134765625 
0.0018539428710938 
0.0018463134765625 
0.0018463134765625 
0.0018386840820312 
0.0018310546875000 
0.0018234252929688 
0.0018310546875000 
0.0018386840820312 
0.0018310546875000 
0.0018386840820312 
0.0018463134765625 
0.0018539428710938 
0.0018539428710938 
0.0018463134765625 
0.0018463134765625 
0.0018539428710938 
0.0018539428710938 
0.0018615722656250 
0.0018539428710938 
0.0018615722656250 
0.0018692016601562 
0.0018768310546875 
0.0018768310546875 
0.0018768310546875 
0.0018692016601562 
0.0018768310546875 
0.0018844604492188 
0.0018844604492188 
0.0018768310546875 
0.0018844604492188 
0.0018844604492188 
0.0018768310546875 
0.0018768310546875 
0.0018692016601562 
0.0018768310546875 
0.0018768310546875 
0.0018692016601562 
0.0018768310546875 
0.0018692016601562 
0.0018692016601562 
0.0018615722656250 
0.0018615722656250 
0.0018539428710938 
0.0018539428710938 
0.0018463134765625 
0.0018539428710938 
0.0018539428710938 
0.0018539428710938 
0.0018615722656250 
0.0018615722656250 
0.0018539428710938 
0.0018615722656250 
0.0018692016601562 
0.0018768310546875 
0.0018844604492188 
0.0018920898437500 
0.0018920898437500 
0.0018997192382812 
0.0018920898437500 
0.0018844604492188 
0.0018844604492188 
0.0018768310546875 
0.0018768310546875 
0.0018844604492188 
0.0018920898437500 
0.0018844604492188 
