-0.0052185058593750 
-0.0052108764648438 
-0.0052032470703125 
-0.0052032470703125 
-0.0051956176757812 
-0.0052032470703125 
-0.0052032470703125 
-0.0051956176757812 
-0.0051879882812500 
-0.0051956176757812 
-0.0051879882812500 
-0.0051956176757812 
-0.0052032470703125 
-0.0051956176757812 
-0.0051879882812500 
-0.0051803588867188 
-0.0051803588867188 
-0.0051803588867188 
-0.0051803588867188 
-0.0051727294921875 
-0.0051651000976562 
-0.0051727294921875 
-0.0051651000976562 
-0.0051574707031250 
-0.0051574707031250 
-0.0051651000976562 
-0.0051574707031250 
-0.0051574707031250 
-0.0051651000976562 
-0.0051574707031250 
-0.0051651000976562 
-0.0051574707031250 
-0.0051574707031250 
-0.0051498413085938 
-0.0051574707031250 
-0.0051498413085938 
-0.0051498413085938 
-0.0051422119140625 
-0.0051345825195312 
-0.0051269531250000 
-0.0051345825195312 
-0.0051345825195312 
-0.0051269531250000 
-0.0051193237304688 
-0.0051193237304688 
-0.0051193237304688 
-0.0051116943359375 
-0.0051040649414062 
-0.0051040649414062 
-0.0051116943359375 
-0.0051193237304688 
-0.0051116943359375 
-0.0051193237304688 
-0.0051269531250000 
-0.0051269531250000 
-0.0051345825195312 
-0.0051345825195312 
-0.0051422119140625 
-0.0051498413085938 
-0.0051498413085938 
-0.0051422119140625 
-0.0051345825195312 
-0.0051269531250000 
-0.0051345825195312 
-0.0051422119140625 
-0.0051422119140625 
-0.0051498413085938 
-0.0051422119140625 
-0.0051345825195312 
-0.0051269531250000 
-0.0051193237304688 
-0.0051269531250000 
-0.0051269531250000 
-0.0051193237304688 
-0.0051269531250000 
-0.0051345825195312 
-0.0051269531250000 
-0.0051345825195312 
-0.0051345825195312 
-0.0051345825195312 
-0.0051345825195312 
-0.0051345825195312 
-0.0051422119140625 
-0.0051345825195312 
-0.0051269531250000 
-0.0051345825195312 
-0.0051345825195312 
-0.0051269531250000 
-0.0051193237304688 
-0.0051193237304688 
-0.0051193237304688 
-0.0051269531250000 
-0.0051193237304688 
-0.0051193237304688 
-0.0051116943359375 
-0.0051116943359375 
-0.0051193237304688 
-0.0051116943359375 
-0.0051040649414062 
-0.0051040649414062 
-0.0050964355468750 
-0.0050888061523438 
-0.0050811767578125 
-0.0050735473632812 
-0.0050811767578125 
-0.0050735473632812 
-0.0050735473632812 
-0.0050735473632812 
-0.0050811767578125 
-0.0050888061523438 
-0.0050888061523438 
-0.0050811767578125 
-0.0050735473632812 
-0.0050659179687500 
-0.0050582885742188 
-0.0050582885742188 
-0.0050659179687500 
-0.0050735473632812 
-0.0050811767578125 
-0.0050735473632812 
-0.0050659179687500 
-0.0050735473632812 
-0.0050811767578125 
-0.0050888061523438 
-0.0050964355468750 
-0.0050964355468750 
-0.0050888061523438 
-0.0050888061523438 
-0.0050964355468750 
-0.0050888061523438 
-0.0050964355468750 
-0.0051040649414062 
-0.0051116943359375 
-0.0051040649414062 
-0.0051040649414062 
-0.0051040649414062 
-0.0051040649414062 
-0.0051040649414062 
-0.0051040649414062 
-0.0050964355468750 
-0.0051040649414062 
-0.0050964355468750 
-0.0050964355468750 
-0.0050964355468750 
-0.0050888061523438 
-0.0050964355468750 
-0.0051040649414062 
-0.0051116943359375 
-0.0051116943359375 
-0.0051040649414062 
-0.0051040649414062 
-0.0050964355468750 
-0.0051040649414062 
-0.0051116943359375 
-0.0051193237304688 
-0.0051193237304688 
-0.0051269531250000 
-0.0051345825195312 
-0.0051422119140625 
-0.0051498413085938 
-0.0051574707031250 
-0.0051498413085938 
-0.0051498413085938 
-0.0051574707031250 
-0.0051651000976562 
-0.0051727294921875 
-0.0051803588867188 
-0.0051803588867188 
-0.0051803588867188 
-0.0051727294921875 
-0.0051651000976562 
-0.0051574707031250 
-0.0051651000976562 
-0.0051574707031250 
-0.0051574707031250 
-0.0051651000976562 
-0.0051727294921875 
-0.0051651000976562 
-0.0051574707031250 
-0.0051498413085938 
-0.0051574707031250 
-0.0051651000976562 
-0.0051651000976562 
-0.0051651000976562 
-0.0051651000976562 
-0.0051574707031250 
-0.0051651000976562 
-0.0051574707031250 
-0.0051651000976562 
-0.0051727294921875 
-0.0051727294921875 
-0.0051727294921875 
-0.0051803588867188 
-0.0051727294921875 
-0.0051727294921875 
-0.0051651000976562 
-0.0051574707031250 
-0.0051651000976562 
-0.0051727294921875 
-0.0051651000976562 
-0.0051727294921875 
-0.0051803588867188 
-0.0051879882812500 
-0.0051956176757812 
-0.0052032470703125 
-0.0051956176757812 
-0.0051956176757812 
-0.0052032470703125 
-0.0052108764648438 
-0.0052032470703125 
-0.0051956176757812 
-0.0052032470703125 
-0.0051956176757812 
-0.0051956176757812 
-0.0051879882812500 
-0.0051879882812500 
-0.0051956176757812 
-0.0052032470703125 
-0.0051956176757812 
-0.0052032470703125 
-0.0052108764648438 
-0.0052108764648438 
-0.0052185058593750 
-0.0052185058593750 
-0.0052261352539062 
-0.0052185058593750 
-0.0052185058593750 
-0.0052185058593750 
-0.0052108764648438 
-0.0052185058593750 
-0.0052261352539062 
-0.0052261352539062 
-0.0052337646484375 
-0.0052413940429688 
-0.0052413940429688 
-0.0052337646484375 
-0.0052261352539062 
-0.0052185058593750 
-0.0052108764648438 
-0.0052108764648438 
-0.0052032470703125 
-0.0051956176757812 
-0.0052032470703125 
-0.0051956176757812 
-0.0051879882812500 
-0.0051879882812500 
-0.0051803588867188 
-0.0051879882812500 
-0.0051803588867188 
-0.0051803588867188 
-0.0051727294921875 
-0.0051651000976562 
-0.0051727294921875 
-0.0051651000976562 
-0.0051651000976562 
-0.0051727294921875 
-0.0051651000976562 
-0.0051727294921875 
-0.0051727294921875 
-0.0051727294921875 
-0.0051651000976562 
-0.0051727294921875 
-0.0051727294921875 
-0.0051803588867188 
-0.0051879882812500 
-0.0051956176757812 
-0.0051879882812500 
-0.0051956176757812 
-0.0051956176757812 
-0.0051956176757812 
-0.0052032470703125 
-0.0052032470703125 
-0.0052108764648438 
-0.0052108764648438 
-0.0052185058593750 
-0.0052185058593750 
-0.0052261352539062 
-0.0052185058593750 
-0.0052108764648438 
-0.0052185058593750 
-0.0052261352539062 
-0.0052337646484375 
-0.0052261352539062 
-0.0052185058593750 
-0.0052108764648438 
-0.0052032470703125 
-0.0052108764648438 
-0.0052185058593750 
-0.0052108764648438 
-0.0052032470703125 
-0.0052032470703125 
-0.0052032470703125 
-0.0051956176757812 
-0.0051879882812500 
-0.0051956176757812 
-0.0051879882812500 
-0.0051803588867188 
-0.0051803588867188 
-0.0051803588867188 
-0.0051803588867188 
-0.0051879882812500 
-0.0051879882812500 
-0.0051879882812500 
-0.0051956176757812 
-0.0051956176757812 
-0.0052032470703125 
-0.0052032470703125 
-0.0052032470703125 
-0.0052032470703125 
-0.0052032470703125 
-0.0052108764648438 
-0.0052032470703125 
-0.0052032470703125 
-0.0052108764648438 
-0.0052032470703125 
-0.0051956176757812 
-0.0051879882812500 
-0.0051956176757812 
-0.0051879882812500 
-0.0051803588867188 
-0.0051803588867188 
-0.0051727294921875 
-0.0051651000976562 
-0.0051574707031250 
-0.0051651000976562 
-0.0051574707031250 
-0.0051574707031250 
-0.0051498413085938 
-0.0051422119140625 
-0.0051498413085938 
-0.0051422119140625 
-0.0051422119140625 
-0.0051498413085938 
-0.0051498413085938 
-0.0051574707031250 
-0.0051574707031250 
-0.0051574707031250 
-0.0051574707031250 
-0.0051498413085938 
-0.0051422119140625 
-0.0051498413085938 
-0.0051498413085938 
-0.0051498413085938 
-0.0051574707031250 
-0.0051651000976562 
-0.0051651000976562 
-0.0051574707031250 
-0.0051498413085938 
-0.0051422119140625 
-0.0051422119140625 
-0.0051345825195312 
-0.0051345825195312 
-0.0051422119140625 
-0.0051345825195312 
-0.0051422119140625 
-0.0051498413085938 
-0.0051574707031250 
-0.0051651000976562 
-0.0051727294921875 
-0.0051651000976562 
-0.0051574707031250 
-0.0051498413085938 
-0.0051574707031250 
-0.0051498413085938 
-0.0051422119140625 
-0.0051498413085938 
-0.0051422119140625 
-0.0051498413085938 
-0.0051422119140625 
-0.0051498413085938 
-0.0051422119140625 
-0.0051345825195312 
-0.0051269531250000 
-0.0051269531250000 
-0.0051345825195312 
-0.0051422119140625 
-0.0051345825195312 
-0.0051422119140625 
-0.0051345825195312 
-0.0051422119140625 
-0.0051345825195312 
-0.0051345825195312 
-0.0051422119140625 
-0.0051345825195312 
-0.0051269531250000 
-0.0051269531250000 
-0.0051345825195312 
-0.0051345825195312 
-0.0051422119140625 
-0.0051498413085938 
-0.0051574707031250 
-0.0051574707031250 
-0.0051651000976562 
-0.0051574707031250 
-0.0051651000976562 
-0.0051651000976562 
-0.0051574707031250 
-0.0051651000976562 
-0.0051651000976562 
-0.0051651000976562 
-0.0051574707031250 
-0.0051574707031250 
-0.0051651000976562 
-0.0051574707031250 
-0.0051574707031250 
-0.0051574707031250 
-0.0051651000976562 
-0.0051574707031250 
-0.0051574707031250 
-0.0051574707031250 
-0.0051574707031250 
-0.0051651000976562 
-0.0051574707031250 
-0.0051574707031250 
-0.0051498413085938 
-0.0051574707031250 
-0.0051574707031250 
-0.0051498413085938 
-0.0051574707031250 
-0.0051574707031250 
-0.0051498413085938 
-0.0051498413085938 
-0.0051422119140625 
-0.0051422119140625 
-0.0051498413085938 
-0.0051498413085938 
-0.0051498413085938 
-0.0051498413085938 
-0.0051574707031250 
-0.0051574707031250 
-0.0051498413085938 
-0.0051498413085938 
-0.0051574707031250 
-0.0051498413085938 
-0.0051422119140625 
-0.0051345825195312 
-0.0051422119140625 
-0.0051345825195312 
-0.0051269531250000 
-0.0051269531250000 
-0.0051193237304688 
-0.0051116943359375 
-0.0051040649414062 
-0.0051116943359375 
-0.0051040649414062 
-0.0051040649414062 
-0.0051116943359375 
-0.0051040649414062 
-0.0051040649414062 
-0.0051116943359375 
-0.0051040649414062 
-0.0050964355468750 
-0.0050964355468750 
-0.0050964355468750 
-0.0050888061523438 
-0.0050964355468750 
-0.0050888061523438 
-0.0050888061523438 
-0.0050964355468750 
-0.0050888061523438 
-0.0050964355468750 
-0.0051040649414062 
-0.0051116943359375 
-0.0051193237304688 
-0.0051269531250000 
-0.0051345825195312 
-0.0051269531250000 
-0.0051269531250000 
-0.0051193237304688 
-0.0051193237304688 
-0.0051116943359375 
-0.0051040649414062 
-0.0051116943359375 
-0.0051193237304688 
-0.0051269531250000 
-0.0051345825195312 
-0.0051269531250000 
-0.0051269531250000 
-0.0051269531250000 
-0.0051193237304688 
-0.0051116943359375 
-0.0051116943359375 
-0.0051040649414062 
-0.0051116943359375 
-0.0051040649414062 
-0.0051116943359375 
-0.0051193237304688 
-0.0051116943359375 
-0.0051116943359375 
-0.0051193237304688 
-0.0051116943359375 
-0.0051040649414062 
-0.0051040649414062 
-0.0051116943359375 
-0.0051040649414062 
-0.0051116943359375 
-0.0051193237304688 
-0.0051116943359375 
-0.0051116943359375 
-0.0051116943359375 
-0.0051193237304688 
-0.0051193237304688 
-0.0051116943359375 
-0.0051193237304688 
-0.0051269531250000 
-0.0051193237304688 
-0.0051193237304688 
-0.0051269531250000 
-0.0051345825195312 
-0.0051422119140625 
-0.0051345825195312 
-0.0051345825195312 
-0.0051422119140625 
-0.0051498413085938 
-0.0051422119140625 
-0.0051498413085938 
-0.0051498413085938 
-0.0051574707031250 
-0.0051574707031250 
-0.0051498413085938 
-0.0051422119140625 
-0.0051345825195312 
-0.0051269531250000 
-0.0051269531250000 
-0.0051269531250000 
-0.0051269531250000 
-0.0051193237304688 
-0.0051116943359375 
-0.0051040649414062 
-0.0051040649414062 
-0.0050964355468750 
-0.0050888061523438 
-0.0050888061523438 
-0.0050964355468750 
-0.0050964355468750 
-0.0050964355468750 
-0.0051040649414062 
-0.0051040649414062 
-0.0051040649414062 
-0.0051116943359375 
-0.0051193237304688 
-0.0051193237304688 
-0.0051116943359375 
-0.0051116943359375 
-0.0051040649414062 
-0.0051116943359375 
-0.0051116943359375 
-0.0051040649414062 
-0.0051040649414062 
-0.0051116943359375 
-0.0051040649414062 
-0.0050964355468750 
-0.0050888061523438 
-0.0050811767578125 
-0.0050888061523438 
-0.0050964355468750 
-0.0050964355468750 
-0.0051040649414062 
-0.0050964355468750 
-0.0050888061523438 
-0.0050888061523438 
-0.0050811767578125 
-0.0050811767578125 
-0.0050888061523438 
-0.0050964355468750 
-0.0050888061523438 
-0.0050811767578125 
-0.0050811767578125 
-0.0050888061523438 
-0.0050888061523438 
-0.0050888061523438 
-0.0050888061523438 
-0.0050964355468750 
-0.0050964355468750 
-0.0050888061523438 
-0.0050811767578125 
-0.0050888061523438 
-0.0050811767578125 
-0.0050735473632812 
-0.0050735473632812 
-0.0050811767578125 
-0.0050888061523438 
-0.0050811767578125 
-0.0050888061523438 
-0.0050888061523438 
-0.0050964355468750 
-0.0050888061523438 
-0.0050888061523438 
-0.0050811767578125 
-0.0050811767578125 
-0.0050888061523438 
-0.0050964355468750 
-0.0050888061523438 
-0.0050888061523438 
-0.0050964355468750 
-0.0050888061523438 
-0.0050811767578125 
-0.0050735473632812 
-0.0050811767578125 
-0.0050888061523438 
-0.0050811767578125 
-0.0050888061523438 
-0.0050811767578125 
-0.0050888061523438 
-0.0050964355468750 
-0.0050964355468750 
-0.0050888061523438 
-0.0050964355468750 
-0.0051040649414062 
-0.0051040649414062 
-0.0050964355468750 
-0.0050964355468750 
-0.0050964355468750 
-0.0051040649414062 
-0.0051116943359375 
-0.0051116943359375 
-0.0051116943359375 
-0.0051193237304688 
-0.0051193237304688 
-0.0051116943359375 
-0.0051116943359375 
-0.0051040649414062 
-0.0051040649414062 
-0.0051040649414062 
-0.0050964355468750 
-0.0050888061523438 
-0.0050888061523438 
-0.0050811767578125 
-0.0050888061523438 
-0.0050888061523438 
-0.0050964355468750 
-0.0051040649414062 
-0.0051116943359375 
-0.0051040649414062 
-0.0051116943359375 
-0.0051193237304688 
-0.0051193237304688 
-0.0051116943359375 
-0.0051040649414062 
-0.0051116943359375 
-0.0051193237304688 
-0.0051116943359375 
-0.0051040649414062 
-0.0051116943359375 
-0.0051193237304688 
-0.0051193237304688 
-0.0051116943359375 
-0.0051116943359375 
-0.0051193237304688 
-0.0051269531250000 
-0.0051345825195312 
-0.0051345825195312 
-0.0051345825195312 
-0.0051269531250000 
-0.0051193237304688 
-0.0051193237304688 
-0.0051269531250000 
-0.0051345825195312 
-0.0051269531250000 
-0.0051193237304688 
-0.0051116943359375 
-0.0051040649414062 
-0.0050964355468750 
-0.0050964355468750 
-0.0050888061523438 
-0.0050888061523438 
-0.0050964355468750 
-0.0050964355468750 
-0.0050964355468750 
-0.0051040649414062 
-0.0050964355468750 
-0.0050964355468750 
-0.0051040649414062 
-0.0050964355468750 
-0.0050888061523438 
-0.0050964355468750 
-0.0050888061523438 
-0.0050888061523438 
-0.0050811767578125 
-0.0050888061523438 
-0.0050964355468750 
-0.0050888061523438 
-0.0050811767578125 
-0.0050811767578125 
-0.0050811767578125 
-0.0050811767578125 
-0.0050735473632812 
-0.0050811767578125 
-0.0050735473632812 
-0.0050659179687500 
-0.0050659179687500 
-0.0050659179687500 
-0.0050735473632812 
-0.0050811767578125 
-0.0050888061523438 
-0.0050888061523438 
-0.0050964355468750 
-0.0050888061523438 
-0.0050811767578125 
-0.0050735473632812 
-0.0050735473632812 
-0.0050735473632812 
-0.0050659179687500 
-0.0050582885742188 
-0.0050659179687500 
-0.0050582885742188 
-0.0050506591796875 
-0.0050582885742188 
-0.0050506591796875 
-0.0050430297851562 
-0.0050430297851562 
-0.0050430297851562 
-0.0050430297851562 
-0.0050430297851562 
-0.0050430297851562 
-0.0050354003906250 
-0.0050430297851562 
-0.0050506591796875 
-0.0050582885742188 
-0.0050659179687500 
-0.0050735473632812 
-0.0050811767578125 
-0.0050888061523438 
-0.0050964355468750 
-0.0051040649414062 
-0.0050964355468750 
-0.0050964355468750 
-0.0050964355468750 
-0.0050964355468750 
-0.0050964355468750 
-0.0050888061523438 
-0.0050811767578125 
-0.0050811767578125 
-0.0050888061523438 
-0.0050888061523438 
-0.0050811767578125 
-0.0050888061523438 
-0.0050888061523438 
-0.0050964355468750 
-0.0050888061523438 
-0.0050888061523438 
-0.0050964355468750 
-0.0051040649414062 
-0.0050964355468750 
-0.0050964355468750 
-0.0050888061523438 
-0.0050888061523438 
-0.0050811767578125 
-0.0050735473632812 
-0.0050811767578125 
-0.0050735473632812 
-0.0050659179687500 
-0.0050735473632812 
-0.0050659179687500 
-0.0050735473632812 
-0.0050659179687500 
-0.0050735473632812 
-0.0050811767578125 
-0.0050811767578125 
-0.0050735473632812 
-0.0050735473632812 
-0.0050735473632812 
-0.0050659179687500 
-0.0050735473632812 
-0.0050659179687500 
-0.0050582885742188 
-0.0050506591796875 
-0.0050582885742188 
-0.0050659179687500 
-0.0050582885742188 
-0.0050582885742188 
-0.0050506591796875 
-0.0050430297851562 
-0.0050430297851562 
-0.0050430297851562 
-0.0050354003906250 
-0.0050354003906250 
-0.0050430297851562 
-0.0050506591796875 
-0.0050582885742188 
-0.0050582885742188 
-0.0050659179687500 
-0.0050582885742188 
-0.0050506591796875 
-0.0050506591796875 
-0.0050506591796875 
-0.0050430297851562 
-0.0050354003906250 
-0.0050430297851562 
-0.0050430297851562 
-0.0050506591796875 
-0.0050582885742188 
-0.0050506591796875 
-0.0050430297851562 
-0.0050430297851562 
-0.0050354003906250 
-0.0050354003906250 
-0.0050277709960938 
-0.0050354003906250 
-0.0050277709960938 
-0.0050201416015625 
-0.0050277709960938 
-0.0050354003906250 
-0.0050277709960938 
-0.0050201416015625 
-0.0050125122070312 
-0.0050125122070312 
-0.0050125122070312 
-0.0050048828125000 
-0.0050125122070312 
-0.0050201416015625 
-0.0050125122070312 
-0.0050125122070312 
-0.0050048828125000 
-0.0049972534179688 
-0.0049896240234375 
-0.0049896240234375 
-0.0049819946289062 
-0.0049743652343750 
-0.0049819946289062 
-0.0049896240234375 
-0.0049819946289062 
-0.0049743652343750 
-0.0049667358398438 
-0.0049667358398438 
-0.0049743652343750 
-0.0049819946289062 
-0.0049743652343750 
-0.0049819946289062 
-0.0049743652343750 
-0.0049819946289062 
-0.0049896240234375 
-0.0049972534179688 
-0.0050048828125000 
-0.0050125122070312 
-0.0050048828125000 
-0.0050125122070312 
-0.0050125122070312 
-0.0050048828125000 
-0.0049972534179688 
-0.0049972534179688 
-0.0049972534179688 
-0.0049896240234375 
-0.0049819946289062 
-0.0049743652343750 
-0.0049743652343750 
-0.0049667358398438 
-0.0049743652343750 
-0.0049667358398438 
-0.0049591064453125 
-0.0049514770507812 
-0.0049591064453125 
-0.0049667358398438 
-0.0049591064453125 
-0.0049514770507812 
-0.0049591064453125 
-0.0049514770507812 
-0.0049438476562500 
-0.0049514770507812 
-0.0049514770507812 
-0.0049514770507812 
-0.0049514770507812 
-0.0049514770507812 
-0.0049438476562500 
-0.0049514770507812 
-0.0049591064453125 
-0.0049591064453125 
-0.0049667358398438 
-0.0049667358398438 
-0.0049667358398438 
-0.0049667358398438 
-0.0049743652343750 
-0.0049667358398438 
-0.0049743652343750 
-0.0049667358398438 
-0.0049743652343750 
-0.0049667358398438 
-0.0049591064453125 
-0.0049667358398438 
-0.0049667358398438 
-0.0049667358398438 
-0.0049743652343750 
-0.0049667358398438 
-0.0049743652343750 
-0.0049743652343750 
-0.0049743652343750 
-0.0049819946289062 
-0.0049896240234375 
-0.0049972534179688 
-0.0050048828125000 
-0.0049972534179688 
-0.0049896240234375 
-0.0049819946289062 
-0.0049819946289062 
-0.0049819946289062 
-0.0049743652343750 
-0.0049819946289062 
-0.0049896240234375 
-0.0049896240234375 
-0.0049972534179688 
-0.0050048828125000 
-0.0050125122070312 
-0.0050048828125000 
-0.0050125122070312 
-0.0050125122070312 
-0.0050125122070312 
-0.0050125122070312 
-0.0050048828125000 
-0.0050048828125000 
-0.0050048828125000 
-0.0050125122070312 
-0.0050048828125000 
-0.0050125122070312 
-0.0050048828125000 
-0.0050125122070312 
-0.0050125122070312 
-0.0050125122070312 
-0.0050201416015625 
-0.0050201416015625 
-0.0050201416015625 
-0.0050201416015625 
-0.0050277709960938 
-0.0050201416015625 
-0.0050125122070312 
-0.0050201416015625 
-0.0050201416015625 
-0.0050201416015625 
-0.0050201416015625 
-0.0050201416015625 
-0.0050125122070312 
-0.0050048828125000 
-0.0049972534179688 
-0.0050048828125000 
-0.0049972534179688 
-0.0050048828125000 
-0.0050125122070312 
-0.0050125122070312 
-0.0050201416015625 
-0.0050125122070312 
-0.0050048828125000 
-0.0049972534179688 
-0.0050048828125000 
-0.0049972534179688 
-0.0049896240234375 
-0.0049972534179688 
-0.0049896240234375 
-0.0049896240234375 
-0.0049972534179688 
-0.0049896240234375 
-0.0049972534179688 
-0.0049972534179688 
-0.0049896240234375 
-0.0049896240234375 
-0.0049819946289062 
-0.0049743652343750 
-0.0049667358398438 
-0.0049591064453125 
-0.0049667358398438 
-0.0049667358398438 
-0.0049667358398438 
-0.0049743652343750 
-0.0049743652343750 
-0.0049819946289062 
-0.0049743652343750 
-0.0049819946289062 
-0.0049819946289062 
-0.0049743652343750 
-0.0049667358398438 
-0.0049591064453125 
-0.0049591064453125 
-0.0049667358398438 
-0.0049591064453125 
-0.0049591064453125 
-0.0049667358398438 
-0.0049591064453125 
-0.0049514770507812 
-0.0049591064453125 
-0.0049667358398438 
-0.0049743652343750 
-0.0049743652343750 
-0.0049819946289062 
-0.0049819946289062 
-0.0049896240234375 
-0.0049819946289062 
-0.0049896240234375 
-0.0049819946289062 
-0.0049743652343750 
-0.0049743652343750 
-0.0049743652343750 
-0.0049743652343750 
-0.0049819946289062 
-0.0049819946289062 
-0.0049819946289062 
-0.0049896240234375 
-0.0049819946289062 
-0.0049896240234375 
-0.0049896240234375 
-0.0049972534179688 
-0.0050048828125000 
-0.0049972534179688 
