-0.0058288574218750 
-0.0058212280273438 
-0.0058212280273438 
-0.0058212280273438 
-0.0058212280273438 
-0.0058135986328125 
-0.0058059692382812 
-0.0057983398437500 
-0.0057907104492188 
-0.0057907104492188 
-0.0057983398437500 
-0.0057907104492188 
-0.0057983398437500 
-0.0058059692382812 
-0.0058135986328125 
-0.0058059692382812 
-0.0058135986328125 
-0.0058135986328125 
-0.0058059692382812 
-0.0058135986328125 
-0.0058059692382812 
-0.0058059692382812 
-0.0057983398437500 
-0.0057983398437500 
-0.0057907104492188 
-0.0057830810546875 
-0.0057907104492188 
-0.0057830810546875 
-0.0057754516601562 
-0.0057754516601562 
-0.0057678222656250 
-0.0057601928710938 
-0.0057525634765625 
-0.0057525634765625 
-0.0057525634765625 
-0.0057449340820312 
-0.0057525634765625 
-0.0057449340820312 
-0.0057373046875000 
-0.0057449340820312 
-0.0057373046875000 
-0.0057449340820312 
-0.0057373046875000 
-0.0057449340820312 
-0.0057525634765625 
-0.0057449340820312 
-0.0057525634765625 
-0.0057601928710938 
-0.0057678222656250 
-0.0057754516601562 
-0.0057830810546875 
-0.0057754516601562 
-0.0057754516601562 
-0.0057754516601562 
-0.0057754516601562 
-0.0057754516601562 
-0.0057754516601562 
-0.0057830810546875 
-0.0057830810546875 
-0.0057830810546875 
-0.0057830810546875 
-0.0057754516601562 
-0.0057754516601562 
-0.0057678222656250 
-0.0057601928710938 
-0.0057525634765625 
-0.0057601928710938 
-0.0057601928710938 
-0.0057525634765625 
-0.0057601928710938 
-0.0057678222656250 
-0.0057754516601562 
-0.0057678222656250 
-0.0057754516601562 
-0.0057754516601562 
-0.0057678222656250 
-0.0057601928710938 
-0.0057601928710938 
-0.0057601928710938 
-0.0057525634765625 
-0.0057601928710938 
-0.0057525634765625 
-0.0057601928710938 
-0.0057678222656250 
-0.0057754516601562 
-0.0057754516601562 
-0.0057830810546875 
-0.0057907104492188 
-0.0057983398437500 
-0.0058059692382812 
-0.0057983398437500 
-0.0057907104492188 
-0.0057983398437500 
-0.0058059692382812 
-0.0058059692382812 
-0.0057983398437500 
-0.0057983398437500 
-0.0057907104492188 
-0.0057830810546875 
-0.0057830810546875 
-0.0057754516601562 
-0.0057678222656250 
-0.0057678222656250 
-0.0057754516601562 
-0.0057754516601562 
-0.0057754516601562 
-0.0057754516601562 
-0.0057754516601562 
-0.0057678222656250 
-0.0057754516601562 
-0.0057678222656250 
-0.0057601928710938 
-0.0057678222656250 
-0.0057678222656250 
-0.0057678222656250 
-0.0057678222656250 
-0.0057754516601562 
-0.0057830810546875 
-0.0057754516601562 
-0.0057678222656250 
-0.0057754516601562 
-0.0057830810546875 
-0.0057907104492188 
-0.0057983398437500 
-0.0058059692382812 
-0.0058059692382812 
-0.0058059692382812 
-0.0057983398437500 
-0.0057983398437500 
-0.0058059692382812 
-0.0058059692382812 
-0.0058135986328125 
-0.0058135986328125 
-0.0058212280273438 
-0.0058212280273438 
-0.0058212280273438 
-0.0058135986328125 
-0.0058212280273438 
-0.0058212280273438 
-0.0058212280273438 
-0.0058212280273438 
-0.0058212280273438 
-0.0058135986328125 
-0.0058135986328125 
-0.0058059692382812 
-0.0057983398437500 
-0.0057907104492188 
-0.0057907104492188 
-0.0057983398437500 
-0.0057907104492188 
-0.0057907104492188 
-0.0057830810546875 
-0.0057907104492188 
-0.0057907104492188 
-0.0057830810546875 
-0.0057754516601562 
-0.0057678222656250 
-0.0057601928710938 
-0.0057601928710938 
-0.0057601928710938 
-0.0057525634765625 
-0.0057449340820312 
-0.0057449340820312 
-0.0057373046875000 
-0.0057449340820312 
-0.0057525634765625 
-0.0057525634765625 
-0.0057449340820312 
-0.0057525634765625 
-0.0057449340820312 
-0.0057373046875000 
-0.0057296752929688 
-0.0057220458984375 
-0.0057220458984375 
-0.0057144165039062 
-0.0057144165039062 
-0.0057067871093750 
-0.0057067871093750 
-0.0057144165039062 
-0.0057067871093750 
-0.0056991577148438 
-0.0057067871093750 
-0.0057067871093750 
-0.0057144165039062 
-0.0057067871093750 
-0.0057067871093750 
-0.0057067871093750 
-0.0057067871093750 
-0.0057144165039062 
-0.0057144165039062 
-0.0057067871093750 
-0.0056991577148438 
-0.0056991577148438 
-0.0057067871093750 
-0.0056991577148438 
-0.0056991577148438 
-0.0056915283203125 
-0.0056838989257812 
-0.0056838989257812 
-0.0056915283203125 
-0.0056991577148438 
-0.0057067871093750 
-0.0057144165039062 
-0.0057067871093750 
-0.0057067871093750 
-0.0057067871093750 
-0.0056991577148438 
-0.0057067871093750 
-0.0057067871093750 
-0.0057144165039062 
-0.0057220458984375 
-0.0057296752929688 
-0.0057296752929688 
-0.0057296752929688 
-0.0057296752929688 
-0.0057296752929688 
-0.0057220458984375 
-0.0057144165039062 
-0.0057220458984375 
-0.0057144165039062 
-0.0057067871093750 
-0.0056991577148438 
-0.0056991577148438 
-0.0057067871093750 
-0.0057144165039062 
-0.0057067871093750 
-0.0057144165039062 
-0.0057144165039062 
-0.0057220458984375 
-0.0057296752929688 
-0.0057373046875000 
-0.0057373046875000 
-0.0057296752929688 
-0.0057220458984375 
-0.0057220458984375 
-0.0057296752929688 
-0.0057373046875000 
-0.0057373046875000 
-0.0057373046875000 
-0.0057373046875000 
-0.0057373046875000 
-0.0057296752929688 
-0.0057373046875000 
-0.0057449340820312 
-0.0057373046875000 
-0.0057449340820312 
-0.0057373046875000 
-0.0057296752929688 
-0.0057373046875000 
-0.0057373046875000 
-0.0057449340820312 
-0.0057373046875000 
-0.0057449340820312 
-0.0057449340820312 
-0.0057449340820312 
-0.0057449340820312 
-0.0057525634765625 
-0.0057601928710938 
-0.0057525634765625 
-0.0057601928710938 
-0.0057601928710938 
-0.0057678222656250 
-0.0057754516601562 
-0.0057754516601562 
-0.0057754516601562 
-0.0057754516601562 
-0.0057754516601562 
-0.0057830810546875 
-0.0057754516601562 
-0.0057678222656250 
-0.0057754516601562 
-0.0057830810546875 
-0.0057907104492188 
-0.0057907104492188 
-0.0057830810546875 
-0.0057754516601562 
-0.0057754516601562 
-0.0057830810546875 
-0.0057830810546875 
-0.0057754516601562 
-0.0057754516601562 
-0.0057754516601562 
-0.0057754516601562 
-0.0057678222656250 
-0.0057601928710938 
-0.0057601928710938 
-0.0057678222656250 
-0.0057678222656250 
-0.0057754516601562 
-0.0057678222656250 
-0.0057601928710938 
-0.0057525634765625 
-0.0057525634765625 
-0.0057525634765625 
-0.0057449340820312 
-0.0057373046875000 
-0.0057449340820312 
-0.0057373046875000 
-0.0057373046875000 
-0.0057296752929688 
-0.0057220458984375 
-0.0057144165039062 
-0.0057144165039062 
-0.0057220458984375 
-0.0057296752929688 
-0.0057373046875000 
-0.0057449340820312 
-0.0057525634765625 
-0.0057525634765625 
-0.0057449340820312 
-0.0057449340820312 
-0.0057373046875000 
-0.0057449340820312 
-0.0057373046875000 
-0.0057373046875000 
-0.0057373046875000 
-0.0057296752929688 
-0.0057373046875000 
-0.0057373046875000 
-0.0057373046875000 
-0.0057373046875000 
-0.0057449340820312 
-0.0057525634765625 
-0.0057525634765625 
-0.0057449340820312 
-0.0057373046875000 
-0.0057296752929688 
-0.0057296752929688 
-0.0057296752929688 
-0.0057373046875000 
-0.0057296752929688 
-0.0057296752929688 
-0.0057373046875000 
-0.0057373046875000 
-0.0057373046875000 
-0.0057449340820312 
-0.0057373046875000 
-0.0057296752929688 
-0.0057296752929688 
-0.0057296752929688 
-0.0057373046875000 
-0.0057296752929688 
-0.0057220458984375 
-0.0057220458984375 
-0.0057220458984375 
-0.0057144165039062 
-0.0057144165039062 
-0.0057067871093750 
-0.0056991577148438 
-0.0057067871093750 
-0.0057067871093750 
-0.0057144165039062 
-0.0057220458984375 
-0.0057296752929688 
-0.0057296752929688 
-0.0057373046875000 
-0.0057449340820312 
-0.0057449340820312 
-0.0057525634765625 
-0.0057525634765625 
-0.0057601928710938 
-0.0057678222656250 
-0.0057678222656250 
-0.0057678222656250 
-0.0057601928710938 
-0.0057525634765625 
-0.0057449340820312 
-0.0057373046875000 
-0.0057449340820312 
-0.0057449340820312 
-0.0057373046875000 
-0.0057296752929688 
-0.0057296752929688 
-0.0057373046875000 
-0.0057373046875000 
-0.0057373046875000 
-0.0057373046875000 
-0.0057296752929688 
-0.0057296752929688 
-0.0057373046875000 
-0.0057449340820312 
-0.0057373046875000 
-0.0057296752929688 
-0.0057373046875000 
-0.0057373046875000 
-0.0057449340820312 
-0.0057373046875000 
-0.0057449340820312 
-0.0057373046875000 
-0.0057373046875000 
-0.0057449340820312 
-0.0057449340820312 
-0.0057449340820312 
-0.0057449340820312 
-0.0057525634765625 
-0.0057449340820312 
-0.0057373046875000 
-0.0057373046875000 
-0.0057373046875000 
-0.0057296752929688 
-0.0057296752929688 
-0.0057373046875000 
-0.0057373046875000 
-0.0057449340820312 
-0.0057525634765625 
-0.0057449340820312 
-0.0057373046875000 
-0.0057296752929688 
-0.0057296752929688 
-0.0057296752929688 
-0.0057296752929688 
-0.0057296752929688 
-0.0057220458984375 
-0.0057296752929688 
-0.0057373046875000 
-0.0057449340820312 
-0.0057449340820312 
-0.0057449340820312 
-0.0057525634765625 
-0.0057449340820312 
-0.0057373046875000 
-0.0057449340820312 
-0.0057373046875000 
-0.0057296752929688 
-0.0057296752929688 
-0.0057296752929688 
-0.0057296752929688 
-0.0057220458984375 
-0.0057220458984375 
-0.0057296752929688 
-0.0057296752929688 
-0.0057220458984375 
-0.0057220458984375 
-0.0057296752929688 
-0.0057373046875000 
-0.0057296752929688 
-0.0057373046875000 
-0.0057296752929688 
-0.0057220458984375 
-0.0057220458984375 
-0.0057220458984375 
-0.0057296752929688 
-0.0057373046875000 
-0.0057449340820312 
-0.0057525634765625 
-0.0057449340820312 
-0.0057449340820312 
-0.0057449340820312 
-0.0057449340820312 
-0.0057449340820312 
-0.0057449340820312 
-0.0057373046875000 
-0.0057449340820312 
-0.0057525634765625 
-0.0057449340820312 
-0.0057449340820312 
-0.0057525634765625 
-0.0057525634765625 
-0.0057525634765625 
-0.0057449340820312 
-0.0057449340820312 
-0.0057525634765625 
-0.0057449340820312 
-0.0057449340820312 
-0.0057525634765625 
-0.0057525634765625 
-0.0057449340820312 
-0.0057373046875000 
-0.0057296752929688 
-0.0057373046875000 
-0.0057373046875000 
-0.0057296752929688 
-0.0057220458984375 
-0.0057144165039062 
-0.0057220458984375 
-0.0057296752929688 
-0.0057296752929688 
-0.0057373046875000 
-0.0057449340820312 
-0.0057373046875000 
-0.0057373046875000 
-0.0057296752929688 
-0.0057373046875000 
-0.0057449340820312 
-0.0057449340820312 
-0.0057525634765625 
-0.0057525634765625 
-0.0057525634765625 
-0.0057601928710938 
-0.0057678222656250 
-0.0057754516601562 
-0.0057830810546875 
-0.0057754516601562 
-0.0057830810546875 
-0.0057754516601562 
-0.0057830810546875 
-0.0057907104492188 
-0.0057907104492188 
-0.0057830810546875 
-0.0057754516601562 
-0.0057754516601562 
-0.0057830810546875 
-0.0057754516601562 
-0.0057678222656250 
-0.0057754516601562 
-0.0057678222656250 
-0.0057678222656250 
-0.0057601928710938 
-0.0057601928710938 
-0.0057678222656250 
-0.0057678222656250 
-0.0057754516601562 
-0.0057678222656250 
-0.0057601928710938 
-0.0057525634765625 
-0.0057525634765625 
-0.0057525634765625 
-0.0057525634765625 
-0.0057601928710938 
-0.0057525634765625 
-0.0057525634765625 
-0.0057525634765625 
-0.0057449340820312 
-0.0057525634765625 
-0.0057601928710938 
-0.0057601928710938 
-0.0057601928710938 
-0.0057601928710938 
-0.0057678222656250 
-0.0057601928710938 
-0.0057525634765625 
-0.0057525634765625 
-0.0057525634765625 
-0.0057525634765625 
-0.0057449340820312 
-0.0057525634765625 
-0.0057601928710938 
-0.0057678222656250 
-0.0057678222656250 
-0.0057678222656250 
-0.0057754516601562 
-0.0057830810546875 
-0.0057830810546875 
-0.0057830810546875 
-0.0057907104492188 
-0.0057907104492188 
-0.0057907104492188 
-0.0057907104492188 
-0.0057907104492188 
-0.0057907104492188 
-0.0057907104492188 
-0.0057907104492188 
-0.0057830810546875 
-0.0057754516601562 
-0.0057754516601562 
-0.0057678222656250 
-0.0057754516601562 
-0.0057678222656250 
-0.0057601928710938 
-0.0057601928710938 
-0.0057601928710938 
-0.0057601928710938 
-0.0057525634765625 
-0.0057525634765625 
-0.0057601928710938 
-0.0057678222656250 
-0.0057678222656250 
-0.0057754516601562 
-0.0057754516601562 
-0.0057830810546875 
-0.0057754516601562 
-0.0057754516601562 
-0.0057830810546875 
-0.0057830810546875 
-0.0057830810546875 
-0.0057907104492188 
-0.0057830810546875 
-0.0057907104492188 
-0.0057907104492188 
-0.0057983398437500 
-0.0057907104492188 
-0.0057830810546875 
-0.0057830810546875 
-0.0057754516601562 
-0.0057830810546875 
-0.0057907104492188 
-0.0057830810546875 
-0.0057830810546875 
-0.0057830810546875 
-0.0057907104492188 
-0.0057983398437500 
-0.0058059692382812 
-0.0058135986328125 
-0.0058135986328125 
-0.0058135986328125 
-0.0058135986328125 
-0.0058212280273438 
-0.0058288574218750 
-0.0058288574218750 
-0.0058288574218750 
-0.0058288574218750 
-0.0058288574218750 
-0.0058364868164062 
-0.0058364868164062 
-0.0058441162109375 
-0.0058441162109375 
-0.0058517456054688 
-0.0058441162109375 
-0.0058517456054688 
-0.0058517456054688 
-0.0058441162109375 
-0.0058517456054688 
-0.0058441162109375 
-0.0058441162109375 
-0.0058517456054688 
-0.0058517456054688 
-0.0058593750000000 
-0.0058593750000000 
-0.0058670043945312 
-0.0058746337890625 
-0.0058670043945312 
-0.0058746337890625 
-0.0058670043945312 
-0.0058670043945312 
-0.0058746337890625 
-0.0058746337890625 
-0.0058746337890625 
-0.0058822631835938 
-0.0058822631835938 
-0.0058898925781250 
-0.0058898925781250 
-0.0058898925781250 
-0.0058898925781250 
-0.0058898925781250 
-0.0058822631835938 
-0.0058746337890625 
-0.0058670043945312 
-0.0058593750000000 
-0.0058517456054688 
-0.0058441162109375 
-0.0058364868164062 
-0.0058364868164062 
-0.0058364868164062 
-0.0058288574218750 
-0.0058288574218750 
-0.0058212280273438 
-0.0058212280273438 
-0.0058288574218750 
-0.0058288574218750 
-0.0058288574218750 
-0.0058288574218750 
-0.0058212280273438 
-0.0058212280273438 
-0.0058135986328125 
-0.0058135986328125 
-0.0058212280273438 
-0.0058288574218750 
-0.0058288574218750 
-0.0058212280273438 
-0.0058135986328125 
-0.0058059692382812 
-0.0058059692382812 
-0.0058135986328125 
-0.0058059692382812 
-0.0057983398437500 
-0.0057983398437500 
-0.0058059692382812 
-0.0058059692382812 
-0.0057983398437500 
-0.0057907104492188 
-0.0057907104492188 
-0.0057983398437500 
-0.0057983398437500 
-0.0057983398437500 
-0.0057907104492188 
-0.0057983398437500 
-0.0057983398437500 
-0.0057907104492188 
-0.0057983398437500 
-0.0057983398437500 
-0.0057983398437500 
-0.0057983398437500 
-0.0058059692382812 
-0.0058135986328125 
-0.0058059692382812 
-0.0058135986328125 
-0.0058059692382812 
-0.0058059692382812 
-0.0058059692382812 
-0.0058135986328125 
-0.0058059692382812 
-0.0058059692382812 
-0.0058135986328125 
-0.0058059692382812 
-0.0057983398437500 
-0.0058059692382812 
-0.0058059692382812 
-0.0058135986328125 
-0.0058212280273438 
-0.0058288574218750 
-0.0058288574218750 
-0.0058364868164062 
-0.0058441162109375 
-0.0058517456054688 
-0.0058517456054688 
-0.0058441162109375 
-0.0058517456054688 
-0.0058517456054688 
-0.0058593750000000 
-0.0058593750000000 
-0.0058670043945312 
-0.0058670043945312 
-0.0058670043945312 
-0.0058593750000000 
-0.0058593750000000 
-0.0058517456054688 
-0.0058441162109375 
-0.0058441162109375 
-0.0058441162109375 
-0.0058441162109375 
-0.0058517456054688 
-0.0058441162109375 
-0.0058517456054688 
-0.0058441162109375 
-0.0058364868164062 
-0.0058288574218750 
-0.0058288574218750 
-0.0058212280273438 
-0.0058212280273438 
-0.0058212280273438 
-0.0058288574218750 
-0.0058288574218750 
-0.0058212280273438 
-0.0058135986328125 
-0.0058135986328125 
-0.0058135986328125 
-0.0058212280273438 
-0.0058212280273438 
-0.0058212280273438 
-0.0058212280273438 
-0.0058212280273438 
-0.0058135986328125 
-0.0058212280273438 
-0.0058135986328125 
-0.0058212280273438 
-0.0058212280273438 
-0.0058288574218750 
-0.0058212280273438 
-0.0058135986328125 
-0.0058212280273438 
-0.0058135986328125 
-0.0058059692382812 
-0.0057983398437500 
-0.0057907104492188 
-0.0057830810546875 
-0.0057830810546875 
-0.0057907104492188 
-0.0057830810546875 
-0.0057907104492188 
-0.0057830810546875 
-0.0057830810546875 
-0.0057754516601562 
-0.0057678222656250 
-0.0057754516601562 
-0.0057678222656250 
-0.0057754516601562 
-0.0057830810546875 
-0.0057830810546875 
-0.0057907104492188 
-0.0057983398437500 
-0.0057983398437500 
-0.0058059692382812 
-0.0058135986328125 
-0.0058212280273438 
-0.0058135986328125 
-0.0058059692382812 
-0.0058059692382812 
-0.0057983398437500 
-0.0057907104492188 
-0.0057830810546875 
-0.0057830810546875 
-0.0057907104492188 
-0.0057830810546875 
-0.0057907104492188 
-0.0057907104492188 
-0.0057830810546875 
-0.0057754516601562 
-0.0057830810546875 
-0.0057907104492188 
-0.0057983398437500 
-0.0057907104492188 
-0.0057907104492188 
-0.0057830810546875 
-0.0057754516601562 
-0.0057830810546875 
-0.0057907104492188 
-0.0057830810546875 
-0.0057754516601562 
-0.0057830810546875 
-0.0057830810546875 
-0.0057830810546875 
-0.0057754516601562 
-0.0057754516601562 
-0.0057678222656250 
-0.0057601928710938 
-0.0057601928710938 
-0.0057678222656250 
-0.0057678222656250 
-0.0057601928710938 
-0.0057601928710938 
-0.0057525634765625 
-0.0057449340820312 
-0.0057525634765625 
-0.0057601928710938 
-0.0057525634765625 
-0.0057601928710938 
-0.0057525634765625 
-0.0057449340820312 
-0.0057373046875000 
-0.0057296752929688 
-0.0057373046875000 
-0.0057373046875000 
-0.0057373046875000 
-0.0057296752929688 
-0.0057220458984375 
-0.0057296752929688 
-0.0057296752929688 
-0.0057373046875000 
-0.0057449340820312 
-0.0057449340820312 
-0.0057449340820312 
-0.0057525634765625 
-0.0057601928710938 
-0.0057601928710938 
-0.0057601928710938 
-0.0057678222656250 
-0.0057678222656250 
-0.0057754516601562 
-0.0057678222656250 
-0.0057754516601562 
-0.0057754516601562 
-0.0057830810546875 
-0.0057907104492188 
-0.0057830810546875 
-0.0057830810546875 
-0.0057830810546875 
-0.0057754516601562 
-0.0057754516601562 
-0.0057830810546875 
-0.0057907104492188 
-0.0057830810546875 
-0.0057907104492188 
-0.0057983398437500 
-0.0057983398437500 
-0.0057907104492188 
-0.0057907104492188 
-0.0057983398437500 
-0.0057907104492188 
-0.0057907104492188 
-0.0057830810546875 
-0.0057754516601562 
-0.0057678222656250 
-0.0057678222656250 
-0.0057678222656250 
-0.0057754516601562 
-0.0057678222656250 
-0.0057754516601562 
-0.0057830810546875 
-0.0057754516601562 
-0.0057830810546875 
-0.0057830810546875 
-0.0057754516601562 
-0.0057678222656250 
-0.0057678222656250 
-0.0057754516601562 
-0.0057754516601562 
-0.0057830810546875 
-0.0057907104492188 
-0.0057907104492188 
-0.0057907104492188 
-0.0057907104492188 
-0.0057907104492188 
-0.0057907104492188 
-0.0057907104492188 
-0.0057830810546875 
-0.0057907104492188 
-0.0057830810546875 
-0.0057754516601562 
-0.0057678222656250 
-0.0057678222656250 
-0.0057754516601562 
-0.0057830810546875 
-0.0057907104492188 
-0.0057907104492188 
-0.0057830810546875 
-0.0057754516601562 
-0.0057678222656250 
-0.0057601928710938 
-0.0057678222656250 
-0.0057754516601562 
-0.0057754516601562 
-0.0057678222656250 
-0.0057601928710938 
-0.0057525634765625 
-0.0057525634765625 
-0.0057601928710938 
-0.0057601928710938 
-0.0057678222656250 
-0.0057754516601562 
-0.0057830810546875 
-0.0057754516601562 
-0.0057830810546875 
-0.0057754516601562 
-0.0057754516601562 
-0.0057754516601562 
-0.0057754516601562 
-0.0057678222656250 
-0.0057601928710938 
-0.0057525634765625 
-0.0057601928710938 
-0.0057678222656250 
-0.0057601928710938 
-0.0057525634765625 
-0.0057449340820312 
-0.0057449340820312 
-0.0057449340820312 
-0.0057525634765625 
-0.0057601928710938 
-0.0057678222656250 
-0.0057754516601562 
-0.0057754516601562 
-0.0057678222656250 
-0.0057601928710938 
-0.0057601928710938 
-0.0057678222656250 
-0.0057754516601562 
-0.0057830810546875 
-0.0057830810546875 
-0.0057830810546875 
-0.0057754516601562 
-0.0057830810546875 
-0.0057754516601562 
-0.0057754516601562 
-0.0057830810546875 
-0.0057830810546875 
-0.0057830810546875 
-0.0057907104492188 
-0.0057983398437500 
-0.0057907104492188 
-0.0057907104492188 
-0.0057830810546875 
-0.0057907104492188 
-0.0057830810546875 
-0.0057754516601562 
-0.0057830810546875 
-0.0057754516601562 
-0.0057678222656250 
-0.0057754516601562 
-0.0057830810546875 
-0.0057754516601562 
-0.0057678222656250 
-0.0057601928710938 
-0.0057601928710938 
-0.0057525634765625 
-0.0057601928710938 
-0.0057678222656250 
-0.0057601928710938 
-0.0057678222656250 
-0.0057754516601562 
-0.0057830810546875 
-0.0057907104492188 
-0.0057907104492188 
-0.0057830810546875 
-0.0057830810546875 
-0.0057830810546875 
-0.0057907104492188 
-0.0057907104492188 
-0.0057907104492188 
-0.0057830810546875 
-0.0057907104492188 
-0.0057983398437500 
-0.0057907104492188 
-0.0057983398437500 
-0.0057983398437500 
-0.0058059692382812 
-0.0058135986328125 
-0.0058135986328125 
-0.0058212280273438 
-0.0058288574218750 
-0.0058212280273438 
-0.0058288574218750 
-0.0058364868164062 
-0.0058441162109375 
-0.0058517456054688 
-0.0058517456054688 
-0.0058441162109375 
-0.0058364868164062 
-0.0058288574218750 
-0.0058212280273438 
-0.0058288574218750 
