-0.0059814453125000 
-0.0059890747070312 
-0.0059814453125000 
-0.0059890747070312 
-0.0059890747070312 
-0.0059890747070312 
-0.0059967041015625 
-0.0059967041015625 
-0.0059890747070312 
-0.0059814453125000 
-0.0059890747070312 
-0.0059814453125000 
-0.0059814453125000 
-0.0059738159179688 
-0.0059738159179688 
-0.0059814453125000 
-0.0059738159179688 
-0.0059661865234375 
-0.0059661865234375 
-0.0059738159179688 
-0.0059814453125000 
-0.0059814453125000 
-0.0059738159179688 
-0.0059814453125000 
-0.0059814453125000 
-0.0059890747070312 
-0.0059890747070312 
-0.0059890747070312 
-0.0059967041015625 
-0.0059890747070312 
-0.0059890747070312 
-0.0059814453125000 
-0.0059738159179688 
-0.0059738159179688 
-0.0059661865234375 
-0.0059661865234375 
-0.0059585571289062 
-0.0059585571289062 
-0.0059585571289062 
-0.0059509277343750 
-0.0059585571289062 
-0.0059509277343750 
-0.0059432983398438 
-0.0059509277343750 
-0.0059432983398438 
-0.0059509277343750 
-0.0059585571289062 
-0.0059661865234375 
-0.0059738159179688 
-0.0059814453125000 
-0.0059890747070312 
-0.0059967041015625 
-0.0060043334960938 
-0.0060043334960938 
-0.0060043334960938 
-0.0060119628906250 
-0.0060043334960938 
-0.0060119628906250 
-0.0060043334960938 
-0.0060043334960938 
-0.0060119628906250 
-0.0060119628906250 
-0.0060195922851562 
-0.0060119628906250 
-0.0060043334960938 
-0.0060043334960938 
-0.0060043334960938 
-0.0060043334960938 
-0.0060043334960938 
-0.0060043334960938 
-0.0060119628906250 
-0.0060043334960938 
-0.0060119628906250 
-0.0060043334960938 
-0.0060119628906250 
-0.0060043334960938 
-0.0059967041015625 
-0.0059890747070312 
-0.0059967041015625 
-0.0059967041015625 
-0.0059890747070312 
-0.0059814453125000 
-0.0059738159179688 
-0.0059738159179688 
-0.0059814453125000 
-0.0059738159179688 
-0.0059661865234375 
-0.0059585571289062 
-0.0059509277343750 
-0.0059509277343750 
-0.0059509277343750 
-0.0059432983398438 
-0.0059432983398438 
-0.0059356689453125 
-0.0059356689453125 
-0.0059432983398438 
-0.0059356689453125 
-0.0059356689453125 
-0.0059356689453125 
-0.0059356689453125 
-0.0059356689453125 
-0.0059356689453125 
-0.0059356689453125 
-0.0059432983398438 
-0.0059356689453125 
-0.0059432983398438 
-0.0059356689453125 
-0.0059280395507812 
-0.0059356689453125 
-0.0059356689453125 
-0.0059280395507812 
-0.0059356689453125 
-0.0059432983398438 
-0.0059356689453125 
-0.0059356689453125 
-0.0059432983398438 
-0.0059356689453125 
-0.0059280395507812 
-0.0059204101562500 
-0.0059127807617188 
-0.0059204101562500 
-0.0059204101562500 
-0.0059127807617188 
-0.0059127807617188 
-0.0059127807617188 
-0.0059127807617188 
-0.0059051513671875 
-0.0059127807617188 
-0.0059127807617188 
-0.0059051513671875 
-0.0059127807617188 
-0.0059127807617188 
-0.0059051513671875 
-0.0059051513671875 
-0.0058975219726562 
-0.0058975219726562 
-0.0058898925781250 
-0.0058975219726562 
-0.0058975219726562 
-0.0058975219726562 
-0.0059051513671875 
-0.0059051513671875 
-0.0058975219726562 
-0.0058975219726562 
-0.0059051513671875 
-0.0058975219726562 
-0.0059051513671875 
-0.0059051513671875 
-0.0058975219726562 
-0.0059051513671875 
-0.0059127807617188 
-0.0059051513671875 
-0.0058975219726562 
-0.0058975219726562 
-0.0058898925781250 
-0.0058822631835938 
-0.0058822631835938 
-0.0058822631835938 
-0.0058898925781250 
-0.0058975219726562 
-0.0059051513671875 
-0.0059127807617188 
-0.0059051513671875 
-0.0059127807617188 
-0.0059127807617188 
-0.0059127807617188 
-0.0059051513671875 
-0.0058975219726562 
-0.0059051513671875 
-0.0058975219726562 
-0.0058898925781250 
-0.0058975219726562 
-0.0059051513671875 
-0.0059127807617188 
-0.0059051513671875 
-0.0059127807617188 
-0.0059204101562500 
-0.0059204101562500 
-0.0059280395507812 
-0.0059204101562500 
-0.0059280395507812 
-0.0059280395507812 
-0.0059280395507812 
-0.0059204101562500 
-0.0059280395507812 
-0.0059204101562500 
-0.0059280395507812 
-0.0059280395507812 
-0.0059356689453125 
-0.0059280395507812 
-0.0059280395507812 
-0.0059204101562500 
-0.0059204101562500 
-0.0059127807617188 
-0.0059127807617188 
-0.0059204101562500 
-0.0059280395507812 
-0.0059356689453125 
-0.0059432983398438 
-0.0059509277343750 
-0.0059509277343750 
-0.0059509277343750 
-0.0059432983398438 
-0.0059432983398438 
-0.0059356689453125 
-0.0059356689453125 
-0.0059280395507812 
-0.0059280395507812 
-0.0059280395507812 
-0.0059204101562500 
-0.0059127807617188 
-0.0059204101562500 
-0.0059127807617188 
-0.0059051513671875 
-0.0059127807617188 
-0.0059051513671875 
-0.0058975219726562 
-0.0059051513671875 
-0.0058975219726562 
-0.0058898925781250 
-0.0058975219726562 
-0.0058975219726562 
-0.0059051513671875 
-0.0059051513671875 
-0.0059127807617188 
-0.0059051513671875 
-0.0058975219726562 
-0.0059051513671875 
-0.0059051513671875 
-0.0059127807617188 
-0.0059051513671875 
-0.0059127807617188 
-0.0059204101562500 
-0.0059280395507812 
-0.0059280395507812 
-0.0059204101562500 
-0.0059280395507812 
-0.0059356689453125 
-0.0059280395507812 
-0.0059356689453125 
-0.0059280395507812 
-0.0059280395507812 
-0.0059356689453125 
-0.0059356689453125 
-0.0059356689453125 
-0.0059432983398438 
-0.0059509277343750 
-0.0059509277343750 
-0.0059432983398438 
-0.0059432983398438 
-0.0059509277343750 
-0.0059585571289062 
-0.0059585571289062 
-0.0059661865234375 
-0.0059661865234375 
-0.0059585571289062 
-0.0059661865234375 
-0.0059585571289062 
-0.0059661865234375 
-0.0059585571289062 
-0.0059585571289062 
-0.0059509277343750 
-0.0059585571289062 
-0.0059509277343750 
-0.0059509277343750 
-0.0059509277343750 
-0.0059585571289062 
-0.0059585571289062 
-0.0059509277343750 
-0.0059585571289062 
-0.0059661865234375 
-0.0059661865234375 
-0.0059661865234375 
-0.0059738159179688 
-0.0059738159179688 
-0.0059814453125000 
-0.0059738159179688 
-0.0059814453125000 
-0.0059814453125000 
-0.0059738159179688 
-0.0059661865234375 
-0.0059661865234375 
-0.0059585571289062 
-0.0059661865234375 
-0.0059661865234375 
-0.0059585571289062 
-0.0059585571289062 
-0.0059661865234375 
-0.0059661865234375 
-0.0059585571289062 
-0.0059585571289062 
-0.0059509277343750 
-0.0059432983398438 
-0.0059509277343750 
-0.0059585571289062 
-0.0059509277343750 
-0.0059585571289062 
-0.0059509277343750 
-0.0059585571289062 
-0.0059509277343750 
-0.0059432983398438 
-0.0059356689453125 
-0.0059432983398438 
-0.0059509277343750 
-0.0059432983398438 
-0.0059432983398438 
-0.0059509277343750 
-0.0059509277343750 
-0.0059585571289062 
-0.0059585571289062 
-0.0059585571289062 
-0.0059585571289062 
-0.0059585571289062 
-0.0059509277343750 
-0.0059585571289062 
-0.0059509277343750 
-0.0059432983398438 
-0.0059432983398438 
-0.0059356689453125 
-0.0059280395507812 
-0.0059280395507812 
-0.0059280395507812 
-0.0059204101562500 
-0.0059127807617188 
-0.0059127807617188 
-0.0059051513671875 
-0.0059127807617188 
-0.0059051513671875 
-0.0059127807617188 
-0.0059204101562500 
-0.0059204101562500 
-0.0059204101562500 
-0.0059204101562500 
-0.0059204101562500 
-0.0059280395507812 
-0.0059204101562500 
-0.0059127807617188 
-0.0059127807617188 
-0.0059051513671875 
-0.0058975219726562 
-0.0058975219726562 
-0.0059051513671875 
-0.0058975219726562 
-0.0059051513671875 
-0.0059127807617188 
-0.0059204101562500 
-0.0059280395507812 
-0.0059356689453125 
-0.0059356689453125 
-0.0059280395507812 
-0.0059280395507812 
-0.0059204101562500 
-0.0059204101562500 
-0.0059204101562500 
-0.0059127807617188 
-0.0059204101562500 
-0.0059280395507812 
-0.0059356689453125 
-0.0059280395507812 
-0.0059280395507812 
-0.0059280395507812 
-0.0059356689453125 
-0.0059432983398438 
-0.0059509277343750 
-0.0059509277343750 
-0.0059432983398438 
-0.0059356689453125 
-0.0059280395507812 
-0.0059204101562500 
-0.0059204101562500 
-0.0059280395507812 
-0.0059280395507812 
-0.0059356689453125 
-0.0059432983398438 
-0.0059432983398438 
-0.0059432983398438 
-0.0059432983398438 
-0.0059432983398438 
-0.0059356689453125 
-0.0059280395507812 
-0.0059204101562500 
-0.0059280395507812 
-0.0059204101562500 
-0.0059204101562500 
-0.0059280395507812 
-0.0059356689453125 
-0.0059432983398438 
-0.0059509277343750 
-0.0059432983398438 
-0.0059432983398438 
-0.0059432983398438 
-0.0059432983398438 
-0.0059509277343750 
-0.0059509277343750 
-0.0059585571289062 
-0.0059509277343750 
-0.0059509277343750 
-0.0059509277343750 
-0.0059509277343750 
-0.0059585571289062 
-0.0059509277343750 
-0.0059509277343750 
-0.0059432983398438 
-0.0059509277343750 
-0.0059585571289062 
-0.0059661865234375 
-0.0059661865234375 
-0.0059585571289062 
-0.0059509277343750 
-0.0059432983398438 
-0.0059356689453125 
-0.0059280395507812 
-0.0059356689453125 
-0.0059432983398438 
-0.0059432983398438 
-0.0059432983398438 
-0.0059356689453125 
-0.0059356689453125 
-0.0059280395507812 
-0.0059204101562500 
-0.0059204101562500 
-0.0059280395507812 
-0.0059204101562500 
-0.0059204101562500 
-0.0059127807617188 
-0.0059127807617188 
-0.0059127807617188 
-0.0059204101562500 
-0.0059127807617188 
-0.0059127807617188 
-0.0059127807617188 
-0.0059127807617188 
-0.0059051513671875 
-0.0058975219726562 
-0.0059051513671875 
-0.0059051513671875 
-0.0059051513671875 
-0.0059127807617188 
-0.0059204101562500 
-0.0059204101562500 
-0.0059204101562500 
-0.0059204101562500 
-0.0059204101562500 
-0.0059127807617188 
-0.0059127807617188 
-0.0059204101562500 
-0.0059127807617188 
-0.0059051513671875 
-0.0058975219726562 
-0.0059051513671875 
-0.0059127807617188 
-0.0059051513671875 
-0.0059051513671875 
-0.0059127807617188 
-0.0059204101562500 
-0.0059127807617188 
-0.0059051513671875 
-0.0059127807617188 
-0.0059204101562500 
-0.0059127807617188 
-0.0059051513671875 
-0.0058975219726562 
-0.0058898925781250 
-0.0058822631835938 
-0.0058746337890625 
-0.0058670043945312 
-0.0058670043945312 
-0.0058746337890625 
-0.0058746337890625 
-0.0058746337890625 
-0.0058746337890625 
-0.0058822631835938 
-0.0058822631835938 
-0.0058822631835938 
-0.0058822631835938 
-0.0058822631835938 
-0.0058822631835938 
-0.0058898925781250 
-0.0058898925781250 
-0.0058822631835938 
-0.0058746337890625 
-0.0058670043945312 
-0.0058670043945312 
-0.0058746337890625 
-0.0058746337890625 
-0.0058746337890625 
-0.0058822631835938 
-0.0058822631835938 
-0.0058746337890625 
-0.0058746337890625 
-0.0058822631835938 
-0.0058822631835938 
-0.0058822631835938 
-0.0058898925781250 
-0.0058822631835938 
-0.0058898925781250 
-0.0058975219726562 
-0.0059051513671875 
-0.0059051513671875 
-0.0058975219726562 
-0.0058898925781250 
-0.0058975219726562 
-0.0058975219726562 
-0.0059051513671875 
-0.0058975219726562 
-0.0058975219726562 
-0.0059051513671875 
-0.0059127807617188 
-0.0059127807617188 
-0.0059204101562500 
-0.0059204101562500 
-0.0059127807617188 
-0.0059204101562500 
-0.0059127807617188 
-0.0059127807617188 
-0.0059051513671875 
-0.0058975219726562 
-0.0059051513671875 
-0.0059127807617188 
-0.0059204101562500 
-0.0059280395507812 
-0.0059204101562500 
-0.0059204101562500 
-0.0059204101562500 
-0.0059280395507812 
-0.0059280395507812 
-0.0059280395507812 
-0.0059204101562500 
-0.0059280395507812 
-0.0059204101562500 
-0.0059280395507812 
-0.0059204101562500 
-0.0059280395507812 
-0.0059204101562500 
-0.0059280395507812 
-0.0059356689453125 
-0.0059432983398438 
-0.0059356689453125 
-0.0059280395507812 
-0.0059356689453125 
-0.0059356689453125 
-0.0059280395507812 
-0.0059280395507812 
-0.0059204101562500 
-0.0059204101562500 
-0.0059280395507812 
-0.0059280395507812 
-0.0059356689453125 
-0.0059280395507812 
-0.0059204101562500 
-0.0059280395507812 
-0.0059280395507812 
-0.0059356689453125 
-0.0059280395507812 
-0.0059280395507812 
-0.0059204101562500 
-0.0059127807617188 
-0.0059051513671875 
-0.0059051513671875 
-0.0059127807617188 
-0.0059204101562500 
-0.0059204101562500 
-0.0059127807617188 
-0.0059051513671875 
-0.0059051513671875 
-0.0059127807617188 
-0.0059204101562500 
-0.0059127807617188 
-0.0059204101562500 
-0.0059204101562500 
-0.0059280395507812 
-0.0059356689453125 
-0.0059280395507812 
-0.0059280395507812 
-0.0059280395507812 
-0.0059204101562500 
-0.0059280395507812 
-0.0059204101562500 
-0.0059204101562500 
-0.0059127807617188 
-0.0059051513671875 
-0.0059127807617188 
-0.0059127807617188 
-0.0059204101562500 
-0.0059127807617188 
-0.0059127807617188 
-0.0059051513671875 
-0.0058975219726562 
-0.0058975219726562 
-0.0059051513671875 
-0.0059051513671875 
-0.0059051513671875 
-0.0059127807617188 
-0.0059127807617188 
-0.0059127807617188 
-0.0059204101562500 
-0.0059204101562500 
-0.0059280395507812 
-0.0059280395507812 
-0.0059280395507812 
-0.0059356689453125 
-0.0059356689453125 
-0.0059280395507812 
-0.0059356689453125 
-0.0059280395507812 
-0.0059204101562500 
-0.0059204101562500 
-0.0059204101562500 
-0.0059127807617188 
-0.0059127807617188 
-0.0059051513671875 
-0.0059051513671875 
-0.0059127807617188 
-0.0059051513671875 
-0.0059127807617188 
-0.0059051513671875 
-0.0059051513671875 
-0.0059051513671875 
-0.0059127807617188 
-0.0059204101562500 
-0.0059127807617188 
-0.0059127807617188 
-0.0059204101562500 
-0.0059280395507812 
-0.0059204101562500 
-0.0059204101562500 
-0.0059127807617188 
-0.0059204101562500 
-0.0059204101562500 
-0.0059127807617188 
-0.0059127807617188 
-0.0059051513671875 
-0.0059051513671875 
-0.0059127807617188 
-0.0059051513671875 
-0.0058975219726562 
-0.0058898925781250 
-0.0058822631835938 
-0.0058746337890625 
-0.0058746337890625 
-0.0058670043945312 
-0.0058746337890625 
-0.0058822631835938 
-0.0058746337890625 
-0.0058746337890625 
-0.0058670043945312 
-0.0058746337890625 
-0.0058746337890625 
-0.0058670043945312 
-0.0058593750000000 
-0.0058517456054688 
-0.0058593750000000 
-0.0058517456054688 
-0.0058593750000000 
-0.0058593750000000 
-0.0058517456054688 
-0.0058517456054688 
-0.0058593750000000 
-0.0058670043945312 
-0.0058593750000000 
-0.0058517456054688 
-0.0058517456054688 
-0.0058517456054688 
-0.0058441162109375 
-0.0058517456054688 
-0.0058593750000000 
-0.0058670043945312 
-0.0058593750000000 
-0.0058670043945312 
-0.0058593750000000 
-0.0058670043945312 
-0.0058593750000000 
-0.0058517456054688 
-0.0058593750000000 
-0.0058670043945312 
-0.0058746337890625 
-0.0058670043945312 
-0.0058670043945312 
-0.0058593750000000 
-0.0058670043945312 
-0.0058593750000000 
-0.0058670043945312 
-0.0058746337890625 
-0.0058746337890625 
-0.0058746337890625 
-0.0058670043945312 
-0.0058670043945312 
-0.0058670043945312 
-0.0058746337890625 
-0.0058822631835938 
-0.0058822631835938 
-0.0058746337890625 
-0.0058822631835938 
-0.0058822631835938 
-0.0058746337890625 
-0.0058822631835938 
-0.0058746337890625 
-0.0058670043945312 
-0.0058746337890625 
-0.0058670043945312 
-0.0058670043945312 
-0.0058746337890625 
-0.0058822631835938 
-0.0058822631835938 
-0.0058746337890625 
-0.0058822631835938 
-0.0058822631835938 
-0.0058822631835938 
-0.0058746337890625 
-0.0058822631835938 
-0.0058898925781250 
-0.0058822631835938 
-0.0058746337890625 
-0.0058670043945312 
-0.0058746337890625 
-0.0058746337890625 
-0.0058746337890625 
-0.0058746337890625 
-0.0058822631835938 
-0.0058898925781250 
-0.0058822631835938 
-0.0058746337890625 
-0.0058670043945312 
-0.0058746337890625 
-0.0058746337890625 
-0.0058822631835938 
-0.0058746337890625 
-0.0058822631835938 
-0.0058746337890625 
-0.0058746337890625 
-0.0058670043945312 
-0.0058670043945312 
-0.0058593750000000 
-0.0058593750000000 
-0.0058593750000000 
-0.0058670043945312 
-0.0058670043945312 
-0.0058670043945312 
-0.0058593750000000 
-0.0058593750000000 
-0.0058593750000000 
-0.0058517456054688 
-0.0058517456054688 
-0.0058441162109375 
-0.0058517456054688 
-0.0058441162109375 
-0.0058517456054688 
-0.0058593750000000 
-0.0058593750000000 
-0.0058593750000000 
-0.0058517456054688 
-0.0058441162109375 
-0.0058517456054688 
-0.0058593750000000 
-0.0058670043945312 
-0.0058593750000000 
-0.0058517456054688 
-0.0058593750000000 
-0.0058517456054688 
-0.0058441162109375 
-0.0058517456054688 
-0.0058441162109375 
-0.0058441162109375 
-0.0058517456054688 
-0.0058593750000000 
-0.0058593750000000 
-0.0058517456054688 
-0.0058441162109375 
-0.0058441162109375 
-0.0058441162109375 
-0.0058517456054688 
-0.0058441162109375 
-0.0058441162109375 
-0.0058364868164062 
-0.0058364868164062 
-0.0058364868164062 
-0.0058288574218750 
-0.0058212280273438 
-0.0058288574218750 
-0.0058288574218750 
-0.0058212280273438 
-0.0058212280273438 
-0.0058212280273438 
-0.0058212280273438 
-0.0058135986328125 
-0.0058135986328125 
-0.0058212280273438 
-0.0058135986328125 
-0.0058059692382812 
-0.0058059692382812 
-0.0058135986328125 
-0.0058212280273438 
-0.0058212280273438 
-0.0058212280273438 
-0.0058135986328125 
-0.0058212280273438 
-0.0058135986328125 
-0.0058059692382812 
-0.0057983398437500 
-0.0057907104492188 
-0.0057830810546875 
-0.0057907104492188 
-0.0057907104492188 
-0.0057983398437500 
-0.0057907104492188 
-0.0057907104492188 
-0.0057830810546875 
-0.0057830810546875 
-0.0057754516601562 
-0.0057754516601562 
-0.0057754516601562 
-0.0057830810546875 
-0.0057830810546875 
-0.0057907104492188 
-0.0057983398437500 
-0.0057907104492188 
-0.0057830810546875 
-0.0057830810546875 
-0.0057907104492188 
-0.0057907104492188 
-0.0057830810546875 
-0.0057754516601562 
-0.0057830810546875 
-0.0057907104492188 
-0.0057983398437500 
-0.0057983398437500 
-0.0057907104492188 
-0.0057830810546875 
-0.0057754516601562 
-0.0057678222656250 
-0.0057678222656250 
-0.0057754516601562 
-0.0057678222656250 
-0.0057678222656250 
-0.0057754516601562 
-0.0057678222656250 
-0.0057601928710938 
-0.0057601928710938 
-0.0057525634765625 
-0.0057601928710938 
-0.0057601928710938 
-0.0057678222656250 
-0.0057678222656250 
-0.0057678222656250 
-0.0057754516601562 
-0.0057678222656250 
-0.0057601928710938 
-0.0057601928710938 
-0.0057678222656250 
-0.0057601928710938 
-0.0057525634765625 
-0.0057601928710938 
-0.0057525634765625 
-0.0057601928710938 
-0.0057678222656250 
-0.0057754516601562 
-0.0057754516601562 
-0.0057678222656250 
-0.0057601928710938 
-0.0057601928710938 
-0.0057525634765625 
-0.0057601928710938 
-0.0057678222656250 
-0.0057601928710938 
-0.0057678222656250 
-0.0057754516601562 
-0.0057830810546875 
-0.0057907104492188 
-0.0057983398437500 
-0.0058059692382812 
-0.0057983398437500 
-0.0057907104492188 
-0.0057983398437500 
-0.0058059692382812 
-0.0057983398437500 
-0.0057983398437500 
-0.0058059692382812 
-0.0058135986328125 
-0.0058135986328125 
-0.0058212280273438 
-0.0058135986328125 
-0.0058135986328125 
-0.0058212280273438 
-0.0058288574218750 
-0.0058364868164062 
-0.0058364868164062 
-0.0058364868164062 
-0.0058441162109375 
-0.0058517456054688 
-0.0058441162109375 
-0.0058364868164062 
-0.0058288574218750 
-0.0058212280273438 
-0.0058135986328125 
-0.0058135986328125 
-0.0058212280273438 
-0.0058212280273438 
-0.0058212280273438 
-0.0058288574218750 
-0.0058212280273438 
-0.0058135986328125 
-0.0058212280273438 
-0.0058288574218750 
-0.0058212280273438 
-0.0058135986328125 
-0.0058059692382812 
-0.0058135986328125 
-0.0058059692382812 
-0.0057983398437500 
-0.0057983398437500 
-0.0058059692382812 
-0.0058135986328125 
-0.0058135986328125 
-0.0058212280273438 
-0.0058135986328125 
-0.0058135986328125 
-0.0058212280273438 
-0.0058212280273438 
-0.0058288574218750 
-0.0058288574218750 
-0.0058364868164062 
-0.0058288574218750 
-0.0058288574218750 
-0.0058212280273438 
-0.0058212280273438 
-0.0058212280273438 
-0.0058135986328125 
-0.0058212280273438 
-0.0058288574218750 
-0.0058364868164062 
-0.0058288574218750 
-0.0058212280273438 
-0.0058212280273438 
-0.0058212280273438 
-0.0058135986328125 
-0.0058212280273438 
-0.0058212280273438 
-0.0058135986328125 
-0.0058212280273438 
-0.0058135986328125 
-0.0058212280273438 
-0.0058212280273438 
-0.0058288574218750 
-0.0058288574218750 
-0.0058212280273438 
-0.0058135986328125 
-0.0058059692382812 
-0.0058135986328125 
-0.0058212280273438 
-0.0058288574218750 
-0.0058364868164062 
-0.0058364868164062 
-0.0058364868164062 
-0.0058288574218750 
-0.0058288574218750 
-0.0058212280273438 
-0.0058288574218750 
-0.0058212280273438 
-0.0058288574218750 
-0.0058212280273438 
-0.0058135986328125 
-0.0058059692382812 
-0.0058135986328125 
-0.0058135986328125 
-0.0058212280273438 
-0.0058135986328125 
-0.0058059692382812 
-0.0058059692382812 
-0.0058059692382812 
-0.0058135986328125 
-0.0058212280273438 
-0.0058135986328125 
-0.0058059692382812 
-0.0058059692382812 
-0.0058059692382812 
-0.0058059692382812 
-0.0057983398437500 
-0.0057907104492188 
-0.0057830810546875 
-0.0057907104492188 
-0.0057830810546875 
-0.0057830810546875 
-0.0057754516601562 
-0.0057678222656250 
-0.0057754516601562 
-0.0057678222656250 
-0.0057754516601562 
-0.0057754516601562 
-0.0057678222656250 
-0.0057601928710938 
-0.0057601928710938 
-0.0057525634765625 
-0.0057449340820312 
-0.0057525634765625 
-0.0057449340820312 
-0.0057449340820312 
-0.0057449340820312 
-0.0057373046875000 
-0.0057373046875000 
-0.0057296752929688 
