0.0049972534179688 
0.0049896240234375 
0.0049972534179688 
0.0050048828125000 
0.0050048828125000 
0.0050048828125000 
0.0049972534179688 
0.0049972534179688 
0.0050048828125000 
0.0049972534179688 
0.0050048828125000 
0.0050048828125000 
0.0050048828125000 
0.0050048828125000 
0.0049972534179688 
0.0049896240234375 
0.0049972534179688 
0.0049896240234375 
0.0049896240234375 
0.0049972534179688 
0.0049896240234375 
0.0049819946289062 
0.0049743652343750 
0.0049819946289062 
0.0049896240234375 
0.0049819946289062 
0.0049819946289062 
0.0049743652343750 
0.0049819946289062 
0.0049743652343750 
0.0049667358398438 
0.0049743652343750 
0.0049667358398438 
0.0049667358398438 
0.0049743652343750 
0.0049819946289062 
0.0049743652343750 
0.0049743652343750 
0.0049819946289062 
0.0049819946289062 
0.0049896240234375 
0.0049896240234375 
0.0049972534179688 
0.0049972534179688 
0.0050048828125000 
0.0049972534179688 
0.0050048828125000 
0.0049972534179688 
0.0050048828125000 
0.0050048828125000 
0.0049972534179688 
0.0049896240234375 
0.0049972534179688 
0.0050048828125000 
0.0049972534179688 
0.0049896240234375 
0.0049972534179688 
0.0049972534179688 
0.0049972534179688 
0.0049896240234375 
0.0049972534179688 
0.0049972534179688 
0.0050048828125000 
0.0050048828125000 
0.0050125122070312 
0.0050048828125000 
0.0050048828125000 
0.0050125122070312 
0.0050201416015625 
0.0050125122070312 
0.0050048828125000 
0.0049972534179688 
0.0049896240234375 
0.0049972534179688 
0.0050048828125000 
0.0050048828125000 
0.0050125122070312 
0.0050201416015625 
0.0050201416015625 
0.0050125122070312 
0.0050125122070312 
0.0050048828125000 
0.0050048828125000 
0.0050125122070312 
0.0050201416015625 
0.0050277709960938 
0.0050277709960938 
0.0050354003906250 
0.0050430297851562 
0.0050430297851562 
0.0050430297851562 
0.0050506591796875 
0.0050582885742188 
0.0050659179687500 
0.0050735473632812 
0.0050811767578125 
0.0050888061523438 
0.0050964355468750 
0.0050888061523438 
0.0050888061523438 
0.0050811767578125 
0.0050735473632812 
0.0050811767578125 
0.0050888061523438 
0.0050964355468750 
0.0050888061523438 
0.0050811767578125 
0.0050735473632812 
0.0050811767578125 
0.0050735473632812 
0.0050659179687500 
0.0050735473632812 
0.0050811767578125 
0.0050735473632812 
0.0050659179687500 
0.0050582885742188 
0.0050659179687500 
0.0050582885742188 
0.0050659179687500 
0.0050735473632812 
0.0050735473632812 
0.0050811767578125 
0.0050735473632812 
0.0050811767578125 
0.0050888061523438 
0.0050964355468750 
0.0050964355468750 
0.0051040649414062 
0.0050964355468750 
0.0050888061523438 
0.0050811767578125 
0.0050888061523438 
0.0050964355468750 
0.0050888061523438 
0.0050888061523438 
0.0050964355468750 
0.0050964355468750 
0.0050964355468750 
0.0050888061523438 
0.0050811767578125 
0.0050811767578125 
0.0050888061523438 
0.0050964355468750 
0.0050888061523438 
0.0050811767578125 
0.0050735473632812 
0.0050659179687500 
0.0050659179687500 
0.0050582885742188 
0.0050506591796875 
0.0050582885742188 
0.0050659179687500 
0.0050582885742188 
0.0050659179687500 
0.0050582885742188 
0.0050582885742188 
0.0050506591796875 
0.0050506591796875 
0.0050582885742188 
0.0050506591796875 
0.0050430297851562 
0.0050506591796875 
0.0050430297851562 
0.0050506591796875 
0.0050430297851562 
0.0050506591796875 
0.0050430297851562 
0.0050430297851562 
0.0050430297851562 
0.0050430297851562 
0.0050506591796875 
0.0050430297851562 
0.0050354003906250 
0.0050354003906250 
0.0050354003906250 
0.0050354003906250 
0.0050430297851562 
0.0050354003906250 
0.0050430297851562 
0.0050354003906250 
0.0050354003906250 
0.0050354003906250 
0.0050354003906250 
0.0050430297851562 
0.0050506591796875 
0.0050582885742188 
0.0050582885742188 
0.0050659179687500 
0.0050582885742188 
0.0050506591796875 
0.0050430297851562 
0.0050430297851562 
0.0050430297851562 
0.0050430297851562 
0.0050354003906250 
0.0050277709960938 
0.0050277709960938 
0.0050201416015625 
0.0050277709960938 
0.0050354003906250 
0.0050430297851562 
0.0050354003906250 
0.0050430297851562 
0.0050506591796875 
0.0050582885742188 
0.0050582885742188 
0.0050582885742188 
0.0050506591796875 
0.0050506591796875 
0.0050430297851562 
0.0050506591796875 
0.0050506591796875 
0.0050430297851562 
0.0050430297851562 
0.0050506591796875 
0.0050582885742188 
0.0050582885742188 
0.0050582885742188 
0.0050582885742188 
0.0050582885742188 
0.0050506591796875 
0.0050430297851562 
0.0050506591796875 
0.0050430297851562 
0.0050430297851562 
0.0050430297851562 
0.0050506591796875 
0.0050506591796875 
0.0050430297851562 
0.0050506591796875 
0.0050430297851562 
0.0050430297851562 
0.0050354003906250 
0.0050430297851562 
0.0050430297851562 
0.0050354003906250 
0.0050277709960938 
0.0050277709960938 
0.0050354003906250 
0.0050354003906250 
0.0050277709960938 
0.0050354003906250 
0.0050277709960938 
0.0050354003906250 
0.0050430297851562 
0.0050430297851562 
0.0050354003906250 
0.0050430297851562 
0.0050430297851562 
0.0050506591796875 
0.0050582885742188 
0.0050659179687500 
0.0050582885742188 
0.0050506591796875 
0.0050506591796875 
0.0050582885742188 
0.0050659179687500 
0.0050582885742188 
0.0050582885742188 
0.0050582885742188 
0.0050659179687500 
0.0050582885742188 
0.0050506591796875 
0.0050506591796875 
0.0050582885742188 
0.0050506591796875 
0.0050430297851562 
0.0050430297851562 
0.0050506591796875 
0.0050506591796875 
0.0050430297851562 
0.0050506591796875 
0.0050582885742188 
0.0050659179687500 
0.0050582885742188 
0.0050659179687500 
0.0050582885742188 
0.0050506591796875 
0.0050506591796875 
0.0050582885742188 
0.0050506591796875 
0.0050430297851562 
0.0050354003906250 
0.0050430297851562 
0.0050430297851562 
0.0050354003906250 
0.0050354003906250 
0.0050430297851562 
0.0050354003906250 
0.0050354003906250 
0.0050354003906250 
0.0050277709960938 
0.0050277709960938 
0.0050354003906250 
0.0050277709960938 
0.0050277709960938 
0.0050354003906250 
0.0050430297851562 
0.0050506591796875 
0.0050582885742188 
0.0050582885742188 
0.0050506591796875 
0.0050506591796875 
0.0050506591796875 
0.0050506591796875 
0.0050506591796875 
0.0050582885742188 
0.0050506591796875 
0.0050430297851562 
0.0050354003906250 
0.0050354003906250 
0.0050430297851562 
0.0050506591796875 
0.0050582885742188 
0.0050506591796875 
0.0050430297851562 
0.0050430297851562 
0.0050506591796875 
0.0050582885742188 
0.0050582885742188 
0.0050659179687500 
0.0050659179687500 
0.0050582885742188 
0.0050582885742188 
0.0050582885742188 
0.0050659179687500 
0.0050735473632812 
0.0050735473632812 
0.0050659179687500 
0.0050582885742188 
0.0050582885742188 
0.0050506591796875 
0.0050506591796875 
0.0050582885742188 
0.0050582885742188 
0.0050659179687500 
0.0050659179687500 
0.0050582885742188 
0.0050659179687500 
0.0050582885742188 
0.0050506591796875 
0.0050582885742188 
0.0050582885742188 
0.0050659179687500 
0.0050582885742188 
0.0050659179687500 
0.0050659179687500 
0.0050735473632812 
0.0050811767578125 
0.0050735473632812 
0.0050735473632812 
0.0050735473632812 
0.0050735473632812 
0.0050659179687500 
0.0050735473632812 
0.0050735473632812 
0.0050735473632812 
0.0050735473632812 
0.0050735473632812 
0.0050659179687500 
0.0050735473632812 
0.0050735473632812 
0.0050811767578125 
0.0050735473632812 
0.0050659179687500 
0.0050582885742188 
0.0050582885742188 
0.0050506591796875 
0.0050506591796875 
0.0050430297851562 
0.0050354003906250 
0.0050277709960938 
0.0050201416015625 
0.0050125122070312 
0.0050125122070312 
0.0050048828125000 
0.0049972534179688 
0.0049896240234375 
0.0049972534179688 
0.0049972534179688 
0.0049896240234375 
0.0049896240234375 
0.0049819946289062 
0.0049743652343750 
0.0049667358398438 
0.0049743652343750 
0.0049667358398438 
0.0049667358398438 
0.0049743652343750 
0.0049667358398438 
0.0049591064453125 
0.0049591064453125 
0.0049667358398438 
0.0049591064453125 
0.0049591064453125 
0.0049591064453125 
0.0049514770507812 
0.0049514770507812 
0.0049591064453125 
0.0049667358398438 
0.0049591064453125 
0.0049667358398438 
0.0049743652343750 
0.0049743652343750 
0.0049743652343750 
0.0049819946289062 
0.0049896240234375 
0.0049896240234375 
0.0049819946289062 
0.0049819946289062 
0.0049819946289062 
0.0049896240234375 
0.0049972534179688 
0.0050048828125000 
0.0050125122070312 
0.0050048828125000 
0.0050048828125000 
0.0050048828125000 
0.0050125122070312 
0.0050048828125000 
0.0049972534179688 
0.0050048828125000 
0.0049972534179688 
0.0049896240234375 
0.0049972534179688 
0.0049896240234375 
0.0049819946289062 
0.0049896240234375 
0.0049896240234375 
0.0049819946289062 
0.0049743652343750 
0.0049667358398438 
0.0049591064453125 
0.0049667358398438 
0.0049591064453125 
0.0049514770507812 
0.0049514770507812 
0.0049438476562500 
0.0049438476562500 
0.0049438476562500 
0.0049438476562500 
0.0049514770507812 
0.0049514770507812 
0.0049438476562500 
0.0049362182617188 
0.0049438476562500 
0.0049438476562500 
0.0049514770507812 
0.0049514770507812 
0.0049438476562500 
0.0049438476562500 
0.0049362182617188 
0.0049438476562500 
0.0049514770507812 
0.0049514770507812 
0.0049591064453125 
0.0049514770507812 
0.0049591064453125 
0.0049514770507812 
0.0049438476562500 
0.0049362182617188 
0.0049362182617188 
0.0049285888671875 
0.0049209594726562 
0.0049209594726562 
0.0049133300781250 
0.0049133300781250 
0.0049057006835938 
0.0049057006835938 
0.0049057006835938 
0.0049133300781250 
0.0049209594726562 
0.0049209594726562 
0.0049133300781250 
0.0049057006835938 
0.0049057006835938 
0.0048980712890625 
0.0049057006835938 
0.0049133300781250 
0.0049209594726562 
0.0049133300781250 
0.0049057006835938 
0.0048980712890625 
0.0048904418945312 
0.0048980712890625 
0.0048904418945312 
0.0048828125000000 
0.0048904418945312 
0.0048980712890625 
0.0049057006835938 
0.0049057006835938 
0.0048980712890625 
0.0048904418945312 
0.0048980712890625 
0.0048980712890625 
0.0049057006835938 
0.0049133300781250 
0.0049057006835938 
0.0048980712890625 
0.0048904418945312 
0.0048828125000000 
0.0048751831054688 
0.0048828125000000 
0.0048751831054688 
0.0048828125000000 
0.0048904418945312 
0.0048980712890625 
0.0049057006835938 
0.0049133300781250 
0.0049057006835938 
0.0048980712890625 
0.0048904418945312 
0.0048980712890625 
0.0049057006835938 
0.0049057006835938 
0.0049057006835938 
0.0048980712890625 
0.0049057006835938 
0.0049133300781250 
0.0049209594726562 
0.0049133300781250 
0.0049133300781250 
0.0049057006835938 
0.0048980712890625 
0.0048980712890625 
0.0049057006835938 
0.0049057006835938 
0.0049133300781250 
0.0049209594726562 
0.0049133300781250 
0.0049209594726562 
0.0049285888671875 
0.0049209594726562 
0.0049285888671875 
0.0049362182617188 
0.0049285888671875 
0.0049285888671875 
0.0049209594726562 
0.0049209594726562 
0.0049133300781250 
0.0049133300781250 
0.0049133300781250 
0.0049209594726562 
0.0049285888671875 
0.0049362182617188 
0.0049438476562500 
0.0049438476562500 
0.0049514770507812 
0.0049438476562500 
0.0049362182617188 
0.0049438476562500 
0.0049514770507812 
0.0049438476562500 
0.0049362182617188 
0.0049362182617188 
0.0049362182617188 
0.0049285888671875 
0.0049362182617188 
0.0049285888671875 
0.0049285888671875 
0.0049209594726562 
0.0049133300781250 
0.0049209594726562 
0.0049285888671875 
0.0049362182617188 
0.0049438476562500 
0.0049438476562500 
0.0049514770507812 
0.0049514770507812 
0.0049438476562500 
0.0049362182617188 
0.0049285888671875 
0.0049209594726562 
0.0049209594726562 
0.0049133300781250 
0.0049057006835938 
0.0049133300781250 
0.0049209594726562 
0.0049133300781250 
0.0049209594726562 
0.0049133300781250 
0.0049209594726562 
0.0049209594726562 
0.0049133300781250 
0.0049057006835938 
0.0049133300781250 
0.0049057006835938 
0.0048980712890625 
0.0048980712890625 
0.0049057006835938 
0.0049133300781250 
0.0049057006835938 
0.0049133300781250 
0.0049057006835938 
0.0049133300781250 
0.0049057006835938 
0.0049133300781250 
0.0049209594726562 
0.0049133300781250 
0.0049209594726562 
0.0049133300781250 
0.0049057006835938 
0.0048980712890625 
0.0049057006835938 
0.0049057006835938 
0.0049133300781250 
0.0049133300781250 
0.0049057006835938 
0.0049133300781250 
0.0049209594726562 
0.0049209594726562 
0.0049285888671875 
0.0049209594726562 
0.0049209594726562 
0.0049209594726562 
0.0049133300781250 
0.0049057006835938 
0.0049133300781250 
0.0049209594726562 
0.0049133300781250 
0.0049209594726562 
0.0049285888671875 
0.0049362182617188 
0.0049362182617188 
0.0049362182617188 
0.0049438476562500 
0.0049438476562500 
0.0049362182617188 
0.0049285888671875 
0.0049362182617188 
0.0049362182617188 
0.0049362182617188 
0.0049438476562500 
0.0049514770507812 
0.0049514770507812 
0.0049591064453125 
0.0049591064453125 
0.0049591064453125 
0.0049591064453125 
0.0049667358398438 
0.0049591064453125 
0.0049667358398438 
0.0049591064453125 
0.0049591064453125 
0.0049591064453125 
0.0049667358398438 
0.0049743652343750 
0.0049743652343750 
0.0049819946289062 
0.0049743652343750 
0.0049819946289062 
0.0049896240234375 
0.0049819946289062 
0.0049896240234375 
0.0049819946289062 
0.0049896240234375 
0.0049896240234375 
0.0049819946289062 
0.0049896240234375 
0.0049972534179688 
0.0049972534179688 
0.0050048828125000 
0.0050048828125000 
0.0050125122070312 
0.0050048828125000 
0.0050125122070312 
0.0050125122070312 
0.0050048828125000 
0.0049972534179688 
0.0049972534179688 
0.0049972534179688 
0.0049896240234375 
0.0049972534179688 
0.0050048828125000 
0.0049972534179688 
0.0049896240234375 
0.0049819946289062 
0.0049896240234375 
0.0049819946289062 
0.0049743652343750 
0.0049819946289062 
0.0049743652343750 
0.0049667358398438 
0.0049591064453125 
0.0049514770507812 
0.0049591064453125 
0.0049667358398438 
0.0049743652343750 
0.0049667358398438 
0.0049743652343750 
0.0049819946289062 
0.0049896240234375 
0.0049972534179688 
0.0049896240234375 
0.0049972534179688 
0.0049896240234375 
0.0049819946289062 
0.0049743652343750 
0.0049743652343750 
0.0049667358398438 
0.0049743652343750 
0.0049743652343750 
0.0049667358398438 
0.0049667358398438 
0.0049591064453125 
0.0049514770507812 
0.0049591064453125 
0.0049591064453125 
0.0049514770507812 
0.0049438476562500 
0.0049362182617188 
0.0049438476562500 
0.0049362182617188 
0.0049285888671875 
0.0049362182617188 
0.0049438476562500 
0.0049362182617188 
0.0049438476562500 
0.0049438476562500 
0.0049362182617188 
0.0049285888671875 
0.0049285888671875 
0.0049209594726562 
0.0049133300781250 
0.0049209594726562 
0.0049285888671875 
0.0049362182617188 
0.0049362182617188 
0.0049285888671875 
0.0049285888671875 
0.0049285888671875 
0.0049209594726562 
0.0049133300781250 
0.0049209594726562 
0.0049209594726562 
0.0049209594726562 
0.0049285888671875 
0.0049285888671875 
0.0049362182617188 
0.0049438476562500 
0.0049362182617188 
0.0049438476562500 
0.0049514770507812 
0.0049591064453125 
0.0049514770507812 
0.0049591064453125 
0.0049514770507812 
0.0049438476562500 
0.0049362182617188 
0.0049362182617188 
0.0049285888671875 
0.0049209594726562 
0.0049209594726562 
0.0049285888671875 
0.0049209594726562 
0.0049133300781250 
0.0049057006835938 
0.0049057006835938 
0.0049057006835938 
0.0048980712890625 
0.0049057006835938 
0.0049133300781250 
0.0049057006835938 
0.0048980712890625 
0.0048980712890625 
0.0048904418945312 
0.0048904418945312 
0.0048980712890625 
0.0049057006835938 
0.0048980712890625 
0.0048904418945312 
0.0048980712890625 
0.0049057006835938 
0.0048980712890625 
0.0049057006835938 
0.0048980712890625 
0.0048980712890625 
0.0049057006835938 
0.0049133300781250 
0.0049209594726562 
0.0049209594726562 
0.0049209594726562 
0.0049133300781250 
0.0049133300781250 
0.0049133300781250 
0.0049057006835938 
0.0049133300781250 
0.0049057006835938 
0.0048980712890625 
0.0048904418945312 
0.0048980712890625 
0.0048904418945312 
0.0048828125000000 
0.0048904418945312 
0.0048828125000000 
0.0048828125000000 
0.0048828125000000 
0.0048904418945312 
0.0048980712890625 
0.0049057006835938 
0.0048980712890625 
0.0048904418945312 
0.0048828125000000 
0.0048751831054688 
0.0048675537109375 
0.0048751831054688 
0.0048751831054688 
0.0048751831054688 
0.0048675537109375 
0.0048599243164062 
0.0048599243164062 
0.0048522949218750 
0.0048599243164062 
0.0048599243164062 
0.0048675537109375 
0.0048675537109375 
0.0048675537109375 
0.0048675537109375 
0.0048675537109375 
0.0048675537109375 
0.0048599243164062 
0.0048599243164062 
0.0048599243164062 
0.0048599243164062 
0.0048599243164062 
0.0048522949218750 
0.0048522949218750 
0.0048522949218750 
0.0048446655273438 
0.0048522949218750 
0.0048599243164062 
0.0048522949218750 
0.0048599243164062 
0.0048522949218750 
0.0048599243164062 
0.0048675537109375 
0.0048751831054688 
0.0048675537109375 
0.0048751831054688 
0.0048751831054688 
0.0048828125000000 
0.0048828125000000 
0.0048904418945312 
0.0048828125000000 
0.0048904418945312 
0.0048828125000000 
0.0048751831054688 
0.0048751831054688 
0.0048828125000000 
0.0048904418945312 
0.0048904418945312 
0.0048980712890625 
0.0049057006835938 
0.0049057006835938 
0.0049133300781250 
0.0049209594726562 
0.0049209594726562 
0.0049285888671875 
0.0049362182617188 
0.0049438476562500 
0.0049362182617188 
0.0049285888671875 
0.0049285888671875 
0.0049285888671875 
0.0049209594726562 
0.0049285888671875 
0.0049209594726562 
0.0049285888671875 
0.0049285888671875 
0.0049362182617188 
0.0049362182617188 
0.0049438476562500 
0.0049514770507812 
0.0049514770507812 
0.0049591064453125 
0.0049591064453125 
0.0049591064453125 
0.0049667358398438 
0.0049591064453125 
0.0049667358398438 
0.0049667358398438 
0.0049743652343750 
0.0049743652343750 
0.0049667358398438 
0.0049591064453125 
0.0049667358398438 
0.0049743652343750 
0.0049819946289062 
0.0049896240234375 
0.0049819946289062 
0.0049743652343750 
0.0049667358398438 
0.0049743652343750 
0.0049667358398438 
0.0049591064453125 
0.0049514770507812 
0.0049514770507812 
0.0049438476562500 
0.0049438476562500 
0.0049362182617188 
0.0049438476562500 
0.0049514770507812 
0.0049514770507812 
0.0049514770507812 
0.0049514770507812 
0.0049438476562500 
0.0049362182617188 
0.0049285888671875 
0.0049209594726562 
0.0049209594726562 
0.0049133300781250 
0.0049057006835938 
0.0049057006835938 
0.0049057006835938 
0.0049057006835938 
0.0048980712890625 
0.0049057006835938 
0.0049133300781250 
0.0049057006835938 
0.0049133300781250 
0.0049133300781250 
0.0049133300781250 
0.0049133300781250 
0.0049209594726562 
0.0049285888671875 
0.0049285888671875 
0.0049209594726562 
0.0049133300781250 
0.0049209594726562 
0.0049285888671875 
0.0049209594726562 
0.0049133300781250 
0.0049209594726562 
0.0049285888671875 
0.0049209594726562 
0.0049209594726562 
0.0049133300781250 
0.0049057006835938 
0.0048980712890625 
0.0048904418945312 
0.0048980712890625 
0.0049057006835938 
0.0049057006835938 
0.0049133300781250 
0.0049209594726562 
0.0049285888671875 
0.0049285888671875 
0.0049209594726562 
0.0049133300781250 
0.0049133300781250 
0.0049057006835938 
0.0048980712890625 
0.0049057006835938 
0.0048980712890625 
0.0048904418945312 
0.0048828125000000 
0.0048751831054688 
0.0048828125000000 
0.0048751831054688 
0.0048751831054688 
0.0048828125000000 
0.0048828125000000 
0.0048904418945312 
0.0048980712890625 
0.0048904418945312 
0.0048828125000000 
0.0048904418945312 
0.0048980712890625 
0.0048904418945312 
0.0048980712890625 
0.0049057006835938 
0.0049133300781250 
0.0049057006835938 
0.0049133300781250 
0.0049133300781250 
0.0049133300781250 
0.0049133300781250 
0.0049057006835938 
0.0049133300781250 
0.0049057006835938 
0.0049133300781250 
0.0049209594726562 
0.0049285888671875 
0.0049285888671875 
0.0049209594726562 
0.0049209594726562 
0.0049285888671875 
0.0049285888671875 
0.0049209594726562 
0.0049133300781250 
0.0049057006835938 
0.0048980712890625 
0.0048980712890625 
0.0049057006835938 
0.0048980712890625 
0.0048904418945312 
0.0048828125000000 
0.0048751831054688 
0.0048675537109375 
0.0048675537109375 
