casea
0 -514.08914
0.049994956 -514.08896
0.099990561 -514.07681
0.14998716 -514.04038
0.19998502 -513.98458
0.24998431 -513.92103
0.29998509 -513.86332
0.34998729 -513.82423
0.3999907 -513.80412
0.449995 -513.79463
0.49999979 -513.79114
0.55000453 -513.79463
0.60000883 -513.80412
0.65001227 -513.82423
0.7000145 -513.86332
0.75001533 -513.92103
0.80001467 -513.98458
0.8500126 -514.04038
0.90000927 -514.07681
0.95000496 -514.08896
1 -514.08914
caseb
0 -514.08914
0.050009888 -514.06792
0.10001972 -513.99094
0.15004462 -513.88238
0.20018672 -513.7793
0.25087573 -513.70571
0.30336801 -513.66797
0.35972601 -513.64807
0.40340068 -513.65239
0.45081547 -513.6534
0.50001072 -513.65039
0.54983872 -513.65351
0.59983639 -513.65181
0.64986288 -513.64928
0.69989269 -513.67025
0.74992012 -513.70678
0.79994362 -513.77969
0.84996275 -513.88245
0.89997787 -513.99094
0.94998985 -514.06792
1 -514.08914
casec
0 -514.08914
0.040992766 -514.07996
0.083171979 -514.0176
0.12712914 -513.91596
0.1730352 -513.83047
0.22009041 -513.79788
0.2656841 -513.79146
0.32548723 -513.81317
0.38339422 -513.90363
0.44141647 -514.03506
0.49987977 -514.08914
0.55825726 -514.03527
0.61581842 -513.90497
0.67187352 -513.81523
0.72585936 -513.79256
0.77740011 -513.797
0.82636859 -513.82971
0.87275301 -513.91569
0.91680788 -514.01756
0.95900467 -514.07995
1 -514.08914
cased
0 -514.08914
0.048825772 -514.08303
0.097598601 -514.02332
0.14640003 -513.91381
0.19538945 -513.79417
0.2447575 -513.67669
0.29467134 -513.55873
0.34521751 -513.46482
0.39636358 -513.42638
0.44792401 -513.44402
0.49952385 -513.45966
0.55060374 -513.44475
0.60071622 -513.42624
0.6534518 -513.46299
0.70486365 -513.55766
0.75511354 -513.67636
0.80458131 -513.79409
0.85359385 -513.91379
0.90239991 -514.02331
0.95117384 -514.08303
1 -514.08914
casee
0 -514.08914
0.048061381 -514.07731
0.09644584 -514.03397
0.14556913 -513.9625
0.19578536 -513.87656
0.24716421 -513.79509
0.29918463 -513.73053
0.35088923 -513.68979
0.40148654 -513.67079
0.45034914 -513.66727
0.50149879 -513.66814
0.55160346 -513.66732
0.60161604 -513.67042
0.65224357 -513.68894
0.70355137 -513.72969
0.75496343 -513.79533
0.80570812 -513.87787
0.85538719 -513.96378
0.90410124 -514.0346
0.95218233 -514.07742
1 -514.08914
casef
0 -514.08914
0.047719729 -514.08129
0.095706994 -514.05468
0.14419899 -514.01009
0.19339273 -513.95032
0.24340596 -513.88137
0.29424604 -513.8125
0.34578859 -513.75326
0.39783003 -513.70936
0.45058119 -513.67799
0.50498937 -513.654
0.56221848 -513.63556
0.61882698 -513.61991
0.67148311 -513.60696
0.72479515 -513.60101
0.7710884 -513.60416
0.81806772 -513.61626
0.86445229 -513.63383
0.91010571 -513.65113
0.95519344 -513.66365
1 -513.66814
