-0.0031500000000000 
-0.0031500000000000 
-0.0031500000000000 
-0.0032000000000000 
-0.0031500000000000 
-0.0031000000000000 
-0.0031500000000000 
-0.0031500000000000 
-0.0031000000000000 
-0.0031500000000000 
-0.0032000000000000 
-0.0032000000000000 
-0.0032500000000000 
-0.0032500000000000 
-0.0032000000000000 
-0.0032000000000000 
-0.0031500000000000 
-0.0031500000000000 
-0.0031500000000000 
-0.0032000000000000 
-0.0032500000000000 
-0.0032000000000000 
-0.0032000000000000 
-0.0032000000000000 
-0.0031500000000000 
-0.0031500000000000 
-0.0031500000000000 
-0.0031000000000000 
-0.0031000000000000 
-0.0031000000000000 
-0.0031000000000000 
-0.0030500000000000 
-0.0031000000000000 
-0.0031000000000000 
-0.0031000000000000 
-0.0031000000000000 
-0.0030500000000000 
-0.0030500000000000 
-0.0031000000000000 
-0.0031000000000000 
-0.0030500000000000 
-0.0031000000000000 
-0.0031000000000000 
-0.0031500000000000 
-0.0031000000000000 
-0.0031000000000000 
-0.0031000000000000 
-0.0031000000000000 
-0.0031000000000000 
-0.0031500000000000 
-0.0031500000000000 
-0.0031500000000000 
-0.0032000000000000 
-0.0031500000000000 
-0.0032000000000000 
-0.0032500000000000 
-0.0032000000000000 
-0.0031500000000000 
-0.0031500000000000 
-0.0032000000000000 
-0.0032000000000000 
-0.0031500000000000 
-0.0031000000000000 
-0.0031000000000000 
-0.0031500000000000 
-0.0031500000000000 
-0.0031500000000000 
-0.0031500000000000 
-0.0031000000000000 
-0.0031500000000000 
-0.0031500000000000 
-0.0031500000000000 
-0.0032000000000000 
-0.0031500000000000 
-0.0031000000000000 
-0.0031000000000000 
-0.0031500000000000 
-0.0032000000000000 
-0.0032000000000000 
-0.0032000000000000 
-0.0031500000000000 
-0.0031500000000000 
-0.0031500000000000 
-0.0032000000000000 
-0.0031500000000000 
-0.0031000000000000 
-0.0031500000000000 
-0.0031500000000000 
-0.0031500000000000 
-0.0031000000000000 
-0.0030500000000000 
-0.0031000000000000 
-0.0030500000000000 
-0.0030000000000000 
-0.0030500000000000 
-0.0030500000000000 
-0.0030000000000000 
-0.0029500000000000 
-0.0030000000000000 
-0.0030000000000000 
-0.0030500000000000 
-0.0031000000000000 
-0.0031000000000000 
-0.0030500000000000 
-0.0030500000000000 
-0.0030500000000000 
-0.0030000000000000 
-0.0030000000000000 
-0.0030500000000000 
-0.0030000000000000 
-0.0030500000000000 
-0.0031000000000000 
-0.0031000000000000 
-0.0031000000000000 
-0.0030500000000000 
-0.0031000000000000 
-0.0031500000000000 
-0.0031000000000000 
-0.0031000000000000 
-0.0031000000000000 
-0.0031500000000000 
-0.0031000000000000 
-0.0031000000000000 
-0.0030500000000000 
-0.0031000000000000 
-0.0031500000000000 
-0.0031500000000000 
-0.0032000000000000 
-0.0031500000000000 
-0.0032000000000000 
-0.0031500000000000 
-0.0031000000000000 
-0.0031000000000000 
-0.0030500000000000 
-0.0030500000000000 
-0.0030500000000000 
-0.0031000000000000 
-0.0031000000000000 
-0.0030500000000000 
-0.0030000000000000 
-0.0030500000000000 
-0.0031000000000000 
-0.0031000000000000 
-0.0031000000000000 
-0.0030500000000000 
-0.0031000000000000 
-0.0031500000000000 
-0.0031500000000000 
-0.0031500000000000 
-0.0031000000000000 
-0.0030500000000000 
-0.0031000000000000 
-0.0030500000000000 
-0.0030500000000000 
-0.0030500000000000 
-0.0030500000000000 
-0.0031000000000000 
-0.0031000000000000 
-0.0031000000000000 
-0.0031000000000000 
-0.0030500000000000 
-0.0030500000000000 
-0.0030000000000000 
-0.0030500000000000 
-0.0030000000000000 
-0.0030500000000000 
-0.0030000000000000 
-0.0030000000000000 
-0.0030000000000000 
-0.0030000000000000 
-0.0030000000000000 
-0.0030000000000000 
-0.0030000000000000 
-0.0030000000000000 
-0.0029500000000000 
-0.0029500000000000 
-0.0029500000000000 
-0.0029000000000000 
-0.0029000000000000 
-0.0029000000000000 
-0.0029500000000000 
-0.0029000000000000 
-0.0029000000000000 
-0.0029500000000000 
-0.0030000000000000 
-0.0030000000000000 
-0.0030000000000000 
-0.0030500000000000 
-0.0031000000000000 
-0.0031000000000000 
-0.0030500000000000 
-0.0030000000000000 
-0.0029500000000000 
-0.0029500000000000 
-0.0029500000000000 
-0.0029000000000000 
-0.0029000000000000 
-0.0029500000000000 
-0.0030000000000000 
-0.0029500000000000 
-0.0029000000000000 
-0.0029500000000000 
-0.0029500000000000 
-0.0029500000000000 
-0.0030000000000000 
-0.0030000000000000 
-0.0029500000000000 
-0.0029000000000000 
-0.0029000000000000 
-0.0029500000000000 
-0.0030000000000000 
-0.0030000000000000 
-0.0030000000000000 
-0.0029500000000000 
-0.0029000000000000 
-0.0028500000000000 
-0.0028500000000000 
-0.0028000000000000 
-0.0028000000000000 
-0.0028500000000000 
-0.0028000000000000 
-0.0028000000000000 
-0.0028500000000000 
-0.0028000000000000 
-0.0027500000000000 
-0.0028000000000000 
-0.0028500000000000 
-0.0028000000000000 
-0.0028500000000000 
-0.0028500000000000 
-0.0028500000000000 
-0.0029000000000000 
-0.0029500000000000 
-0.0029500000000000 
-0.0029500000000000 
-0.0029500000000000 
-0.0029500000000000 
-0.0029500000000000 
-0.0029000000000000 
-0.0028500000000000 
-0.0028000000000000 
-0.0027500000000000 
-0.0027000000000000 
-0.0027500000000000 
-0.0027500000000000 
-0.0027500000000000 
-0.0027000000000000 
-0.0026500000000000 
-0.0026500000000000 
-0.0027000000000000 
-0.0027500000000000 
-0.0027500000000000 
-0.0027500000000000 
-0.0027500000000000 
-0.0028000000000000 
-0.0027500000000000 
-0.0027000000000000 
-0.0027000000000000 
-0.0027500000000000 
-0.0028000000000000 
-0.0028000000000000 
-0.0028500000000000 
-0.0028500000000000 
-0.0028500000000000 
-0.0029000000000000 
-0.0029000000000000 
-0.0029000000000000 
-0.0029500000000000 
-0.0029500000000000 
-0.0029500000000000 
-0.0029000000000000 
-0.0029000000000000 
-0.0029000000000000 
-0.0029000000000000 
-0.0029000000000000 
-0.0029500000000000 
-0.0029500000000000 
-0.0030000000000000 
-0.0030500000000000 
-0.0030000000000000 
-0.0030500000000000 
-0.0030000000000000 
-0.0030000000000000 
-0.0029500000000000 
-0.0029500000000000 
-0.0030000000000000 
-0.0030000000000000 
-0.0029500000000000 
-0.0030000000000000 
-0.0030500000000000 
-0.0030000000000000 
-0.0029500000000000 
-0.0029000000000000 
-0.0029500000000000 
-0.0029000000000000 
-0.0029500000000000 
-0.0029500000000000 
-0.0030000000000000 
-0.0029500000000000 
-0.0030000000000000 
-0.0029500000000000 
-0.0029500000000000 
-0.0029500000000000 
-0.0029000000000000 
-0.0029000000000000 
-0.0029000000000000 
-0.0029500000000000 
-0.0029500000000000 
-0.0029000000000000 
-0.0029000000000000 
-0.0029000000000000 
-0.0029500000000000 
-0.0029000000000000 
-0.0029000000000000 
-0.0029000000000000 
-0.0029000000000000 
-0.0028500000000000 
-0.0028500000000000 
-0.0028500000000000 
-0.0028500000000000 
-0.0028000000000000 
-0.0028000000000000 
-0.0028000000000000 
-0.0027500000000000 
-0.0027000000000000 
-0.0027000000000000 
-0.0026500000000000 
-0.0026500000000000 
-0.0026000000000000 
-0.0026500000000000 
-0.0026500000000000 
-0.0026500000000000 
-0.0026000000000000 
-0.0026500000000000 
-0.0027000000000000 
-0.0027500000000000 
-0.0027500000000000 
-0.0027500000000000 
-0.0028000000000000 
-0.0027500000000000 
-0.0027000000000000 
-0.0027500000000000 
-0.0028000000000000 
-0.0028000000000000 
-0.0028000000000000 
-0.0028000000000000 
-0.0028500000000000 
-0.0028500000000000 
-0.0028000000000000 
-0.0028000000000000 
-0.0028000000000000 
-0.0028500000000000 
-0.0028000000000000 
-0.0027500000000000 
-0.0027000000000000 
-0.0027000000000000 
-0.0027500000000000 
-0.0028000000000000 
-0.0028500000000000 
-0.0028500000000000 
-0.0028500000000000 
-0.0028000000000000 
-0.0028000000000000 
-0.0027500000000000 
-0.0028000000000000 
-0.0028000000000000 
-0.0028500000000000 
-0.0029000000000000 
-0.0029000000000000 
-0.0029000000000000 
-0.0029500000000000 
-0.0029500000000000 
-0.0029500000000000 
-0.0030000000000000 
-0.0030500000000000 
-0.0030000000000000 
-0.0030000000000000 
-0.0030500000000000 
-0.0030500000000000 
-0.0030000000000000 
-0.0030000000000000 
-0.0030000000000000 
-0.0030000000000000 
-0.0030000000000000 
-0.0029500000000000 
-0.0029000000000000 
-0.0028500000000000 
-0.0028500000000000 
-0.0028500000000000 
-0.0029000000000000 
-0.0029500000000000 
-0.0029500000000000 
-0.0030000000000000 
-0.0030000000000000 
-0.0030000000000000 
-0.0030000000000000 
-0.0030500000000000 
-0.0030500000000000 
-0.0031000000000000 
-0.0031500000000000 
-0.0031000000000000 
-0.0031000000000000 
-0.0031500000000000 
-0.0032000000000000 
-0.0032000000000000 
-0.0032500000000000 
-0.0032000000000000 
-0.0032000000000000 
-0.0032000000000000 
-0.0031500000000000 
-0.0031500000000000 
-0.0032000000000000 
-0.0032500000000000 
-0.0032500000000000 
-0.0032500000000000 
-0.0032500000000000 
-0.0033000000000000 
-0.0032500000000000 
-0.0033000000000000 
-0.0033500000000000 
-0.0033000000000000 
-0.0032500000000000 
-0.0032500000000000 
-0.0032500000000000 
-0.0032000000000000 
-0.0032500000000000 
-0.0032500000000000 
-0.0032500000000000 
-0.0032000000000000 
-0.0032000000000000 
-0.0032000000000000 
-0.0032000000000000 
-0.0032000000000000 
-0.0031500000000000 
-0.0031500000000000 
-0.0031500000000000 
-0.0031000000000000 
-0.0030500000000000 
-0.0030000000000000 
-0.0030500000000000 
-0.0030500000000000 
-0.0030000000000000 
-0.0029500000000000 
-0.0029500000000000 
-0.0029500000000000 
-0.0029000000000000 
-0.0029000000000000 
-0.0028500000000000 
-0.0028000000000000 
-0.0028500000000000 
-0.0028000000000000 
-0.0027500000000000 
-0.0028000000000000 
-0.0028500000000000 
-0.0029000000000000 
-0.0028500000000000 
-0.0028500000000000 
-0.0028000000000000 
-0.0027500000000000 
-0.0028000000000000 
-0.0027500000000000 
-0.0028000000000000 
-0.0028000000000000 
-0.0028000000000000 
-0.0028500000000000 
-0.0028500000000000 
-0.0029000000000000 
-0.0028500000000000 
-0.0028000000000000 
-0.0027500000000000 
-0.0027500000000000 
-0.0027500000000000 
-0.0027000000000000 
-0.0026500000000000 
-0.0026500000000000 
-0.0027000000000000 
-0.0027000000000000 
-0.0026500000000000 
-0.0026500000000000 
-0.0026000000000000 
-0.0026500000000000 
-0.0027000000000000 
-0.0026500000000000 
-0.0026000000000000 
-0.0026500000000000 
-0.0026500000000000 
-0.0027000000000000 
-0.0027500000000000 
-0.0027500000000000 
-0.0027000000000000 
-0.0027000000000000 
-0.0027500000000000 
-0.0028000000000000 
-0.0028500000000000 
-0.0028500000000000 
-0.0028500000000000 
-0.0029000000000000 
-0.0029500000000000 
-0.0030000000000000 
-0.0030500000000000 
-0.0031000000000000 
-0.0031000000000000 
-0.0030500000000000 
-0.0031000000000000 
-0.0030500000000000 
-0.0030500000000000 
-0.0030000000000000 
-0.0030500000000000 
-0.0030000000000000 
-0.0030000000000000 
-0.0029500000000000 
-0.0030000000000000 
-0.0030000000000000 
-0.0030500000000000 
-0.0030500000000000 
-0.0030500000000000 
-0.0030000000000000 
-0.0030500000000000 
-0.0030500000000000 
-0.0030000000000000 
-0.0030000000000000 
-0.0030500000000000 
-0.0030000000000000 
-0.0030500000000000 
-0.0030000000000000 
-0.0030500000000000 
-0.0031000000000000 
-0.0031500000000000 
-0.0031000000000000 
-0.0031500000000000 
-0.0031000000000000 
-0.0031000000000000 
-0.0031000000000000 
-0.0031500000000000 
-0.0031500000000000 
-0.0031500000000000 
-0.0032000000000000 
-0.0032000000000000 
-0.0032500000000000 
-0.0032500000000000 
-0.0032500000000000 
-0.0032000000000000 
-0.0031500000000000 
-0.0031000000000000 
-0.0031500000000000 
-0.0032000000000000 
-0.0032500000000000 
-0.0033000000000000 
-0.0033500000000000 
-0.0033000000000000 
-0.0033500000000000 
-0.0033500000000000 
-0.0034000000000000 
-0.0034000000000000 
-0.0034500000000000 
-0.0035000000000000 
-0.0035500000000000 
-0.0035000000000000 
-0.0035500000000000 
-0.0035500000000000 
-0.0035500000000000 
-0.0035000000000000 
-0.0034500000000000 
-0.0035000000000000 
-0.0035500000000000 
-0.0036000000000000 
-0.0035500000000000 
-0.0035000000000000 
-0.0035000000000000 
-0.0035000000000000 
-0.0035500000000000 
-0.0035000000000000 
-0.0035500000000000 
-0.0035000000000000 
-0.0035500000000000 
-0.0036000000000000 
-0.0036000000000000 
-0.0035500000000000 
-0.0035000000000000 
-0.0034500000000000 
-0.0034500000000000 
-0.0035000000000000 
-0.0035500000000000 
-0.0035000000000000 
-0.0035000000000000 
-0.0035500000000000 
-0.0036000000000000 
-0.0036500000000000 
-0.0036000000000000 
-0.0036000000000000 
-0.0036000000000000 
-0.0035500000000000 
-0.0035500000000000 
-0.0035500000000000 
-0.0035500000000000 
-0.0035000000000000 
-0.0035500000000000 
-0.0035500000000000 
-0.0036000000000000 
-0.0036000000000000 
-0.0035500000000000 
-0.0036000000000000 
-0.0036500000000000 
-0.0037000000000000 
-0.0037500000000000 
-0.0037500000000000 
-0.0037500000000000 
-0.0037500000000000 
-0.0038000000000000 
-0.0038000000000000 
-0.0038000000000000 
-0.0038500000000000 
-0.0038500000000000 
-0.0038000000000000 
-0.0038000000000000 
-0.0038500000000000 
-0.0038500000000000 
-0.0038500000000000 
-0.0038000000000000 
-0.0037500000000000 
-0.0037500000000000 
-0.0037000000000000 
-0.0037500000000000 
-0.0038000000000000 
-0.0038000000000000 
-0.0038000000000000 
-0.0038500000000000 
-0.0039000000000000 
-0.0039500000000000 
-0.0039000000000000 
-0.0039000000000000 
-0.0039000000000000 
-0.0038500000000000 
-0.0038000000000000 
-0.0037500000000000 
-0.0037500000000000 
-0.0038000000000000 
-0.0037500000000000 
-0.0038000000000000 
-0.0037500000000000 
-0.0037000000000000 
-0.0037500000000000 
-0.0037000000000000 
-0.0036500000000000 
-0.0036500000000000 
-0.0036500000000000 
-0.0036000000000000 
-0.0035500000000000 
-0.0036000000000000 
-0.0036000000000000 
-0.0035500000000000 
-0.0035500000000000 
-0.0036000000000000 
-0.0036000000000000 
-0.0036500000000000 
-0.0036000000000000 
-0.0036000000000000 
-0.0036000000000000 
-0.0036500000000000 
-0.0036000000000000 
-0.0036000000000000 
-0.0035500000000000 
-0.0036000000000000 
-0.0036000000000000 
-0.0035500000000000 
-0.0035000000000000 
-0.0035000000000000 
-0.0035500000000000 
-0.0035500000000000 
-0.0035000000000000 
-0.0034500000000000 
-0.0034500000000000 
-0.0035000000000000 
-0.0034500000000000 
-0.0035000000000000 
-0.0035500000000000 
-0.0035000000000000 
-0.0035000000000000 
-0.0035500000000000 
-0.0035500000000000 
-0.0035000000000000 
-0.0035500000000000 
-0.0036000000000000 
-0.0036500000000000 
-0.0036500000000000 
-0.0036000000000000 
-0.0036000000000000 
-0.0035500000000000 
-0.0035000000000000 
-0.0035000000000000 
-0.0034500000000000 
-0.0034000000000000 
-0.0034000000000000 
-0.0034500000000000 
-0.0034500000000000 
-0.0035000000000000 
-0.0035500000000000 
-0.0036000000000000 
-0.0035500000000000 
-0.0035500000000000 
-0.0036000000000000 
-0.0035500000000000 
-0.0036000000000000 
-0.0035500000000000 
-0.0035000000000000 
-0.0035000000000000 
-0.0035000000000000 
-0.0035000000000000 
-0.0034500000000000 
-0.0034500000000000 
-0.0034000000000000 
-0.0034500000000000 
-0.0034000000000000 
-0.0034000000000000 
-0.0034000000000000 
-0.0034000000000000 
-0.0034500000000000 
-0.0034500000000000 
-0.0035000000000000 
-0.0035500000000000 
-0.0036000000000000 
-0.0036000000000000 
-0.0035500000000000 
-0.0036000000000000 
-0.0036000000000000 
-0.0036000000000000 
-0.0036500000000000 
-0.0036000000000000 
-0.0036000000000000 
-0.0036000000000000 
-0.0036000000000000 
-0.0036000000000000 
-0.0036500000000000 
-0.0036000000000000 
-0.0036000000000000 
-0.0036000000000000 
-0.0036000000000000 
-0.0036500000000000 
-0.0036000000000000 
-0.0036500000000000 
-0.0036000000000000 
-0.0036000000000000 
-0.0035500000000000 
-0.0035500000000000 
-0.0035000000000000 
-0.0034500000000000 
-0.0034000000000000 
-0.0034500000000000 
-0.0035000000000000 
-0.0035500000000000 
-0.0035000000000000 
-0.0034500000000000 
-0.0035000000000000 
-0.0035500000000000 
-0.0035000000000000 
-0.0034500000000000 
-0.0034500000000000 
-0.0034500000000000 
-0.0034500000000000 
-0.0034500000000000 
-0.0035000000000000 
-0.0035500000000000 
-0.0035500000000000 
-0.0036000000000000 
-0.0036000000000000 
-0.0036000000000000 
-0.0035500000000000 
-0.0035500000000000 
-0.0036000000000000 
-0.0036000000000000 
-0.0036000000000000 
-0.0035500000000000 
-0.0036000000000000 
-0.0036500000000000 
-0.0036000000000000 
-0.0035500000000000 
-0.0035500000000000 
-0.0036000000000000 
-0.0036000000000000 
-0.0036000000000000 
-0.0036500000000000 
-0.0036000000000000 
-0.0035500000000000 
-0.0035500000000000 
-0.0035000000000000 
-0.0035000000000000 
-0.0035000000000000 
-0.0035500000000000 
-0.0035500000000000 
-0.0035500000000000 
-0.0036000000000000 
-0.0035500000000000 
-0.0036000000000000 
-0.0036000000000000 
-0.0036500000000000 
-0.0037000000000000 
-0.0037500000000000 
-0.0037500000000000 
-0.0037500000000000 
-0.0037000000000000 
-0.0037500000000000 
-0.0037500000000000 
-0.0037500000000000 
-0.0037000000000000 
-0.0037000000000000 
-0.0037000000000000 
-0.0037500000000000 
-0.0037500000000000 
-0.0037500000000000 
-0.0038000000000000 
-0.0038500000000000 
-0.0038000000000000 
-0.0037500000000000 
-0.0037500000000000 
-0.0038000000000000 
-0.0037500000000000 
-0.0037000000000000 
-0.0037000000000000 
-0.0036500000000000 
-0.0036000000000000 
-0.0036500000000000 
-0.0037000000000000 
-0.0037000000000000 
-0.0036500000000000 
-0.0037000000000000 
-0.0037000000000000 
-0.0036500000000000 
-0.0036000000000000 
-0.0036500000000000 
-0.0036000000000000 
-0.0036000000000000 
-0.0036000000000000 
-0.0036000000000000 
-0.0036000000000000 
-0.0035500000000000 
-0.0035500000000000 
-0.0035500000000000 
-0.0035500000000000 
-0.0035000000000000 
-0.0035500000000000 
-0.0035000000000000 
-0.0035000000000000 
-0.0035000000000000 
-0.0035000000000000 
-0.0035500000000000 
-0.0035000000000000 
-0.0034500000000000 
-0.0034000000000000 
-0.0033500000000000 
-0.0033500000000000 
-0.0033000000000000 
-0.0033000000000000 
-0.0032500000000000 
-0.0032500000000000 
-0.0033000000000000 
-0.0033000000000000 
-0.0032500000000000 
-0.0033000000000000 
-0.0033000000000000 
-0.0032500000000000 
-0.0032500000000000 
-0.0032000000000000 
-0.0031500000000000 
-0.0031500000000000 
-0.0031000000000000 
-0.0031500000000000 
-0.0031000000000000 
-0.0030500000000000 
-0.0031000000000000 
-0.0031500000000000 
-0.0031000000000000 
-0.0030500000000000 
-0.0030000000000000 
-0.0030500000000000 
-0.0031000000000000 
-0.0030500000000000 
-0.0031000000000000 
-0.0030500000000000 
-0.0030000000000000 
-0.0029500000000000 
-0.0030000000000000 
-0.0030500000000000 
-0.0031000000000000 
-0.0030500000000000 
-0.0030000000000000 
-0.0030000000000000 
-0.0030000000000000 
-0.0030500000000000 
-0.0031000000000000 
-0.0030500000000000 
-0.0030000000000000 
-0.0030500000000000 
-0.0030000000000000 
-0.0030500000000000 
-0.0031000000000000 
-0.0031000000000000 
-0.0031500000000000 
-0.0031000000000000 
-0.0030500000000000 
-0.0030500000000000 
-0.0031000000000000 
-0.0030500000000000 
-0.0031000000000000 
-0.0031000000000000 
-0.0031000000000000 
-0.0031500000000000 
-0.0031000000000000 
-0.0031000000000000 
-0.0031500000000000 
-0.0031500000000000 
-0.0031000000000000 
-0.0030500000000000 
-0.0031000000000000 
-0.0031000000000000 
-0.0031500000000000 
-0.0031000000000000 
-0.0031000000000000 
-0.0031000000000000 
-0.0031500000000000 
-0.0031000000000000 
-0.0031000000000000 
-0.0030500000000000 
-0.0030000000000000 
-0.0029500000000000 
-0.0029000000000000 
-0.0029000000000000 
-0.0029000000000000 
-0.0029000000000000 
-0.0029500000000000 
-0.0030000000000000 
-0.0029500000000000 
-0.0030000000000000 
-0.0030000000000000 
-0.0030000000000000 
-0.0030000000000000 
-0.0029500000000000 
-0.0030000000000000 
-0.0029500000000000 
-0.0029000000000000 
-0.0029000000000000 
-0.0028500000000000 
-0.0029000000000000 
-0.0029500000000000 
-0.0029000000000000 
-0.0028500000000000 
-0.0028500000000000 
-0.0028500000000000 
-0.0029000000000000 
-0.0028500000000000 
-0.0028500000000000 
-0.0028000000000000 
-0.0028500000000000 
-0.0029000000000000 
-0.0028500000000000 
-0.0028500000000000 
-0.0028000000000000 
-0.0028000000000000 
-0.0028000000000000 
-0.0027500000000000 
-0.0027000000000000 
-0.0027500000000000 
-0.0027500000000000 
-0.0028000000000000 
-0.0027500000000000 
-0.0027000000000000 
-0.0027000000000000 
-0.0027000000000000 
-0.0027500000000000 
-0.0027500000000000 
-0.0027500000000000 
-0.0027500000000000 
-0.0027500000000000 
-0.0027000000000000 
-0.0026500000000000 
-0.0026000000000000 
-0.0026000000000000 
-0.0026000000000000 
-0.0025500000000000 
0.0000000000000000 
0.0000000000000000 
0.0000000000000000 
0.0000000000000000 
0.0000000000000000 
0.0000000000000000 
0.0000000000000000 
0.0000000000000000 
0.0000000000000000 
0.0000000000000000 
0.0000000000000000 
0.0000000000000000 
0.0000000000000000 
0.0000000000000000 
0.0000000000000000 
0.0000000000000000 
0.0000000000000000 
0.0000000000000000 
0.0000000000000000 
0.0000000000000000 
0.0000000000000000 
0.0000000000000000 
