-0.0018500000000000 
-0.0018500000000000 
-0.0018500000000000 
-0.0018500000000000 
-0.0018500000000000 
-0.0018500000000000 
-0.0018500000000000 
-0.0018500000000000 
-0.0018500000000000 
-0.0018500000000000 
-0.0018500000000000 
-0.0018500000000000 
-0.0018000000000000 
-0.0018000000000000 
-0.0018000000000000 
-0.0018000000000000 
-0.0018000000000000 
-0.0018000000000000 
-0.0018000000000000 
-0.0018000000000000 
-0.0018000000000000 
-0.0018000000000000 
-0.0018000000000000 
-0.0018000000000000 
-0.0018000000000000 
-0.0018000000000000 
-0.0018000000000000 
-0.0018000000000000 
-0.0018000000000000 
-0.0018000000000000 
-0.0018000000000000 
-0.0018000000000000 
-0.0018000000000000 
-0.0018000000000000 
-0.0018000000000000 
-0.0018000000000000 
-0.0018000000000000 
-0.0018000000000000 
-0.0018000000000000 
-0.0018000000000000 
-0.0018000000000000 
-0.0018000000000000 
-0.0018000000000000 
-0.0018000000000000 
-0.0018000000000000 
-0.0017500000000000 
-0.0017500000000000 
-0.0017500000000000 
-0.0017500000000000 
-0.0017500000000000 
-0.0017500000000000 
-0.0017500000000000 
-0.0017500000000000 
-0.0017500000000000 
-0.0017500000000000 
-0.0017500000000000 
-0.0017500000000000 
-0.0017500000000000 
-0.0017500000000000 
-0.0017500000000000 
-0.0017500000000000 
-0.0017500000000000 
-0.0017500000000000 
-0.0017500000000000 
-0.0017500000000000 
-0.0017500000000000 
-0.0017500000000000 
-0.0017500000000000 
-0.0017500000000000 
-0.0017500000000000 
-0.0017500000000000 
-0.0017000000000000 
-0.0017000000000000 
-0.0016500000000000 
-0.0016500000000000 
-0.0016500000000000 
-0.0016500000000000 
-0.0016500000000000 
-0.0016500000000000 
-0.0016500000000000 
-0.0016500000000000 
-0.0016500000000000 
-0.0016500000000000 
-0.0016500000000000 
-0.0016500000000000 
-0.0016500000000000 
-0.0016500000000000 
-0.0016500000000000 
-0.0016500000000000 
-0.0016500000000000 
-0.0016500000000000 
-0.0016500000000000 
-0.0016500000000000 
-0.0016500000000000 
-0.0016500000000000 
-0.0016500000000000 
-0.0016500000000000 
-0.0016500000000000 
-0.0016500000000000 
-0.0016500000000000 
-0.0016500000000000 
-0.0016500000000000 
-0.0016500000000000 
-0.0016500000000000 
-0.0016500000000000 
-0.0016500000000000 
-0.0016000000000000 
-0.0016000000000000 
-0.0016000000000000 
-0.0016000000000000 
-0.0016000000000000 
-0.0016000000000000 
-0.0016000000000000 
-0.0016000000000000 
-0.0016000000000000 
-0.0016000000000000 
-0.0016000000000000 
-0.0016000000000000 
-0.0016000000000000 
-0.0016000000000000 
-0.0016000000000000 
-0.0016000000000000 
-0.0016000000000000 
-0.0016000000000000 
-0.0016000000000000 
-0.0016000000000000 
-0.0016000000000000 
-0.0016000000000000 
-0.0016000000000000 
-0.0016000000000000 
-0.0016000000000000 
-0.0016000000000000 
-0.0016000000000000 
-0.0016000000000000 
-0.0016000000000000 
-0.0016000000000000 
-0.0016000000000000 
-0.0016000000000000 
-0.0016000000000000 
-0.0016000000000000 
-0.0016000000000000 
-0.0016000000000000 
-0.0016000000000000 
-0.0016000000000000 
-0.0016000000000000 
-0.0016000000000000 
-0.0016000000000000 
-0.0016000000000000 
-0.0016000000000000 
-0.0016000000000000 
-0.0016000000000000 
-0.0016000000000000 
-0.0016000000000000 
-0.0016000000000000 
-0.0016000000000000 
-0.0016000000000000 
-0.0016000000000000 
-0.0016000000000000 
-0.0016000000000000 
-0.0016000000000000 
-0.0016000000000000 
-0.0016000000000000 
-0.0016000000000000 
-0.0016000000000000 
-0.0016000000000000 
-0.0016000000000000 
-0.0016000000000000 
-0.0016000000000000 
-0.0016000000000000 
-0.0016000000000000 
-0.0016000000000000 
-0.0016000000000000 
-0.0016000000000000 
-0.0016000000000000 
-0.0016000000000000 
-0.0016000000000000 
-0.0015500000000000 
-0.0015500000000000 
-0.0015500000000000 
-0.0015500000000000 
-0.0015500000000000 
-0.0015000000000000 
-0.0015000000000000 
-0.0015000000000000 
-0.0015000000000000 
-0.0015000000000000 
-0.0015000000000000 
-0.0015000000000000 
-0.0015000000000000 
-0.0015000000000000 
-0.0015500000000000 
-0.0015500000000000 
-0.0015000000000000 
-0.0015000000000000 
-0.0015000000000000 
-0.0015000000000000 
-0.0015000000000000 
-0.0015500000000000 
-0.0015500000000000 
-0.0015500000000000 
-0.0015500000000000 
-0.0015500000000000 
-0.0015500000000000 
-0.0015500000000000 
-0.0015500000000000 
-0.0015500000000000 
-0.0015500000000000 
-0.0015500000000000 
-0.0015500000000000 
-0.0015500000000000 
-0.0015500000000000 
-0.0015500000000000 
-0.0015500000000000 
-0.0015500000000000 
-0.0015500000000000 
-0.0015500000000000 
-0.0015500000000000 
-0.0015500000000000 
-0.0015500000000000 
-0.0015500000000000 
-0.0015500000000000 
-0.0015500000000000 
-0.0015500000000000 
-0.0015500000000000 
-0.0015500000000000 
-0.0015500000000000 
-0.0015500000000000 
-0.0015500000000000 
-0.0015500000000000 
-0.0015500000000000 
-0.0015500000000000 
-0.0015500000000000 
-0.0015500000000000 
-0.0015500000000000 
-0.0015500000000000 
-0.0015500000000000 
-0.0015500000000000 
-0.0015500000000000 
-0.0015500000000000 
-0.0015000000000000 
-0.0015000000000000 
-0.0015000000000000 
-0.0015000000000000 
-0.0015000000000000 
-0.0015000000000000 
-0.0015000000000000 
-0.0015000000000000 
-0.0015000000000000 
-0.0015000000000000 
-0.0015000000000000 
-0.0014500000000000 
-0.0014500000000000 
-0.0014500000000000 
-0.0014500000000000 
-0.0014500000000000 
-0.0014500000000000 
-0.0014500000000000 
-0.0014500000000000 
-0.0014500000000000 
-0.0014500000000000 
-0.0014500000000000 
-0.0014500000000000 
-0.0014500000000000 
-0.0014500000000000 
-0.0014500000000000 
-0.0014500000000000 
-0.0014500000000000 
-0.0014500000000000 
-0.0014500000000000 
-0.0014500000000000 
-0.0014500000000000 
-0.0014500000000000 
-0.0014500000000000 
-0.0014500000000000 
-0.0014500000000000 
-0.0014500000000000 
-0.0014500000000000 
-0.0014500000000000 
-0.0014500000000000 
-0.0014500000000000 
-0.0014500000000000 
-0.0014500000000000 
-0.0014500000000000 
-0.0014500000000000 
-0.0014500000000000 
-0.0014500000000000 
-0.0014000000000000 
-0.0014000000000000 
-0.0014000000000000 
-0.0014000000000000 
-0.0014000000000000 
-0.0014000000000000 
-0.0014000000000000 
-0.0014000000000000 
-0.0014000000000000 
-0.0014000000000000 
-0.0014000000000000 
-0.0014000000000000 
-0.0014000000000000 
-0.0014000000000000 
-0.0014000000000000 
-0.0014000000000000 
-0.0014000000000000 
-0.0013500000000000 
-0.0013500000000000 
-0.0013500000000000 
-0.0013500000000000 
-0.0013500000000000 
-0.0013500000000000 
-0.0013500000000000 
-0.0013500000000000 
-0.0013500000000000 
-0.0013500000000000 
-0.0013500000000000 
-0.0013500000000000 
-0.0013500000000000 
-0.0013500000000000 
-0.0013500000000000 
-0.0013500000000000 
-0.0013500000000000 
-0.0013000000000000 
-0.0013000000000000 
-0.0013000000000000 
-0.0013000000000000 
-0.0013000000000000 
-0.0013000000000000 
-0.0013000000000000 
-0.0013000000000000 
-0.0013000000000000 
-0.0013000000000000 
-0.0013000000000000 
-0.0013000000000000 
-0.0013000000000000 
-0.0013000000000000 
-0.0013000000000000 
-0.0013000000000000 
-0.0013000000000000 
-0.0013000000000000 
-0.0013000000000000 
-0.0013000000000000 
-0.0013000000000000 
-0.0013000000000000 
-0.0013000000000000 
-0.0013000000000000 
-0.0012500000000000 
-0.0012500000000000 
-0.0012500000000000 
-0.0012500000000000 
-0.0012000000000000 
-0.0012000000000000 
-0.0012000000000000 
-0.0012000000000000 
-0.0012000000000000 
-0.0012000000000000 
-0.0012000000000000 
-0.0012000000000000 
-0.0012000000000000 
-0.0012000000000000 
-0.0011500000000000 
-0.0011500000000000 
-0.0011500000000000 
-0.0011500000000000 
-0.0011500000000000 
-0.0011500000000000 
-0.0011500000000000 
-0.0011500000000000 
-0.0011000000000000 
-0.0011000000000000 
-0.0011000000000000 
-0.0011000000000000 
-0.0011000000000000 
-0.0011000000000000 
-0.0011000000000000 
-0.0011000000000000 
-0.0011000000000000 
-0.0011000000000000 
-0.0011000000000000 
-0.0011000000000000 
-0.0011000000000000 
-0.0011000000000000 
-0.0011000000000000 
-0.0011000000000000 
-0.0011000000000000 
-0.0011000000000000 
-0.0011000000000000 
-0.0011000000000000 
-0.0011000000000000 
-0.0010500000000000 
-0.0010500000000000 
-0.0010500000000000 
-0.0010500000000000 
-0.0010500000000000 
-0.0010500000000000 
-0.0010000000000000 
-0.0010000000000000 
-0.0010000000000000 
-0.0010000000000000 
-0.0010000000000000 
-0.0010000000000000 
-0.0010000000000000 
-0.0010000000000000 
-0.0010000000000000 
-0.0010000000000000 
-0.0010000000000000 
-0.0010000000000000 
-0.0010000000000000 
-0.0010000000000000 
-0.0010000000000000 
-0.0010000000000000 
-0.0010000000000000 
-0.0010000000000000 
-0.0010000000000000 
-0.0010000000000000 
-0.0009500000000000 
-0.0009500000000000 
-0.0009500000000000 
-0.0009500000000000 
-0.0009000000000000 
-0.0009000000000000 
-0.0009000000000000 
-0.0009000000000000 
-0.0009000000000000 
-0.0009000000000000 
-0.0009000000000000 
-0.0009000000000000 
-0.0009000000000000 
-0.0009000000000000 
-0.0009000000000000 
-0.0009500000000000 
-0.0009500000000000 
-0.0009500000000000 
-0.0009500000000000 
-0.0009500000000000 
-0.0009500000000000 
-0.0009500000000000 
-0.0009500000000000 
-0.0009500000000000 
-0.0009500000000000 
-0.0009500000000000 
-0.0010000000000000 
-0.0010000000000000 
-0.0010000000000000 
-0.0010000000000000 
-0.0010000000000000 
-0.0010000000000000 
-0.0010000000000000 
-0.0010000000000000 
-0.0010000000000000 
-0.0010000000000000 
-0.0010000000000000 
-0.0010000000000000 
-0.0010000000000000 
-0.0010000000000000 
-0.0010000000000000 
-0.0010000000000000 
-0.0009500000000000 
-0.0009500000000000 
-0.0009500000000000 
-0.0009500000000000 
-0.0009500000000000 
-0.0009000000000000 
-0.0009000000000000 
-0.0009000000000000 
-0.0009000000000000 
-0.0009000000000000 
-0.0009000000000000 
-0.0009000000000000 
-0.0009000000000000 
-0.0009000000000000 
-0.0009000000000000 
-0.0009000000000000 
-0.0009000000000000 
-0.0009000000000000 
-0.0009000000000000 
-0.0009000000000000 
-0.0009000000000000 
-0.0009000000000000 
-0.0009000000000000 
-0.0009000000000000 
-0.0009000000000000 
-0.0009000000000000 
-0.0009000000000000 
-0.0009000000000000 
-0.0009000000000000 
-0.0009000000000000 
-0.0009000000000000 
-0.0009000000000000 
-0.0009000000000000 
-0.0009000000000000 
-0.0009000000000000 
-0.0009000000000000 
-0.0009000000000000 
-0.0009000000000000 
-0.0009000000000000 
-0.0009000000000000 
-0.0009000000000000 
-0.0009000000000000 
-0.0009000000000000 
-0.0009000000000000 
-0.0009500000000000 
-0.0009500000000000 
-0.0009500000000000 
-0.0009500000000000 
-0.0009500000000000 
-0.0010000000000000 
-0.0009500000000000 
-0.0010000000000000 
-0.0010000000000000 
-0.0010000000000000 
-0.0010000000000000 
-0.0010000000000000 
-0.0009500000000000 
-0.0009500000000000 
-0.0009500000000000 
-0.0009500000000000 
-0.0009500000000000 
-0.0009500000000000 
-0.0009500000000000 
-0.0009500000000000 
-0.0009500000000000 
-0.0009500000000000 
-0.0009500000000000 
-0.0009500000000000 
-0.0009000000000000 
-0.0009000000000000 
-0.0009000000000000 
-0.0009000000000000 
-0.0009000000000000 
-0.0009500000000000 
-0.0009500000000000 
-0.0009500000000000 
-0.0009500000000000 
-0.0009500000000000 
-0.0009500000000000 
-0.0009500000000000 
-0.0009500000000000 
-0.0009500000000000 
-0.0009500000000000 
-0.0009500000000000 
-0.0009500000000000 
-0.0009500000000000 
-0.0009500000000000 
-0.0009500000000000 
-0.0009500000000000 
-0.0009500000000000 
-0.0009500000000000 
-0.0009500000000000 
-0.0009500000000000 
-0.0009500000000000 
-0.0009500000000000 
-0.0009500000000000 
-0.0009500000000000 
-0.0009500000000000 
-0.0009500000000000 
-0.0009500000000000 
-0.0009500000000000 
-0.0009500000000000 
-0.0009500000000000 
-0.0009500000000000 
-0.0009500000000000 
-0.0009500000000000 
-0.0009500000000000 
-0.0009500000000000 
-0.0009500000000000 
-0.0009500000000000 
-0.0009500000000000 
-0.0009000000000000 
-0.0009000000000000 
-0.0009000000000000 
-0.0009000000000000 
-0.0009000000000000 
-0.0009000000000000 
-0.0009000000000000 
-0.0009000000000000 
-0.0009000000000000 
-0.0008500000000000 
-0.0008500000000000 
-0.0008500000000000 
-0.0008500000000000 
-0.0008500000000000 
-0.0008500000000000 
-0.0008500000000000 
-0.0008500000000000 
-0.0008500000000000 
-0.0008500000000000 
-0.0008500000000000 
-0.0008500000000000 
-0.0008500000000000 
-0.0009000000000000 
-0.0009000000000000 
-0.0009000000000000 
-0.0009000000000000 
-0.0009000000000000 
-0.0009000000000000 
-0.0008500000000000 
-0.0008500000000000 
-0.0008500000000000 
-0.0008500000000000 
-0.0008500000000000 
-0.0008500000000000 
-0.0008500000000000 
-0.0008500000000000 
-0.0009000000000000 
-0.0009000000000000 
-0.0009000000000000 
-0.0009000000000000 
-0.0009000000000000 
-0.0009000000000000 
-0.0009000000000000 
-0.0009000000000000 
-0.0009000000000000 
-0.0009000000000000 
-0.0009000000000000 
-0.0009000000000000 
-0.0009500000000000 
-0.0009500000000000 
-0.0009500000000000 
-0.0009500000000000 
-0.0009500000000000 
-0.0009500000000000 
-0.0009500000000000 
-0.0009500000000000 
-0.0009500000000000 
-0.0009500000000000 
-0.0009500000000000 
-0.0009500000000000 
-0.0009500000000000 
-0.0009500000000000 
-0.0009500000000000 
-0.0009500000000000 
-0.0009500000000000 
-0.0009500000000000 
-0.0009500000000000 
-0.0009500000000000 
-0.0009500000000000 
-0.0009500000000000 
-0.0009500000000000 
-0.0009500000000000 
-0.0009500000000000 
-0.0009500000000000 
-0.0009500000000000 
-0.0009500000000000 
-0.0009500000000000 
-0.0009000000000000 
-0.0009000000000000 
-0.0009000000000000 
-0.0009000000000000 
-0.0009000000000000 
-0.0009000000000000 
-0.0009000000000000 
-0.0009000000000000 
-0.0009000000000000 
-0.0009000000000000 
-0.0009000000000000 
-0.0009000000000000 
-0.0008500000000000 
-0.0008500000000000 
-0.0008500000000000 
-0.0008500000000000 
-0.0008500000000000 
-0.0009000000000000 
-0.0009000000000000 
-0.0009000000000000 
-0.0009000000000000 
-0.0009000000000000 
-0.0009000000000000 
-0.0009000000000000 
-0.0009000000000000 
-0.0009000000000000 
-0.0009000000000000 
-0.0009000000000000 
-0.0009000000000000 
-0.0009000000000000 
-0.0009000000000000 
-0.0009000000000000 
-0.0009000000000000 
-0.0009000000000000 
-0.0009000000000000 
-0.0009000000000000 
-0.0009000000000000 
-0.0009000000000000 
-0.0009500000000000 
-0.0009500000000000 
-0.0009500000000000 
-0.0009500000000000 
-0.0009500000000000 
-0.0009500000000000 
-0.0009500000000000 
-0.0009500000000000 
-0.0009500000000000 
-0.0009500000000000 
-0.0009500000000000 
-0.0009500000000000 
-0.0009500000000000 
-0.0009500000000000 
-0.0009500000000000 
-0.0009500000000000 
-0.0009500000000000 
-0.0009500000000000 
-0.0009000000000000 
-0.0009000000000000 
-0.0009000000000000 
-0.0009000000000000 
-0.0009000000000000 
-0.0009000000000000 
-0.0009000000000000 
-0.0009000000000000 
-0.0009000000000000 
-0.0009000000000000 
-0.0009000000000000 
-0.0009000000000000 
-0.0009000000000000 
-0.0009000000000000 
-0.0009000000000000 
-0.0009000000000000 
-0.0009000000000000 
-0.0009000000000000 
-0.0009000000000000 
-0.0009500000000000 
-0.0009500000000000 
-0.0009500000000000 
-0.0009500000000000 
-0.0009500000000000 
-0.0009500000000000 
-0.0009500000000000 
-0.0009500000000000 
-0.0009500000000000 
-0.0009500000000000 
-0.0009500000000000 
-0.0009500000000000 
-0.0009500000000000 
-0.0009500000000000 
-0.0009500000000000 
-0.0009000000000000 
-0.0009000000000000 
-0.0009000000000000 
-0.0009000000000000 
-0.0008500000000000 
-0.0008500000000000 
-0.0008500000000000 
-0.0008500000000000 
-0.0008500000000000 
-0.0008500000000000 
-0.0008500000000000 
-0.0008500000000000 
-0.0008500000000000 
-0.0008500000000000 
-0.0008500000000000 
-0.0008500000000000 
-0.0008500000000000 
-0.0008500000000000 
-0.0008500000000000 
-0.0008500000000000 
-0.0008500000000000 
-0.0008500000000000 
-0.0008500000000000 
-0.0008500000000000 
-0.0008500000000000 
-0.0008500000000000 
-0.0008500000000000 
-0.0008500000000000 
-0.0009000000000000 
-0.0009000000000000 
-0.0009000000000000 
-0.0009000000000000 
-0.0009000000000000 
-0.0009000000000000 
-0.0009000000000000 
-0.0009000000000000 
-0.0009000000000000 
-0.0009000000000000 
-0.0009000000000000 
-0.0009000000000000 
-0.0009000000000000 
-0.0008500000000000 
-0.0009000000000000 
-0.0009000000000000 
-0.0009000000000000 
-0.0009000000000000 
-0.0009000000000000 
-0.0009000000000000 
-0.0009000000000000 
-0.0009000000000000 
-0.0009000000000000 
-0.0009000000000000 
-0.0009000000000000 
-0.0009000000000000 
-0.0009000000000000 
-0.0009000000000000 
-0.0009000000000000 
-0.0009000000000000 
-0.0009000000000000 
-0.0009000000000000 
-0.0009000000000000 
-0.0009000000000000 
-0.0009000000000000 
-0.0009000000000000 
-0.0009000000000000 
-0.0009000000000000 
-0.0009000000000000 
-0.0009000000000000 
-0.0009000000000000 
-0.0009000000000000 
-0.0009000000000000 
-0.0009000000000000 
-0.0009000000000000 
-0.0009000000000000 
-0.0009000000000000 
-0.0009000000000000 
-0.0009000000000000 
-0.0009000000000000 
-0.0009000000000000 
-0.0009000000000000 
-0.0009000000000000 
-0.0009000000000000 
-0.0009000000000000 
-0.0009000000000000 
-0.0009000000000000 
-0.0009000000000000 
-0.0009000000000000 
-0.0009000000000000 
-0.0009000000000000 
-0.0009000000000000 
-0.0009000000000000 
-0.0009000000000000 
-0.0009000000000000 
-0.0009000000000000 
-0.0009000000000000 
-0.0009000000000000 
-0.0009000000000000 
-0.0009000000000000 
-0.0009000000000000 
-0.0009000000000000 
-0.0009000000000000 
-0.0009000000000000 
-0.0009000000000000 
-0.0009000000000000 
-0.0009000000000000 
-0.0009000000000000 
-0.0009000000000000 
-0.0009000000000000 
-0.0009000000000000 
-0.0009000000000000 
-0.0009000000000000 
-0.0009000000000000 
-0.0009000000000000 
-0.0009000000000000 
-0.0009000000000000 
-0.0009000000000000 
-0.0009000000000000 
-0.0009000000000000 
-0.0008500000000000 
-0.0008500000000000 
-0.0008500000000000 
-0.0008500000000000 
-0.0008500000000000 
-0.0008500000000000 
-0.0008500000000000 
-0.0008500000000000 
-0.0008500000000000 
-0.0008500000000000 
-0.0008500000000000 
-0.0008500000000000 
-0.0008500000000000 
-0.0008500000000000 
-0.0008500000000000 
-0.0008500000000000 
-0.0008500000000000 
-0.0008500000000000 
-0.0008500000000000 
-0.0008500000000000 
-0.0008500000000000 
-0.0008500000000000 
-0.0008500000000000 
-0.0008500000000000 
-0.0008500000000000 
-0.0008500000000000 
-0.0008500000000000 
-0.0008500000000000 
-0.0008500000000000 
-0.0009000000000000 
-0.0009000000000000 
-0.0009000000000000 
-0.0009000000000000 
-0.0009000000000000 
-0.0009000000000000 
-0.0009000000000000 
-0.0009000000000000 
-0.0009000000000000 
-0.0009000000000000 
-0.0009500000000000 
-0.0009500000000000 
-0.0009500000000000 
-0.0009500000000000 
-0.0009500000000000 
-0.0009500000000000 
-0.0009500000000000 
-0.0009500000000000 
-0.0009500000000000 
-0.0009500000000000 
-0.0009500000000000 
-0.0009500000000000 
-0.0009500000000000 
-0.0009500000000000 
-0.0009500000000000 
-0.0009500000000000 
-0.0010000000000000 
-0.0010000000000000 
-0.0010000000000000 
-0.0010000000000000 
-0.0010000000000000 
-0.0009500000000000 
-0.0009500000000000 
-0.0009500000000000 
-0.0009500000000000 
-0.0009000000000000 
-0.0009000000000000 
-0.0009000000000000 
-0.0009000000000000 
-0.0009000000000000 
-0.0009000000000000 
-0.0009000000000000 
-0.0009000000000000 
-0.0009000000000000 
-0.0009000000000000 
-0.0009000000000000 
-0.0009000000000000 
-0.0009000000000000 
-0.0009000000000000 
-0.0009000000000000 
-0.0009000000000000 
-0.0009000000000000 
-0.0009000000000000 
-0.0009000000000000 
-0.0009000000000000 
-0.0009000000000000 
-0.0009000000000000 
-0.0009000000000000 
-0.0009000000000000 
-0.0009000000000000 
-0.0009000000000000 
-0.0009000000000000 
-0.0009000000000000 
-0.0009000000000000 
-0.0009000000000000 
-0.0009000000000000 
-0.0009000000000000 
-0.0009000000000000 
-0.0009000000000000 
-0.0009000000000000 
-0.0009000000000000 
-0.0009000000000000 
-0.0009000000000000 
-0.0009000000000000 
-0.0009000000000000 
-0.0009000000000000 
-0.0009500000000000 
-0.0009500000000000 
-0.0009500000000000 
-0.0009500000000000 
-0.0009500000000000 
-0.0009500000000000 
-0.0009500000000000 
-0.0009500000000000 
-0.0009500000000000 
-0.0009500000000000 
-0.0009500000000000 
-0.0009500000000000 
-0.0010000000000000 
-0.0010000000000000 
-0.0010000000000000 
-0.0010000000000000 
-0.0010000000000000 
-0.0010000000000000 
-0.0010000000000000 
-0.0010000000000000 
-0.0010000000000000 
-0.0010000000000000 
0.0000000000000000 
0.0000000000000000 
0.0000000000000000 
0.0000000000000000 
0.0000000000000000 
0.0000000000000000 
0.0000000000000000 
0.0000000000000000 
0.0000000000000000 
0.0000000000000000 
0.0000000000000000 
0.0000000000000000 
0.0000000000000000 
0.0000000000000000 
0.0000000000000000 
0.0000000000000000 
0.0000000000000000 
0.0000000000000000 
0.0000000000000000 
0.0000000000000000 
0.0000000000000000 
0.0000000000000000 
