0.0005000000000000 
0.0005000000000000 
0.0005000000000000 
0.0005000000000000 
0.0005000000000000 
0.0005000000000000 
0.0005000000000000 
0.0005000000000000 
0.0005500000000000 
0.0005500000000000 
0.0005500000000000 
0.0005500000000000 
0.0005500000000000 
0.0005000000000000 
0.0004500000000000 
0.0004500000000000 
0.0004500000000000 
0.0004500000000000 
0.0004500000000000 
0.0004500000000000 
0.0004500000000000 
0.0004000000000000 
0.0004000000000000 
0.0004000000000000 
0.0003500000000000 
0.0003500000000000 
0.0003500000000000 
0.0003500000000000 
0.0004000000000000 
0.0004000000000000 
0.0004000000000000 
0.0004000000000000 
0.0004000000000000 
0.0004000000000000 
0.0004000000000000 
0.0004000000000000 
0.0004000000000000 
0.0004500000000000 
0.0004500000000000 
0.0004500000000000 
0.0004500000000000 
0.0004500000000000 
0.0004500000000000 
0.0004500000000000 
0.0004500000000000 
0.0004500000000000 
0.0004500000000000 
0.0004500000000000 
0.0005000000000000 
0.0004500000000000 
0.0004500000000000 
0.0004500000000000 
0.0004500000000000 
0.0004500000000000 
0.0004500000000000 
0.0004500000000000 
0.0004500000000000 
0.0004500000000000 
0.0004500000000000 
0.0004500000000000 
0.0004500000000000 
0.0004500000000000 
0.0005000000000000 
0.0004500000000000 
0.0004500000000000 
0.0004500000000000 
0.0004500000000000 
0.0004000000000000 
0.0003500000000000 
0.0003500000000000 
0.0003500000000000 
0.0003500000000000 
0.0003500000000000 
0.0003500000000000 
0.0003500000000000 
0.0003500000000000 
0.0003500000000000 
0.0003500000000000 
0.0003000000000000 
0.0003000000000000 
0.0003000000000000 
0.0002500000000000 
0.0002500000000000 
0.0002500000000000 
0.0002500000000000 
0.0002500000000000 
0.0002500000000000 
0.0002500000000000 
0.0002500000000000 
0.0002500000000000 
0.0002500000000000 
0.0002500000000000 
0.0002000000000000 
0.0002000000000000 
0.0001500000000000 
0.0001500000000000 
0.0001500000000000 
0.0001500000000000 
0.0002000000000000 
0.0001500000000000 
0.0001500000000000 
0.0001500000000000 
0.0001500000000000 
0.0001500000000000 
0.0001500000000000 
0.0001500000000000 
0.0001500000000000 
0.0001500000000000 
0.0001500000000000 
0.0001500000000000 
0.0001500000000000 
0.0001500000000000 
0.0001000000000000 
0.0001000000000000 
0.0001000000000000 
0.0001000000000000 
0.0001000000000000 
0.0001000000000000 
0.0000500000000000 
0.0000500000000000 
0.0000000000000000 
0.0000500000000000 
0.0000000000000000 
0.0000000000000000 
-0.0000500000000000 
-0.0000500000000000 
-0.0000500000000000 
-0.0000500000000000 
-0.0000500000000000 
-0.0001000000000000 
-0.0001000000000000 
-0.0000500000000000 
-0.0000500000000000 
-0.0000500000000000 
-0.0001000000000000 
-0.0001000000000000 
-0.0001000000000000 
-0.0001000000000000 
-0.0001000000000000 
-0.0000500000000000 
-0.0000500000000000 
-0.0000500000000000 
-0.0000500000000000 
-0.0000500000000000 
-0.0001000000000000 
-0.0001000000000000 
-0.0001000000000000 
-0.0001000000000000 
-0.0001500000000000 
-0.0002000000000000 
-0.0002000000000000 
-0.0002000000000000 
-0.0002000000000000 
-0.0002000000000000 
-0.0002000000000000 
-0.0002500000000000 
-0.0002500000000000 
-0.0002000000000000 
-0.0001500000000000 
-0.0001500000000000 
-0.0001500000000000 
-0.0001500000000000 
-0.0001500000000000 
-0.0001500000000000 
-0.0001500000000000 
-0.0002000000000000 
-0.0002000000000000 
-0.0002000000000000 
-0.0002500000000000 
-0.0002500000000000 
-0.0002500000000000 
-0.0002500000000000 
-0.0002500000000000 
-0.0002500000000000 
-0.0002500000000000 
-0.0002500000000000 
-0.0002500000000000 
-0.0002500000000000 
-0.0002500000000000 
-0.0002500000000000 
-0.0002500000000000 
-0.0002500000000000 
-0.0002500000000000 
-0.0002500000000000 
-0.0003000000000000 
-0.0003000000000000 
-0.0003000000000000 
-0.0003000000000000 
-0.0003000000000000 
-0.0003000000000000 
-0.0002500000000000 
-0.0002500000000000 
-0.0002500000000000 
-0.0002500000000000 
-0.0002500000000000 
-0.0002500000000000 
-0.0002500000000000 
-0.0002500000000000 
-0.0002500000000000 
-0.0003000000000000 
-0.0003000000000000 
-0.0003000000000000 
-0.0003000000000000 
-0.0003000000000000 
-0.0003000000000000 
-0.0003000000000000 
-0.0003000000000000 
-0.0003000000000000 
-0.0003000000000000 
-0.0002500000000000 
-0.0002500000000000 
-0.0002500000000000 
-0.0003000000000000 
-0.0003000000000000 
-0.0003000000000000 
-0.0003000000000000 
-0.0003000000000000 
-0.0003500000000000 
-0.0003500000000000 
-0.0003500000000000 
-0.0003500000000000 
-0.0003500000000000 
-0.0003500000000000 
-0.0004000000000000 
-0.0004000000000000 
-0.0004000000000000 
-0.0003500000000000 
-0.0003500000000000 
-0.0003500000000000 
-0.0003500000000000 
-0.0004000000000000 
-0.0004000000000000 
-0.0004000000000000 
-0.0004000000000000 
-0.0004000000000000 
-0.0003500000000000 
-0.0003000000000000 
-0.0003000000000000 
-0.0003000000000000 
-0.0003000000000000 
-0.0002500000000000 
-0.0002500000000000 
-0.0002500000000000 
-0.0002500000000000 
-0.0002500000000000 
-0.0002500000000000 
-0.0002500000000000 
-0.0002500000000000 
-0.0002500000000000 
-0.0002500000000000 
-0.0002500000000000 
-0.0002500000000000 
-0.0002500000000000 
-0.0002500000000000 
-0.0002500000000000 
-0.0002500000000000 
-0.0002500000000000 
-0.0002500000000000 
-0.0002500000000000 
-0.0003000000000000 
-0.0003000000000000 
-0.0003000000000000 
-0.0003000000000000 
-0.0003000000000000 
-0.0003000000000000 
-0.0003000000000000 
-0.0003000000000000 
-0.0003000000000000 
-0.0003000000000000 
-0.0003000000000000 
-0.0003000000000000 
-0.0003000000000000 
-0.0003000000000000 
-0.0003000000000000 
-0.0003000000000000 
-0.0003000000000000 
-0.0003500000000000 
-0.0003500000000000 
-0.0003500000000000 
-0.0003500000000000 
-0.0003500000000000 
-0.0003500000000000 
-0.0003500000000000 
-0.0003500000000000 
-0.0003500000000000 
-0.0003500000000000 
-0.0003500000000000 
-0.0003500000000000 
-0.0003500000000000 
-0.0003500000000000 
-0.0003500000000000 
-0.0004000000000000 
-0.0004500000000000 
-0.0004500000000000 
-0.0004500000000000 
-0.0004500000000000 
-0.0004500000000000 
-0.0004500000000000 
-0.0004500000000000 
-0.0004500000000000 
-0.0004500000000000 
-0.0005000000000000 
-0.0005500000000000 
-0.0006000000000000 
-0.0006000000000000 
-0.0006000000000000 
-0.0006000000000000 
-0.0006000000000000 
-0.0006000000000000 
-0.0006000000000000 
-0.0006000000000000 
-0.0006000000000000 
-0.0006500000000000 
-0.0006500000000000 
-0.0006500000000000 
-0.0006500000000000 
-0.0007000000000000 
-0.0007000000000000 
-0.0007000000000000 
-0.0007000000000000 
-0.0007000000000000 
-0.0007000000000000 
-0.0007000000000000 
-0.0007000000000000 
-0.0007000000000000 
-0.0007000000000000 
-0.0007000000000000 
-0.0007000000000000 
-0.0007000000000000 
-0.0007000000000000 
-0.0007000000000000 
-0.0007000000000000 
-0.0007500000000000 
-0.0007500000000000 
-0.0007500000000000 
-0.0007500000000000 
-0.0007500000000000 
-0.0007500000000000 
-0.0007500000000000 
-0.0007500000000000 
-0.0007500000000000 
-0.0007500000000000 
-0.0007500000000000 
-0.0007500000000000 
-0.0007500000000000 
-0.0007500000000000 
-0.0007500000000000 
-0.0007500000000000 
-0.0007500000000000 
-0.0007500000000000 
-0.0007500000000000 
-0.0007500000000000 
-0.0008000000000000 
-0.0008000000000000 
-0.0008000000000000 
-0.0008000000000000 
-0.0008000000000000 
-0.0008000000000000 
-0.0007500000000000 
-0.0007500000000000 
-0.0007500000000000 
-0.0007500000000000 
-0.0007500000000000 
-0.0007500000000000 
-0.0007500000000000 
-0.0007500000000000 
-0.0008000000000000 
-0.0008000000000000 
-0.0008000000000000 
-0.0008000000000000 
-0.0008000000000000 
-0.0008000000000000 
-0.0008000000000000 
-0.0008000000000000 
-0.0008000000000000 
-0.0008000000000000 
-0.0008000000000000 
-0.0008000000000000 
-0.0008500000000000 
-0.0008500000000000 
-0.0009000000000000 
-0.0009000000000000 
-0.0009000000000000 
-0.0009000000000000 
-0.0009000000000000 
-0.0009000000000000 
-0.0009000000000000 
-0.0009000000000000 
-0.0009000000000000 
-0.0009000000000000 
-0.0009500000000000 
-0.0009500000000000 
-0.0009000000000000 
-0.0009000000000000 
-0.0009000000000000 
-0.0009000000000000 
-0.0009000000000000 
-0.0009000000000000 
-0.0009000000000000 
-0.0009000000000000 
-0.0009000000000000 
-0.0009000000000000 
-0.0009000000000000 
-0.0009000000000000 
-0.0009000000000000 
-0.0009000000000000 
-0.0009000000000000 
-0.0009000000000000 
-0.0009000000000000 
-0.0009000000000000 
-0.0009500000000000 
-0.0009000000000000 
-0.0009000000000000 
-0.0009000000000000 
-0.0009500000000000 
-0.0009500000000000 
-0.0009500000000000 
-0.0009500000000000 
-0.0009500000000000 
-0.0010000000000000 
-0.0010000000000000 
-0.0010000000000000 
-0.0010000000000000 
-0.0010000000000000 
-0.0010000000000000 
-0.0010500000000000 
-0.0010500000000000 
-0.0010500000000000 
-0.0011000000000000 
-0.0011000000000000 
-0.0011000000000000 
-0.0011000000000000 
-0.0011000000000000 
-0.0011000000000000 
-0.0011000000000000 
-0.0011000000000000 
-0.0011000000000000 
-0.0011500000000000 
-0.0011500000000000 
-0.0011500000000000 
-0.0011500000000000 
-0.0011500000000000 
-0.0011500000000000 
-0.0011500000000000 
-0.0011500000000000 
-0.0011500000000000 
-0.0011500000000000 
-0.0011500000000000 
-0.0011500000000000 
-0.0011000000000000 
-0.0011000000000000 
-0.0011000000000000 
-0.0011000000000000 
-0.0011000000000000 
-0.0011000000000000 
-0.0010500000000000 
-0.0010500000000000 
-0.0010500000000000 
-0.0010500000000000 
-0.0010500000000000 
-0.0010500000000000 
-0.0010500000000000 
-0.0010500000000000 
-0.0010500000000000 
-0.0010500000000000 
-0.0010500000000000 
-0.0010000000000000 
-0.0010000000000000 
-0.0010000000000000 
-0.0010000000000000 
-0.0010000000000000 
-0.0010000000000000 
-0.0010000000000000 
-0.0010000000000000 
-0.0010000000000000 
-0.0010000000000000 
-0.0010000000000000 
-0.0010000000000000 
-0.0010000000000000 
-0.0010000000000000 
-0.0010000000000000 
-0.0010000000000000 
-0.0010000000000000 
-0.0010000000000000 
-0.0010000000000000 
-0.0010000000000000 
-0.0010000000000000 
-0.0010000000000000 
-0.0010000000000000 
-0.0010500000000000 
-0.0010500000000000 
-0.0010500000000000 
-0.0010500000000000 
-0.0010500000000000 
-0.0010500000000000 
-0.0010500000000000 
-0.0010500000000000 
-0.0010500000000000 
-0.0010500000000000 
-0.0011000000000000 
-0.0011000000000000 
-0.0011500000000000 
-0.0011500000000000 
-0.0011500000000000 
-0.0011500000000000 
-0.0011500000000000 
-0.0011500000000000 
-0.0011500000000000 
-0.0011500000000000 
-0.0011500000000000 
-0.0011000000000000 
-0.0011000000000000 
-0.0011000000000000 
-0.0011000000000000 
-0.0011000000000000 
-0.0011000000000000 
-0.0011000000000000 
-0.0011000000000000 
-0.0011000000000000 
-0.0011000000000000 
-0.0010500000000000 
-0.0010000000000000 
-0.0010500000000000 
-0.0010500000000000 
-0.0010500000000000 
-0.0010500000000000 
-0.0010500000000000 
-0.0010500000000000 
-0.0010500000000000 
-0.0010000000000000 
-0.0010000000000000 
-0.0010000000000000 
-0.0010000000000000 
-0.0010000000000000 
-0.0009500000000000 
-0.0009500000000000 
-0.0009500000000000 
-0.0009500000000000 
-0.0009000000000000 
-0.0009000000000000 
-0.0009000000000000 
-0.0009000000000000 
-0.0009000000000000 
-0.0009000000000000 
-0.0009000000000000 
-0.0009000000000000 
-0.0009000000000000 
-0.0009500000000000 
-0.0010000000000000 
-0.0009500000000000 
-0.0009500000000000 
-0.0010000000000000 
-0.0009500000000000 
-0.0009500000000000 
-0.0009500000000000 
-0.0009500000000000 
-0.0009500000000000 
-0.0009500000000000 
-0.0009500000000000 
-0.0009500000000000 
-0.0009500000000000 
-0.0009500000000000 
-0.0009500000000000 
-0.0009500000000000 
-0.0009500000000000 
-0.0009500000000000 
-0.0009500000000000 
-0.0009500000000000 
-0.0009500000000000 
-0.0009000000000000 
-0.0009000000000000 
-0.0009000000000000 
-0.0009000000000000 
-0.0009000000000000 
-0.0009500000000000 
-0.0009500000000000 
-0.0009000000000000 
-0.0009000000000000 
-0.0008500000000000 
-0.0008500000000000 
-0.0008500000000000 
-0.0009000000000000 
-0.0009000000000000 
-0.0009000000000000 
-0.0009500000000000 
-0.0009500000000000 
-0.0009500000000000 
-0.0010000000000000 
-0.0010000000000000 
-0.0009500000000000 
-0.0009500000000000 
-0.0009500000000000 
-0.0009500000000000 
-0.0009500000000000 
-0.0009500000000000 
-0.0009500000000000 
-0.0009500000000000 
-0.0009000000000000 
-0.0009000000000000 
-0.0008500000000000 
-0.0008500000000000 
-0.0008500000000000 
-0.0008500000000000 
-0.0009000000000000 
-0.0009000000000000 
-0.0009000000000000 
-0.0009000000000000 
-0.0009000000000000 
-0.0009000000000000 
-0.0009000000000000 
-0.0008500000000000 
-0.0008500000000000 
-0.0008500000000000 
-0.0008000000000000 
-0.0008000000000000 
-0.0008000000000000 
-0.0008000000000000 
-0.0008000000000000 
-0.0008500000000000 
-0.0009000000000000 
-0.0009000000000000 
-0.0009000000000000 
-0.0009000000000000 
-0.0009000000000000 
-0.0009000000000000 
-0.0008500000000000 
-0.0009000000000000 
-0.0009000000000000 
-0.0009000000000000 
-0.0009000000000000 
-0.0009000000000000 
-0.0009000000000000 
-0.0009000000000000 
-0.0009000000000000 
-0.0009000000000000 
-0.0009000000000000 
-0.0009000000000000 
-0.0009000000000000 
-0.0009000000000000 
-0.0009000000000000 
-0.0009000000000000 
-0.0009000000000000 
-0.0009000000000000 
-0.0009000000000000 
-0.0009000000000000 
-0.0009000000000000 
-0.0009000000000000 
-0.0009000000000000 
-0.0009000000000000 
-0.0009500000000000 
-0.0009000000000000 
-0.0009500000000000 
-0.0010000000000000 
-0.0010500000000000 
-0.0010500000000000 
-0.0010500000000000 
-0.0010500000000000 
-0.0010500000000000 
-0.0010500000000000 
-0.0010500000000000 
-0.0010500000000000 
-0.0010500000000000 
-0.0010500000000000 
-0.0010000000000000 
-0.0010000000000000 
-0.0010000000000000 
-0.0010000000000000 
-0.0010000000000000 
-0.0009500000000000 
-0.0009500000000000 
-0.0009500000000000 
-0.0009500000000000 
-0.0009500000000000 
-0.0009000000000000 
-0.0009000000000000 
-0.0009000000000000 
-0.0009000000000000 
-0.0009000000000000 
-0.0009000000000000 
-0.0009000000000000 
-0.0009000000000000 
-0.0009000000000000 
-0.0009000000000000 
-0.0009000000000000 
-0.0009000000000000 
-0.0009000000000000 
-0.0009500000000000 
-0.0009500000000000 
-0.0009500000000000 
-0.0009500000000000 
-0.0009500000000000 
-0.0009500000000000 
-0.0009500000000000 
-0.0009500000000000 
-0.0009500000000000 
-0.0009500000000000 
-0.0009500000000000 
-0.0009500000000000 
-0.0009500000000000 
-0.0009500000000000 
-0.0009500000000000 
-0.0009500000000000 
-0.0009500000000000 
-0.0009500000000000 
-0.0009500000000000 
-0.0009500000000000 
-0.0010000000000000 
-0.0010000000000000 
-0.0010000000000000 
-0.0010000000000000 
-0.0010000000000000 
-0.0010500000000000 
-0.0010500000000000 
-0.0010500000000000 
-0.0010500000000000 
-0.0010500000000000 
-0.0011000000000000 
-0.0011000000000000 
-0.0011000000000000 
-0.0011000000000000 
-0.0011000000000000 
-0.0011000000000000 
-0.0011000000000000 
-0.0011000000000000 
-0.0011000000000000 
-0.0011000000000000 
-0.0011500000000000 
-0.0011500000000000 
-0.0012000000000000 
-0.0011500000000000 
-0.0011000000000000 
-0.0011000000000000 
-0.0011000000000000 
-0.0011000000000000 
-0.0011000000000000 
-0.0011000000000000 
-0.0011000000000000 
-0.0011000000000000 
-0.0011500000000000 
-0.0011500000000000 
-0.0011500000000000 
-0.0011500000000000 
-0.0011500000000000 
-0.0012000000000000 
-0.0012000000000000 
-0.0012000000000000 
-0.0012000000000000 
-0.0012000000000000 
-0.0012000000000000 
-0.0012000000000000 
-0.0012000000000000 
-0.0012000000000000 
-0.0012500000000000 
-0.0012500000000000 
-0.0012500000000000 
-0.0012500000000000 
-0.0012500000000000 
-0.0012000000000000 
-0.0012000000000000 
-0.0012000000000000 
-0.0012000000000000 
-0.0011500000000000 
-0.0011000000000000 
-0.0011000000000000 
-0.0011000000000000 
-0.0011000000000000 
-0.0011500000000000 
-0.0011500000000000 
-0.0011500000000000 
-0.0011500000000000 
-0.0011500000000000 
-0.0011500000000000 
-0.0011500000000000 
-0.0011500000000000 
-0.0011500000000000 
-0.0011500000000000 
-0.0011500000000000 
-0.0012000000000000 
-0.0012000000000000 
-0.0011500000000000 
-0.0011500000000000 
-0.0011500000000000 
-0.0011500000000000 
-0.0012000000000000 
-0.0012000000000000 
-0.0012000000000000 
-0.0012000000000000 
-0.0012000000000000 
-0.0012500000000000 
-0.0012500000000000 
-0.0012500000000000 
-0.0012000000000000 
-0.0012500000000000 
-0.0012500000000000 
-0.0012500000000000 
-0.0012500000000000 
-0.0013000000000000 
-0.0013000000000000 
-0.0013000000000000 
-0.0013500000000000 
-0.0013000000000000 
-0.0013000000000000 
-0.0013000000000000 
-0.0012500000000000 
-0.0012500000000000 
-0.0012500000000000 
-0.0013000000000000 
-0.0013000000000000 
-0.0013000000000000 
-0.0013000000000000 
-0.0013000000000000 
-0.0013000000000000 
-0.0013000000000000 
-0.0012500000000000 
-0.0012500000000000 
-0.0013000000000000 
-0.0013500000000000 
-0.0013500000000000 
-0.0013500000000000 
-0.0014000000000000 
-0.0014000000000000 
-0.0014000000000000 
-0.0014000000000000 
-0.0014000000000000 
-0.0014000000000000 
-0.0014000000000000 
-0.0014000000000000 
-0.0013500000000000 
-0.0013500000000000 
-0.0013500000000000 
-0.0013500000000000 
-0.0013500000000000 
-0.0013500000000000 
-0.0013500000000000 
-0.0013500000000000 
-0.0013500000000000 
-0.0013500000000000 
-0.0013500000000000 
-0.0013500000000000 
-0.0013500000000000 
-0.0013000000000000 
-0.0013000000000000 
-0.0013000000000000 
-0.0013000000000000 
-0.0013000000000000 
-0.0013000000000000 
-0.0013000000000000 
-0.0012500000000000 
-0.0012500000000000 
-0.0012000000000000 
-0.0012000000000000 
-0.0012000000000000 
-0.0011500000000000 
-0.0011500000000000 
-0.0011500000000000 
-0.0011500000000000 
-0.0011500000000000 
-0.0011500000000000 
-0.0011500000000000 
-0.0011500000000000 
-0.0011500000000000 
-0.0011000000000000 
-0.0011000000000000 
-0.0011000000000000 
-0.0011000000000000 
-0.0011500000000000 
-0.0011500000000000 
-0.0011500000000000 
-0.0011500000000000 
-0.0011500000000000 
-0.0011500000000000 
-0.0011500000000000 
-0.0011500000000000 
-0.0011500000000000 
-0.0011500000000000 
-0.0011000000000000 
-0.0011000000000000 
-0.0011000000000000 
-0.0011000000000000 
-0.0011000000000000 
-0.0011000000000000 
-0.0011000000000000 
-0.0011000000000000 
-0.0011500000000000 
-0.0011500000000000 
-0.0011000000000000 
-0.0011000000000000 
-0.0011000000000000 
-0.0011000000000000 
-0.0011000000000000 
-0.0011000000000000 
-0.0010500000000000 
-0.0010500000000000 
-0.0010500000000000 
-0.0010000000000000 
-0.0010500000000000 
-0.0010500000000000 
-0.0010500000000000 
-0.0010500000000000 
-0.0011000000000000 
-0.0011000000000000 
-0.0011500000000000 
-0.0011500000000000 
-0.0011500000000000 
-0.0011500000000000 
-0.0011500000000000 
-0.0011500000000000 
-0.0011500000000000 
-0.0011500000000000 
-0.0011500000000000 
-0.0011500000000000 
-0.0012000000000000 
-0.0012000000000000 
-0.0012000000000000 
-0.0012000000000000 
-0.0012000000000000 
-0.0012000000000000 
-0.0012000000000000 
-0.0012000000000000 
-0.0012000000000000 
-0.0012000000000000 
-0.0012000000000000 
-0.0011500000000000 
-0.0011500000000000 
-0.0011500000000000 
-0.0011500000000000 
-0.0011500000000000 
-0.0011500000000000 
-0.0011500000000000 
-0.0011500000000000 
-0.0011000000000000 
-0.0011000000000000 
-0.0011000000000000 
-0.0011000000000000 
-0.0011000000000000 
-0.0011000000000000 
-0.0011000000000000 
-0.0011000000000000 
-0.0011500000000000 
-0.0011500000000000 
-0.0011500000000000 
-0.0011500000000000 
-0.0011500000000000 
-0.0011000000000000 
-0.0011000000000000 
-0.0011000000000000 
-0.0010500000000000 
-0.0010500000000000 
-0.0010500000000000 
-0.0010500000000000 
-0.0010500000000000 
-0.0010500000000000 
-0.0010500000000000 
-0.0010500000000000 
-0.0010500000000000 
-0.0010500000000000 
-0.0010500000000000 
-0.0010500000000000 
-0.0011000000000000 
-0.0011000000000000 
-0.0011000000000000 
-0.0011000000000000 
-0.0011000000000000 
-0.0011000000000000 
-0.0010500000000000 
-0.0010500000000000 
-0.0010000000000000 
-0.0010500000000000 
-0.0010500000000000 
-0.0010500000000000 
-0.0010500000000000 
-0.0010500000000000 
-0.0010000000000000 
-0.0010500000000000 
-0.0011000000000000 
-0.0011000000000000 
-0.0011000000000000 
-0.0011000000000000 
0.0000000000000000 
0.0000000000000000 
0.0000000000000000 
0.0000000000000000 
0.0000000000000000 
0.0000000000000000 
0.0000000000000000 
0.0000000000000000 
0.0000000000000000 
0.0000000000000000 
0.0000000000000000 
0.0000000000000000 
0.0000000000000000 
0.0000000000000000 
0.0000000000000000 
0.0000000000000000 
0.0000000000000000 
0.0000000000000000 
0.0000000000000000 
0.0000000000000000 
0.0000000000000000 
0.0000000000000000 
