0.0077000000000000 
0.0077500000000000 
0.0078000000000000 
0.0078500000000000 
0.0079000000000000 
0.0078500000000000 
0.0078000000000000 
0.0077500000000000 
0.0078000000000000 
0.0077500000000000 
0.0077000000000000 
0.0076500000000000 
0.0076000000000000 
0.0075500000000000 
0.0076000000000000 
0.0076500000000000 
0.0076000000000000 
0.0075500000000000 
0.0075000000000000 
0.0075500000000000 
0.0076000000000000 
0.0075500000000000 
0.0075000000000000 
0.0075500000000000 
0.0076000000000000 
0.0076500000000000 
0.0076000000000000 
0.0076500000000000 
0.0076000000000000 
0.0075500000000000 
0.0076000000000000 
0.0075500000000000 
0.0076000000000000 
0.0076500000000000 
0.0077000000000000 
0.0077500000000000 
0.0078000000000000 
0.0077500000000000 
0.0078000000000000 
0.0077500000000000 
0.0077000000000000 
0.0077500000000000 
0.0077000000000000 
0.0077500000000000 
0.0077000000000000 
0.0076500000000000 
0.0076000000000000 
0.0076500000000000 
0.0077000000000000 
0.0077500000000000 
0.0078000000000000 
0.0077500000000000 
0.0077000000000000 
0.0076500000000000 
0.0076000000000000 
0.0076500000000000 
0.0077000000000000 
0.0077500000000000 
0.0078000000000000 
0.0078500000000000 
0.0078000000000000 
0.0078500000000000 
0.0078000000000000 
0.0077500000000000 
0.0077000000000000 
0.0076500000000000 
0.0077000000000000 
0.0076500000000000 
0.0076000000000000 
0.0076500000000000 
0.0077000000000000 
0.0076500000000000 
0.0077000000000000 
0.0077500000000000 
0.0077000000000000 
0.0077500000000000 
0.0077000000000000 
0.0076500000000000 
0.0077000000000000 
0.0077500000000000 
0.0078000000000000 
0.0078500000000000 
0.0079000000000000 
0.0078500000000000 
0.0078000000000000 
0.0078500000000000 
0.0079000000000000 
0.0078500000000000 
0.0079000000000000 
0.0078500000000000 
0.0078000000000000 
0.0078500000000000 
0.0079000000000000 
0.0078500000000000 
0.0079000000000000 
0.0078500000000000 
0.0078000000000000 
0.0078500000000000 
0.0078000000000000 
0.0078500000000000 
0.0078000000000000 
0.0078500000000000 
0.0079000000000000 
0.0079500000000000 
0.0080000000000000 
0.0080500000000000 
0.0080000000000000 
0.0079500000000000 
0.0080000000000000 
0.0080500000000000 
0.0081000000000000 
0.0081500000000000 
0.0081000000000000 
0.0081500000000000 
0.0081000000000000 
0.0081500000000000 
0.0081000000000000 
0.0081500000000000 
0.0081000000000000 
0.0080500000000000 
0.0081000000000000 
0.0080500000000000 
0.0081000000000000 
0.0081500000000000 
0.0082000000000000 
0.0082500000000000 
0.0083000000000000 
0.0083500000000000 
0.0084000000000000 
0.0084500000000000 
0.0085000000000000 
0.0085500000000000 
0.0086000000000000 
0.0085500000000000 
0.0085000000000000 
0.0084500000000000 
0.0085000000000000 
0.0085500000000000 
0.0085000000000000 
0.0084500000000000 
0.0084000000000000 
0.0084500000000000 
0.0084000000000000 
0.0084500000000000 
0.0085000000000000 
0.0084500000000000 
0.0085000000000000 
0.0085500000000000 
0.0085000000000000 
0.0085500000000000 
0.0086000000000000 
0.0086500000000000 
0.0086000000000000 
0.0085500000000000 
0.0086000000000000 
0.0085500000000000 
0.0086000000000000 
0.0085500000000000 
0.0085000000000000 
0.0084500000000000 
0.0084000000000000 
0.0084500000000000 
0.0084000000000000 
0.0084500000000000 
0.0084000000000000 
0.0083500000000000 
0.0084000000000000 
0.0083500000000000 
0.0083000000000000 
0.0083500000000000 
0.0083000000000000 
0.0082500000000000 
0.0083000000000000 
0.0082500000000000 
0.0083000000000000 
0.0082500000000000 
0.0083000000000000 
0.0082500000000000 
0.0083000000000000 
0.0082500000000000 
0.0082000000000000 
0.0081500000000000 
0.0082000000000000 
0.0081500000000000 
0.0082000000000000 
0.0082500000000000 
0.0083000000000000 
0.0082500000000000 
0.0082000000000000 
0.0081500000000000 
0.0082000000000000 
0.0081500000000000 
0.0082000000000000 
0.0082500000000000 
0.0082000000000000 
0.0082500000000000 
0.0082000000000000 
0.0081500000000000 
0.0082000000000000 
0.0082500000000000 
0.0082000000000000 
0.0081500000000000 
0.0082000000000000 
0.0081500000000000 
0.0081000000000000 
0.0080500000000000 
0.0080000000000000 
0.0080500000000000 
0.0080000000000000 
0.0080500000000000 
0.0080000000000000 
0.0079500000000000 
0.0080000000000000 
0.0079500000000000 
0.0079000000000000 
0.0079500000000000 
0.0080000000000000 
0.0080500000000000 
0.0080000000000000 
0.0079500000000000 
0.0079000000000000 
0.0078500000000000 
0.0078000000000000 
0.0078500000000000 
0.0079000000000000 
0.0078500000000000 
0.0078000000000000 
0.0078500000000000 
0.0079000000000000 
0.0079500000000000 
0.0080000000000000 
0.0079500000000000 
0.0080000000000000 
0.0079500000000000 
0.0080000000000000 
0.0080500000000000 
0.0081000000000000 
0.0080500000000000 
0.0080000000000000 
0.0080500000000000 
0.0080000000000000 
0.0079500000000000 
0.0079000000000000 
0.0079500000000000 
0.0079000000000000 
0.0079500000000000 
0.0079000000000000 
0.0078500000000000 
0.0078000000000000 
0.0078500000000000 
0.0078000000000000 
0.0077500000000000 
0.0078000000000000 
0.0078500000000000 
0.0078000000000000 
0.0077500000000000 
0.0078000000000000 
0.0077500000000000 
0.0078000000000000 
0.0078500000000000 
0.0078000000000000 
0.0078500000000000 
0.0078000000000000 
0.0078500000000000 
0.0079000000000000 
0.0078500000000000 
0.0079000000000000 
0.0078500000000000 
0.0079000000000000 
0.0079500000000000 
0.0080000000000000 
0.0079500000000000 
0.0079000000000000 
0.0079500000000000 
0.0079000000000000 
0.0078500000000000 
0.0079000000000000 
0.0079500000000000 
0.0079000000000000 
0.0078500000000000 
0.0079000000000000 
0.0079500000000000 
0.0079000000000000 
0.0078500000000000 
0.0079000000000000 
0.0079500000000000 
0.0079000000000000 
0.0078500000000000 
0.0078000000000000 
0.0077500000000000 
0.0077000000000000 
0.0076500000000000 
0.0077000000000000 
0.0077500000000000 
0.0078000000000000 
0.0078500000000000 
0.0079000000000000 
0.0079500000000000 
0.0080000000000000 
0.0079500000000000 
0.0079000000000000 
0.0079500000000000 
0.0079000000000000 
0.0078500000000000 
0.0078000000000000 
0.0077500000000000 
0.0077000000000000 
0.0077500000000000 
0.0077000000000000 
0.0077500000000000 
0.0077000000000000 
0.0076500000000000 
0.0077000000000000 
0.0077500000000000 
0.0077000000000000 
0.0077500000000000 
0.0077000000000000 
0.0076500000000000 
0.0076000000000000 
0.0076500000000000 
0.0076000000000000 
0.0076500000000000 
0.0076000000000000 
0.0075500000000000 
0.0075000000000000 
0.0075500000000000 
0.0075000000000000 
0.0074500000000000 
0.0075000000000000 
0.0074500000000000 
0.0075000000000000 
0.0074500000000000 
0.0075000000000000 
0.0075500000000000 
0.0076000000000000 
0.0075500000000000 
0.0076000000000000 
0.0076500000000000 
0.0077000000000000 
0.0077500000000000 
0.0078000000000000 
0.0077500000000000 
0.0078000000000000 
0.0077500000000000 
0.0078000000000000 
0.0078500000000000 
0.0078000000000000 
0.0077500000000000 
0.0077000000000000 
0.0077500000000000 
0.0077000000000000 
0.0077500000000000 
0.0078000000000000 
0.0078500000000000 
0.0079000000000000 
0.0079500000000000 
0.0079000000000000 
0.0079500000000000 
0.0079000000000000 
0.0078500000000000 
0.0078000000000000 
0.0077500000000000 
0.0078000000000000 
0.0077500000000000 
0.0077000000000000 
0.0076500000000000 
0.0076000000000000 
0.0075500000000000 
0.0075000000000000 
0.0075500000000000 
0.0076000000000000 
0.0076500000000000 
0.0077000000000000 
0.0076500000000000 
0.0077000000000000 
0.0076500000000000 
0.0077000000000000 
0.0077500000000000 
0.0077000000000000 
0.0077500000000000 
0.0078000000000000 
0.0078500000000000 
0.0078000000000000 
0.0078500000000000 
0.0078000000000000 
0.0078500000000000 
0.0079000000000000 
0.0079500000000000 
0.0079000000000000 
0.0078500000000000 
0.0078000000000000 
0.0078500000000000 
0.0078000000000000 
0.0077500000000000 
0.0078000000000000 
0.0077500000000000 
0.0077000000000000 
0.0076500000000000 
0.0076000000000000 
0.0075500000000000 
0.0076000000000000 
0.0076500000000000 
0.0077000000000000 
0.0076500000000000 
0.0077000000000000 
0.0076500000000000 
0.0077000000000000 
0.0077500000000000 
0.0078000000000000 
0.0078500000000000 
0.0079000000000000 
0.0078500000000000 
0.0078000000000000 
0.0077500000000000 
0.0078000000000000 
0.0077500000000000 
0.0077000000000000 
0.0077500000000000 
0.0077000000000000 
0.0076500000000000 
0.0076000000000000 
0.0075500000000000 
0.0076000000000000 
0.0076500000000000 
0.0076000000000000 
0.0075500000000000 
0.0076000000000000 
0.0075500000000000 
0.0075000000000000 
0.0074500000000000 
0.0074000000000000 
0.0073500000000000 
0.0073000000000000 
0.0073500000000000 
0.0074000000000000 
0.0073500000000000 
0.0074000000000000 
0.0074500000000000 
0.0075000000000000 
0.0075500000000000 
0.0076000000000000 
0.0075500000000000 
0.0075000000000000 
0.0074500000000000 
0.0074000000000000 
0.0074500000000000 
0.0075000000000000 
0.0075500000000000 
0.0076000000000000 
0.0075500000000000 
0.0075000000000000 
0.0074500000000000 
0.0075000000000000 
0.0074500000000000 
0.0074000000000000 
0.0073500000000000 
0.0073000000000000 
0.0072500000000000 
0.0073000000000000 
0.0072500000000000 
0.0072000000000000 
0.0071500000000000 
0.0071000000000000 
0.0070500000000000 
0.0071000000000000 
0.0071500000000000 
0.0071000000000000 
0.0071500000000000 
0.0072000000000000 
0.0071500000000000 
0.0071000000000000 
0.0070500000000000 
0.0070000000000000 
0.0070500000000000 
0.0070000000000000 
0.0070500000000000 
0.0071000000000000 
0.0071500000000000 
0.0071000000000000 
0.0071500000000000 
0.0071000000000000 
0.0070500000000000 
0.0071000000000000 
0.0070500000000000 
0.0071000000000000 
0.0070500000000000 
0.0070000000000000 
0.0069500000000000 
0.0070000000000000 
0.0070500000000000 
0.0070000000000000 
0.0069500000000000 
0.0070000000000000 
0.0070500000000000 
0.0071000000000000 
0.0071500000000000 
0.0071000000000000 
0.0071500000000000 
0.0071000000000000 
0.0070500000000000 
0.0071000000000000 
0.0070500000000000 
0.0071000000000000 
0.0071500000000000 
0.0072000000000000 
0.0072500000000000 
0.0072000000000000 
0.0071500000000000 
0.0071000000000000 
0.0070500000000000 
0.0070000000000000 
0.0069500000000000 
0.0069000000000000 
0.0069500000000000 
0.0070000000000000 
0.0070500000000000 
0.0070000000000000 
0.0070500000000000 
0.0071000000000000 
0.0070500000000000 
0.0070000000000000 
0.0070500000000000 
0.0070000000000000 
0.0069500000000000 
0.0070000000000000 
0.0069500000000000 
0.0070000000000000 
0.0070500000000000 
0.0070000000000000 
0.0069500000000000 
0.0069000000000000 
0.0068500000000000 
0.0068000000000000 
0.0067500000000000 
0.0067000000000000 
0.0066500000000000 
0.0067000000000000 
0.0066500000000000 
0.0066000000000000 
0.0066500000000000 
0.0066000000000000 
0.0065500000000000 
0.0065000000000000 
0.0064500000000000 
0.0064000000000000 
0.0063500000000000 
0.0064000000000000 
0.0063500000000000 
0.0064000000000000 
0.0063500000000000 
0.0064000000000000 
0.0063500000000000 
0.0063000000000000 
0.0062500000000000 
0.0063000000000000 
0.0062500000000000 
0.0062000000000000 
0.0062500000000000 
0.0063000000000000 
0.0063500000000000 
0.0063000000000000 
0.0063500000000000 
0.0064000000000000 
0.0064500000000000 
0.0065000000000000 
0.0065500000000000 
0.0065000000000000 
0.0064500000000000 
0.0064000000000000 
0.0064500000000000 
0.0064000000000000 
0.0064500000000000 
0.0064000000000000 
0.0064500000000000 
0.0065000000000000 
0.0064500000000000 
0.0065000000000000 
0.0064500000000000 
0.0065000000000000 
0.0065500000000000 
0.0066000000000000 
0.0065500000000000 
0.0066000000000000 
0.0066500000000000 
0.0067000000000000 
0.0067500000000000 
0.0067000000000000 
0.0067500000000000 
0.0067000000000000 
0.0066500000000000 
0.0067000000000000 
0.0067500000000000 
0.0068000000000000 
0.0068500000000000 
0.0069000000000000 
0.0069500000000000 
0.0069000000000000 
0.0069500000000000 
0.0070000000000000 
0.0069500000000000 
0.0069000000000000 
0.0068500000000000 
0.0068000000000000 
0.0067500000000000 
0.0067000000000000 
0.0067500000000000 
0.0067000000000000 
0.0067500000000000 
0.0067000000000000 
0.0067500000000000 
0.0068000000000000 
0.0068500000000000 
0.0069000000000000 
0.0069500000000000 
0.0069000000000000 
0.0068500000000000 
0.0069000000000000 
0.0068500000000000 
0.0068000000000000 
0.0067500000000000 
0.0067000000000000 
0.0066500000000000 
0.0067000000000000 
0.0066500000000000 
0.0066000000000000 
0.0066500000000000 
0.0066000000000000 
0.0066500000000000 
0.0066000000000000 
0.0065500000000000 
0.0066000000000000 
0.0066500000000000 
0.0066000000000000 
0.0066500000000000 
0.0066000000000000 
0.0066500000000000 
0.0067000000000000 
0.0066500000000000 
0.0066000000000000 
0.0065500000000000 
0.0065000000000000 
0.0065500000000000 
0.0065000000000000 
0.0065500000000000 
0.0066000000000000 
0.0065500000000000 
0.0065000000000000 
0.0064500000000000 
0.0064000000000000 
0.0064500000000000 
0.0064000000000000 
0.0064500000000000 
0.0065000000000000 
0.0064500000000000 
0.0065000000000000 
0.0064500000000000 
0.0064000000000000 
0.0064500000000000 
0.0064000000000000 
0.0063500000000000 
0.0064000000000000 
0.0064500000000000 
0.0065000000000000 
0.0064500000000000 
0.0064000000000000 
0.0063500000000000 
0.0064000000000000 
0.0063500000000000 
0.0063000000000000 
0.0063500000000000 
0.0064000000000000 
0.0064500000000000 
0.0065000000000000 
0.0065500000000000 
0.0066000000000000 
0.0065500000000000 
0.0066000000000000 
0.0066500000000000 
0.0066000000000000 
0.0066500000000000 
0.0066000000000000 
0.0065500000000000 
0.0066000000000000 
0.0065500000000000 
0.0065000000000000 
0.0064500000000000 
0.0065000000000000 
0.0064500000000000 
0.0065000000000000 
0.0064500000000000 
0.0065000000000000 
0.0065500000000000 
0.0066000000000000 
0.0066500000000000 
0.0067000000000000 
0.0066500000000000 
0.0067000000000000 
0.0067500000000000 
0.0067000000000000 
0.0066500000000000 
0.0067000000000000 
0.0067500000000000 
0.0067000000000000 
0.0066500000000000 
0.0066000000000000 
0.0066500000000000 
0.0066000000000000 
0.0065500000000000 
0.0066000000000000 
0.0066500000000000 
0.0066000000000000 
0.0065500000000000 
0.0065000000000000 
0.0064500000000000 
0.0065000000000000 
0.0065500000000000 
0.0066000000000000 
0.0065500000000000 
0.0065000000000000 
0.0064500000000000 
0.0064000000000000 
0.0063500000000000 
0.0063000000000000 
0.0063500000000000 
0.0064000000000000 
0.0064500000000000 
0.0064000000000000 
0.0064500000000000 
0.0065000000000000 
0.0064500000000000 
0.0065000000000000 
0.0065500000000000 
0.0066000000000000 
0.0065500000000000 
0.0065000000000000 
0.0065500000000000 
0.0066000000000000 
0.0065500000000000 
0.0065000000000000 
0.0064500000000000 
0.0065000000000000 
0.0064500000000000 
0.0065000000000000 
0.0064500000000000 
0.0065000000000000 
0.0065500000000000 
0.0066000000000000 
0.0065500000000000 
0.0065000000000000 
0.0065500000000000 
0.0066000000000000 
0.0065500000000000 
0.0066000000000000 
0.0066500000000000 
0.0066000000000000 
0.0065500000000000 
0.0066000000000000 
0.0066500000000000 
0.0066000000000000 
0.0065500000000000 
0.0066000000000000 
0.0066500000000000 
0.0066000000000000 
0.0066500000000000 
0.0067000000000000 
0.0067500000000000 
0.0068000000000000 
0.0068500000000000 
0.0069000000000000 
0.0069500000000000 
0.0070000000000000 
0.0070500000000000 
0.0071000000000000 
0.0071500000000000 
0.0072000000000000 
0.0071500000000000 
0.0071000000000000 
0.0070500000000000 
0.0071000000000000 
0.0071500000000000 
0.0071000000000000 
0.0070500000000000 
0.0070000000000000 
0.0069500000000000 
0.0070000000000000 
0.0069500000000000 
0.0069000000000000 
0.0069500000000000 
0.0070000000000000 
0.0070500000000000 
0.0071000000000000 
0.0071500000000000 
0.0071000000000000 
0.0071500000000000 
0.0071000000000000 
0.0070500000000000 
0.0071000000000000 
0.0071500000000000 
0.0071000000000000 
0.0070500000000000 
0.0071000000000000 
0.0070500000000000 
0.0070000000000000 
0.0069500000000000 
0.0069000000000000 
0.0069500000000000 
0.0069000000000000 
0.0069500000000000 
0.0070000000000000 
0.0069500000000000 
0.0069000000000000 
0.0068500000000000 
0.0068000000000000 
0.0067500000000000 
0.0068000000000000 
0.0067500000000000 
0.0067000000000000 
0.0067500000000000 
0.0068000000000000 
0.0068500000000000 
0.0068000000000000 
0.0067500000000000 
0.0068000000000000 
0.0067500000000000 
0.0067000000000000 
0.0066500000000000 
0.0067000000000000 
0.0067500000000000 
0.0068000000000000 
0.0067500000000000 
0.0068000000000000 
0.0067500000000000 
0.0067000000000000 
0.0067500000000000 
0.0068000000000000 
0.0068500000000000 
0.0068000000000000 
0.0067500000000000 
0.0067000000000000 
0.0067500000000000 
0.0068000000000000 
0.0068500000000000 
0.0068000000000000 
0.0068500000000000 
0.0068000000000000 
0.0068500000000000 
0.0068000000000000 
0.0068500000000000 
0.0069000000000000 
0.0068500000000000 
0.0069000000000000 
0.0068500000000000 
0.0068000000000000 
0.0067500000000000 
0.0067000000000000 
0.0066500000000000 
0.0067000000000000 
0.0067500000000000 
0.0067000000000000 
0.0066500000000000 
0.0066000000000000 
0.0066500000000000 
0.0067000000000000 
0.0066500000000000 
0.0067000000000000 
0.0066500000000000 
0.0066000000000000 
0.0066500000000000 
0.0067000000000000 
0.0067500000000000 
0.0068000000000000 
0.0067500000000000 
0.0068000000000000 
0.0067500000000000 
0.0067000000000000 
0.0066500000000000 
0.0066000000000000 
0.0065500000000000 
0.0066000000000000 
0.0066500000000000 
0.0067000000000000 
0.0067500000000000 
0.0067000000000000 
0.0066500000000000 
0.0066000000000000 
0.0066500000000000 
0.0066000000000000 
0.0066500000000000 
0.0066000000000000 
0.0065500000000000 
0.0065000000000000 
0.0065500000000000 
0.0065000000000000 
0.0064500000000000 
0.0065000000000000 
0.0065500000000000 
0.0065000000000000 
0.0064500000000000 
0.0065000000000000 
0.0064500000000000 
0.0064000000000000 
0.0063500000000000 
0.0063000000000000 
0.0062500000000000 
0.0062000000000000 
0.0062500000000000 
0.0063000000000000 
0.0063500000000000 
0.0064000000000000 
0.0064500000000000 
0.0065000000000000 
0.0064500000000000 
0.0064000000000000 
0.0063500000000000 
0.0063000000000000 
0.0062500000000000 
0.0062000000000000 
0.0061500000000000 
0.0062000000000000 
0.0061500000000000 
0.0062000000000000 
0.0061500000000000 
0.0061000000000000 
0.0061500000000000 
0.0061000000000000 
0.0060500000000000 
0.0060000000000000 
0.0059500000000000 
0.0060000000000000 
0.0060500000000000 
0.0060000000000000 
0.0060500000000000 
0.0060000000000000 
0.0059500000000000 
0.0059000000000000 
0.0059500000000000 
0.0060000000000000 
0.0059500000000000 
0.0060000000000000 
0.0060500000000000 
0.0060000000000000 
0.0060500000000000 
0.0060000000000000 
0.0059500000000000 
0.0059000000000000 
0.0059500000000000 
0.0060000000000000 
0.0059500000000000 
0.0060000000000000 
0.0060500000000000 
0.0061000000000000 
0.0060500000000000 
0.0060000000000000 
0.0060500000000000 
0.0061000000000000 
0.0060500000000000 
0.0060000000000000 
0.0059500000000000 
0.0059000000000000 
0.0058500000000000 
0.0059000000000000 
0.0059500000000000 
0.0059000000000000 
0.0059500000000000 
0.0060000000000000 
0.0059500000000000 
0.0059000000000000 
0.0059500000000000 
0.0060000000000000 
0.0060500000000000 
0.0060000000000000 
0.0059500000000000 
0.0060000000000000 
0.0059500000000000 
0.0060000000000000 
0.0059500000000000 
0.0059000000000000 
0.0059500000000000 
0.0000000000000000 
0.0000000000000000 
0.0000000000000000 
0.0000000000000000 
0.0000000000000000 
0.0000000000000000 
0.0000000000000000 
0.0000000000000000 
0.0000000000000000 
0.0000000000000000 
0.0000000000000000 
0.0000000000000000 
0.0000000000000000 
0.0000000000000000 
0.0000000000000000 
0.0000000000000000 
0.0000000000000000 
0.0000000000000000 
0.0000000000000000 
0.0000000000000000 
0.0000000000000000 
0.0000000000000000 
