0.00000000 	0.00200000 	0.00200000 	0.00200000 	0.00200000 	0.00200000 	
0.00100000 	-0.03352479 	-0.03352850 	-0.03352747 	-0.03352721 	-0.03352481 	
0.00200000 	-0.06903670 	-0.06904184 	-0.06904677 	-0.06903763 	-0.06903973 	
0.00300000 	-0.10453240 	-0.10452830 	-0.10453675 	-0.10452524 	-0.10452542 	
0.00400000 	-0.13998527 	-0.13998244 	-0.13998734 	-0.13998243 	-0.13997762 	
0.00500000 	-0.17538501 	-0.17538462 	-0.17538330 	-0.17538525 	-0.17537734 	
0.00600000 	-0.21072646 	-0.21072169 	-0.21071710 	-0.21072136 	-0.21071774 	
0.00700000 	-0.24598732 	-0.24598959 	-0.24597984 	-0.24598269 	-0.24598115 	
0.00800000 	-0.28116374 	-0.28116194 	-0.28115836 	-0.28115751 	-0.28115796 	
0.00900000 	-0.31623866 	-0.31623645 	-0.31623588 	-0.31623442 	-0.31623032 	
0.01000000 	-0.35119975 	-0.35119625 	-0.35119852 	-0.35119148 	-0.35118802 	
0.01100000 	-0.38603607 	-0.38602864 	-0.38603150 	-0.38602799 	-0.38602689 	
0.01200000 	-0.42073593 	-0.42073020 	-0.42072962 	-0.42072484 	-0.42072891 	
0.01300000 	-0.45528289 	-0.45527699 	-0.45527783 	-0.45527451 	-0.45528085 	
0.01400000 	-0.48966905 	-0.48966104 	-0.48966646 	-0.48965756 	-0.48966486 	
0.01500000 	-0.52387690 	-0.52387315 	-0.52387169 	-0.52386491 	-0.52387791 	
0.01600000 	-0.55790071 	-0.55789987 	-0.55788877 	-0.55788699 	-0.55790307 	
0.01700000 	-0.59172821 	-0.59172424 	-0.59171503 	-0.59170730 	-0.59173460 	
0.01800000 	-0.62534192 	-0.62533645 	-0.62532697 	-0.62531871 	-0.62535111 	
0.01900000 	-0.65872847 	-0.65872393 	-0.65872208 	-0.65870679 	-0.65874448 	
0.02000000 	-0.69188281 	-0.69187624 	-0.69187825 	-0.69186241 	-0.69189870 	
0.02100000 	-0.72479017 	-0.72478969 	-0.72479101 	-0.72477186 	-0.72480828 	
0.02200000 	-0.75743871 	-0.75743955 	-0.75744268 	-0.75742038 	-0.75745943 	
0.02300000 	-0.78981847 	-0.78981899 	-0.78982192 	-0.78980865 	-0.78983961 	
0.02400000 	-0.82191664 	-0.82192136 	-0.82192483 	-0.82190882 	-0.82193939 	
0.02500000 	-0.85372222 	-0.85372450 	-0.85373096 	-0.85371634 	-0.85374503 	
0.02600000 	-0.88522594 	-0.88522781 	-0.88523171 	-0.88521808 	-0.88524623 	
0.02700000 	-0.91641172 	-0.91641519 	-0.91642413 	-0.91640325 	-0.91643625 	
0.02800000 	-0.94727107 	-0.94727654 	-0.94728242 	-0.94726658 	-0.94730064 	
0.02900000 	-0.97779435 	-0.97779844 	-0.97780431 	-0.97779031 	-0.97782680 	
0.03000000 	-1.00797391 	-1.00797544 	-1.00798251 	-1.00796746 	-1.00800468 	
0.03100000 	-1.03779124 	-1.03779195 	-1.03779889 	-1.03778385 	-1.03782288 	
0.03200000 	-1.06724288 	-1.06723972 	-1.06724701 	-1.06723488 	-1.06726837 	
0.03300000 	-1.09630793 	-1.09630624 	-1.09631567 	-1.09630396 	-1.09633814 	
0.03400000 	-1.12498272 	-1.12498592 	-1.12499044 	-1.12498362 	-1.12501305 	
0.03500000 	-1.15325970 	-1.15326718 	-1.15326836 	-1.15326362 	-1.15328942 	
0.03600000 	-1.18112766 	-1.18113688 	-1.18113276 	-1.18113478 	-1.18115620 	
0.03700000 	-1.20857678 	-1.20858291 	-1.20858067 	-1.20858294 	-1.20860567 	
0.03800000 	-1.23559126 	-1.23560526 	-1.23559628 	-1.23559732 	-1.23562499 	
0.03900000 	-1.26216074 	-1.26218242 	-1.26217385 	-1.26217484 	-1.26220488 	
0.04000000 	-1.28828577 	-1.28831168 	-1.28829916 	-1.28830514 	-1.28833641 	
0.04100000 	-1.31395780 	-1.31398319 	-1.31396910 	-1.31397154 	-1.31400674 	
0.04200000 	-1.33916442 	-1.33918595 	-1.33917301 	-1.33917523 	-1.33920803 	
0.04300000 	-1.36389618 	-1.36391292 	-1.36389942 	-1.36390442 	-1.36393509 	
0.04400000 	-1.38814064 	-1.38815609 	-1.38814614 	-1.38814938 	-1.38817923 	
0.04500000 	-1.41189001 	-1.41190419 	-1.41189103 	-1.41190026 	-1.41192485 	
0.04600000 	-1.43513963 	-1.43515039 	-1.43513575 	-1.43514596 	-1.43516536 	
0.04700000 	-1.45787698 	-1.45788751 	-1.45787087 	-1.45788081 	-1.45790203 	
0.04800000 	-1.48008922 	-1.48010655 	-1.48008587 	-1.48009874 	-1.48011609 	
0.04900000 	-1.50177971 	-1.50179885 	-1.50177462 	-1.50179303 	-1.50180511 	
0.05000000 	-1.52293357 	-1.52295393 	-1.52293863 	-1.52295270 	-1.52295938 	
0.05100000 	-1.54354899 	-1.54357278 	-1.54355607 	-1.54356480 	-1.54357319 	
0.05200000 	-1.56360857 	-1.56363903 	-1.56362534 	-1.56363280 	-1.56363846 	
0.05300000 	-1.58312104 	-1.58315088 	-1.58313725 	-1.58314077 	-1.58315145 	
0.05400000 	-1.60207322 	-1.60209858 	-1.60208311 	-1.60208750 	-1.60209737 	
0.05500000 	-1.62044947 	-1.62048059 	-1.62046360 	-1.62046559 	-1.62047404 	
0.05600000 	-1.63825542 	-1.63828113 	-1.63826453 	-1.63826940 	-1.63827458 	
0.05700000 	-1.65547489 	-1.65549757 	-1.65548518 	-1.65548679 	-1.65549048 	
0.05800000 	-1.67210136 	-1.67213134 	-1.67211858 	-1.67211848 	-1.67212079 	
0.05900000 	-1.68813848 	-1.68816996 	-1.68815183 	-1.68815402 	-1.68815864 	
0.06000000 	-1.70357260 	-1.70360850 	-1.70358882 	-1.70359274 	-1.70359273 	
0.06100000 	-1.71839953 	-1.71844288 	-1.71842024 	-1.71842153 	-1.71842350 	
0.06200000 	-1.73262068 	-1.73266157 	-1.73264072 	-1.73264437 	-1.73264463 	
0.06300000 	-1.74622377 	-1.74626079 	-1.74624628 	-1.74624675 	-1.74625157 	
0.06400000 	-1.75920357 	-1.75924578 	-1.75923021 	-1.75923072 	-1.75923317 	
0.06500000 	-1.77156128 	-1.77160511 	-1.77159173 	-1.77158844 	-1.77158991 	
0.06600000 	-1.78329157 	-1.78333509 	-1.78332023 	-1.78331543 	-1.78332085 	
0.06700000 	-1.79438443 	-1.79443109 	-1.79440910 	-1.79441060 	-1.79441449 	
0.06800000 	-1.80484107 	-1.80489066 	-1.80486969 	-1.80486746 	-1.80487020 	
0.06900000 	-1.81465700 	-1.81470687 	-1.81468755 	-1.81468030 	-1.81468839 	
0.07000000 	-1.82382168 	-1.82387784 	-1.82385358 	-1.82385480 	-1.82386345 	
0.07100000 	-1.83234593 	-1.83239848 	-1.83237126 	-1.83237298 	-1.83238994 	
0.07200000 	-1.84021129 	-1.84026657 	-1.84024107 	-1.84024678 	-1.84026098 	
0.07300000 	-1.84742770 	-1.84748428 	-1.84745575 	-1.84746489 	-1.84747456 	
0.07400000 	-1.85399236 	-1.85404266 	-1.85401611 	-1.85402415 	-1.85403767 	
0.07500000 	-1.85989546 	-1.85994344 	-1.85991622 	-1.85992509 	-1.85993837 	
0.07600000 	-1.86513626 	-1.86517990 	-1.86515355 	-1.86516689 	-1.86517888 	
0.07700000 	-1.86971261 	-1.86975971 	-1.86972876 	-1.86974403 	-1.86975751 	
0.07800000 	-1.87362714 	-1.87367409 	-1.87364457 	-1.87366205 	-1.87367091 	
0.07900000 	-1.87687490 	-1.87692378 	-1.87688982 	-1.87691321 	-1.87691653 	
0.08000000 	-1.87945549 	-1.87950752 	-1.87947078 	-1.87949293 	-1.87949275 	
0.08100000 	-1.88136842 	-1.88141793 	-1.88138181 	-1.88140884 	-1.88140664 	
0.08200000 	-1.88261113 	-1.88266152 	-1.88262472 	-1.88265712 	-1.88265402 	
0.08300000 	-1.88318481 	-1.88323721 	-1.88319959 	-1.88323133 	-1.88322791 	
0.08400000 	-1.88309112 	-1.88314285 	-1.88310689 	-1.88313923 	-1.88313325 	
0.08500000 	-1.88232737 	-1.88238134 	-1.88234461 	-1.88237977 	-1.88237041 	
0.08600000 	-1.88089915 	-1.88094791 	-1.88091422 	-1.88094586 	-1.88093814 	
0.08700000 	-1.87879827 	-1.87885190 	-1.87881664 	-1.87884633 	-1.87883722 	
0.08800000 	-1.87603041 	-1.87608674 	-1.87604893 	-1.87608210 	-1.87606575 	
0.08900000 	-1.87259740 	-1.87265225 	-1.87261305 	-1.87265272 	-1.87262967 	
0.09000000 	-1.86849753 	-1.86855748 	-1.86851384 	-1.86854880 	-1.86853171 	
0.09100000 	-1.86372849 	-1.86379591 	-1.86375147 	-1.86378520 	-1.86376965 	
0.09200000 	-1.85830472 	-1.85836982 	-1.85832991 	-1.85835693 	-1.85834278 	
0.09300000 	-1.85222325 	-1.85228403 	-1.85224744 	-1.85226933 	-1.85226180 	
0.09400000 	-1.84548166 	-1.84554197 	-1.84550257 	-1.84552150 	-1.84551820 	
0.09500000 	-1.83808123 	-1.83814378 	-1.83810311 	-1.83812239 	-1.83811889 	
0.09600000 	-1.83003177 	-1.83009551 	-1.83005049 	-1.83006928 	-1.83006332 	
0.09700000 	-1.82132580 	-1.82139685 	-1.82134937 	-1.82136837 	-1.82135931 	
0.09800000 	-1.81197625 	-1.81204817 	-1.81199796 	-1.81201637 	-1.81200856 	
0.09900000 	-1.80198379 	-1.80205258 	-1.80200746 	-1.80202070 	-1.80201987 	
0.10000000 	-1.79135204 	-1.79141712 	-1.79137601 	-1.79138201 	-1.79138603 	
0.10100000 	-1.78008249 	-1.78015026 	-1.78010793 	-1.78011039 	-1.78011378 	
0.10200000 	-1.76818274 	-1.76825432 	-1.76820878 	-1.76820923 	-1.76820989 	
0.10300000 	-1.75565537 	-1.75572387 	-1.75568168 	-1.75567999 	-1.75567726 	
0.10400000 	-1.74250479 	-1.74257019 	-1.74252685 	-1.74252540 	-1.74252446 	
0.10500000 	-1.72873610 	-1.72880019 	-1.72875341 	-1.72874847 	-1.72875048 	
0.10600000 	-1.71434761 	-1.71441317 	-1.71436722 	-1.71436415 	-1.71436803 	
0.10700000 	-1.69935072 	-1.69942049 	-1.69937220 	-1.69936395 	-1.69937069 	
0.10800000 	-1.68375341 	-1.68382142 	-1.68377392 	-1.68376662 	-1.68377299 	
0.10900000 	-1.66755545 	-1.66762622 	-1.66757857 	-1.66756965 	-1.66757557 	
0.11000000 	-1.65076803 	-1.65083664 	-1.65079189 	-1.65077750 	-1.65078720 	
0.11100000 	-1.63339528 	-1.63346785 	-1.63341879 	-1.63340950 	-1.63341040 	
0.11200000 	-1.61544135 	-1.61551199 	-1.61546269 	-1.61545232 	-1.61545664 	
0.11300000 	-1.59691666 	-1.59697905 	-1.59693982 	-1.59692660 	-1.59692942 	
0.11400000 	-1.57782588 	-1.57788475 	-1.57784616 	-1.57783094 	-1.57783694 	
0.11500000 	-1.55817514 	-1.55822675 	-1.55819067 	-1.55817793 	-1.55818350 	
0.11600000 	-1.53796738 	-1.53801989 	-1.53798211 	-1.53796654 	-1.53797449 	
0.11700000 	-1.51721367 	-1.51726397 	-1.51722976 	-1.51720794 	-1.51722115 	
0.11800000 	-1.49592270 	-1.49596753 	-1.49593733 	-1.49591389 	-1.49592864 	
0.11900000 	-1.47409810 	-1.47414405 	-1.47411257 	-1.47409100 	-1.47410544 	
0.12000000 	-1.45175180 	-1.45179754 	-1.45176761 	-1.45174139 	-1.45175635 	
0.12100000 	-1.42888780 	-1.42893456 	-1.42890561 	-1.42887373 	-1.42889392 	
0.12200000 	-1.40552516 	-1.40556742 	-1.40553448 	-1.40551067 	-1.40552321 	
0.12300000 	-1.38165799 	-1.38169848 	-1.38166650 	-1.38164380 	-1.38165060 	
0.12400000 	-1.35730110 	-1.35733736 	-1.35731061 	-1.35728236 	-1.35729007 	
0.12500000 	-1.33245745 	-1.33249570 	-1.33246947 	-1.33244099 	-1.33245225 	
0.12600000 	-1.30714684 	-1.30717917 	-1.30715427 	-1.30712723 	-1.30713800 	
0.12700000 	-1.28136881 	-1.28140237 	-1.28137959 	-1.28135426 	-1.28135966 	
0.12800000 	-1.25513619 	-1.25516849 	-1.25514444 	-1.25512386 	-1.25513170 	
0.12900000 	-1.22845842 	-1.22849022 	-1.22846739 	-1.22844232 	-1.22845291 	
0.13000000 	-1.20134747 	-1.20137571 	-1.20135528 	-1.20132564 	-1.20133855 	
0.13100000 	-1.17380681 	-1.17383475 	-1.17381542 	-1.17378324 	-1.17379935 	
0.13200000 	-1.14585202 	-1.14587340 	-1.14585712 	-1.14582941 	-1.14584461 	
0.13300000 	-1.11748933 	-1.11751073 	-1.11749023 	-1.11746640 	-1.11747867 	
0.13400000 	-1.08873100 	-1.08875162 	-1.08872837 	-1.08870445 	-1.08871981 	
0.13500000 	-1.05958443 	-1.05960774 	-1.05958617 	-1.05956299 	-1.05957307 	
0.13600000 	-1.03006460 	-1.03008073 	-1.03006241 	-1.03004056 	-1.03004823 	
0.13700000 	-1.00017616 	-1.00018908 	-1.00017086 	-1.00015266 	-1.00016570 	
0.13800000 	-0.96993560 	-0.96994701 	-0.96993375 	-0.96990839 	-0.96992088 	
0.13900000 	-0.93935083 	-0.93936393 	-0.93934646 	-0.93931993 	-0.93933395 	
0.14000000 	-0.90843274 	-0.90844266 	-0.90842793 	-0.90840183 	-0.90840842 	
0.14100000 	-0.87719292 	-0.87719855 	-0.87718793 	-0.87716272 	-0.87716560 	
0.14200000 	-0.84563764 	-0.84564409 	-0.84563642 	-0.84561088 	-0.84561446 	
0.14300000 	-0.81378368 	-0.81379029 	-0.81378505 	-0.81375912 	-0.81376541 	
0.14400000 	-0.78164185 	-0.78164614 	-0.78164318 	-0.78161831 	-0.78162042 	
0.14500000 	-0.74922165 	-0.74922830 	-0.74922380 	-0.74920275 	-0.74920419 	
0.14600000 	-0.71653935 	-0.71654056 	-0.71653975 	-0.71651895 	-0.71651646 	
0.14700000 	-0.68360273 	-0.68360541 	-0.68360331 	-0.68358467 	-0.68358124 	
0.14800000 	-0.65042362 	-0.65042781 	-0.65042581 	-0.65040505 	-0.65040586 	
0.14900000 	-0.61701752 	-0.61701560 	-0.61701668 	-0.61699652 	-0.61699553 	
0.15000000 	-0.58339160 	-0.58339425 	-0.58338611 	-0.58336588 	-0.58336963 	
0.15100000 	-0.54955642 	-0.54955858 	-0.54954718 	-0.54953335 	-0.54953173 	
0.15200000 	-0.51552925 	-0.51552995 	-0.51551756 	-0.51550546 	-0.51550942 	
0.15300000 	-0.48131783 	-0.48131772 	-0.48130806 	-0.48129648 	-0.48130139 	
0.15400000 	-0.44693224 	-0.44693193 	-0.44692549 	-0.44691152 	-0.44691580 	
0.15500000 	-0.41239612 	-0.41239447 	-0.41239190 	-0.41237371 	-0.41237659 	
0.15600000 	-0.37771010 	-0.37770873 	-0.37769940 	-0.37768542 	-0.37768747 	
0.15700000 	-0.34289083 	-0.34289210 	-0.34287967 	-0.34286353 	-0.34286756 	
0.15800000 	-0.30795044 	-0.30794931 	-0.30794301 	-0.30792511 	-0.30792245 	
0.15900000 	-0.27289685 	-0.27290316 	-0.27289328 	-0.27286705 	-0.27287067 	
0.16000000 	-0.23775143 	-0.23775824 	-0.23774954 	-0.23772446 	-0.23772329 	
0.16100000 	-0.20252567 	-0.20252571 	-0.20252425 	-0.20249460 	-0.20249641 	
0.16200000 	-0.16722913 	-0.16722303 	-0.16722357 	-0.16719337 	-0.16719558 	
0.16300000 	-0.13187198 	-0.13186145 	-0.13186664 	-0.13183089 	-0.13183244 	
0.16400000 	-0.09646805 	-0.09645478 	-0.09646453 	-0.09642486 	-0.09642269 	
0.16500000 	-0.06103231 	-0.06101170 	-0.06102405 	-0.06098937 	-0.06098290 	
0.16600000 	-0.02557471 	-0.02555258 	-0.02556732 	-0.02552487 	-0.02552208 	
0.16700000 	0.00989394 	0.00992067 	0.00989999 	0.00994641 	0.00994531 	
0.16800000 	0.04535646 	0.04538738 	0.04536341 	0.04541069 	0.04540811 	
0.16900000 	0.08080277 	0.08083770 	0.08081211 	0.08085697 	0.08085516 	
0.17000000 	0.11622233 	0.11625930 	0.11622898 	0.11627080 	0.11627230 	
0.17100000 	0.15159465 	0.15163415 	0.15160498 	0.15164303 	0.15165136 	
0.17200000 	0.18691104 	0.18695692 	0.18692107 	0.18695995 	0.18696923 	
0.17300000 	0.22216283 	0.22221474 	0.22216926 	0.22221200 	0.22222248 	
0.17400000 	0.25733463 	0.25739156 	0.25734381 	0.25738766 	0.25739743 	
0.17500000 	0.29241529 	0.29247514 	0.29242307 	0.29247059 	0.29248308 	
0.17600000 	0.32739696 	0.32745441 	0.32740166 	0.32744884 	0.32746013 	
0.17700000 	0.36225333 	0.36231608 	0.36226252 	0.36230716 	0.36232192 	
0.17800000 	0.39698321 	0.39704960 	0.39699427 	0.39703477 	0.39705449 	
0.17900000 	0.43157522 	0.43163893 	0.43158636 	0.43162260 	0.43164213 	
0.18000000 	0.46601238 	0.46607672 	0.46602307 	0.46605245 	0.46607446 	
0.18100000 	0.50028516 	0.50034632 	0.50029173 	0.50032136 	0.50034376 	
0.18200000 	0.53437557 	0.53443443 	0.53437867 	0.53441023 	0.53442986 	
0.18300000 	0.56827424 	0.56833207 	0.56827210 	0.56831045 	0.56832788 	
0.18400000 	0.60197294 	0.60203227 	0.60196330 	0.60200865 	0.60202440 	
0.18500000 	0.63545439 	0.63551526 	0.63544261 	0.63549195 	0.63550827 	
0.18600000 	0.66871169 	0.66877020 	0.66870040 	0.66874315 	0.66876231 	
0.18700000 	0.70173033 	0.70178784 	0.70171599 	0.70175919 	0.70178269 	
0.18800000 	0.73449685 	0.73455832 	0.73448132 	0.73452923 	0.73454949 	
0.18900000 	0.76700094 	0.76706204 	0.76698761 	0.76703598 	0.76705323 	
0.19000000 	0.79923329 	0.79929505 	0.79922358 	0.79926737 	0.79928544 	
0.19100000 	0.83117876 	0.83124344 	0.83116959 	0.83121574 	0.83123201 	
0.19200000 	0.86283100 	0.86289483 	0.86282359 	0.86287127 	0.86287969 	
0.19300000 	0.89417861 	0.89423941 	0.89416370 	0.89421650 	0.89422717 	
0.19400000 	0.92520516 	0.92526609 	0.92519087 	0.92524299 	0.92525307 	
0.19500000 	0.95590414 	0.95596274 	0.95588928 	0.95593778 	0.95594935 	
0.19600000 	0.98625975 	0.98631964 	0.98624450 	0.98629577 	0.98630788 	
0.19700000 	1.01626664 	1.01632292 	1.01624920 	1.01630254 	1.01631420 	
0.19800000 	1.04591323 	1.04596604 	1.04589340 	1.04594492 	1.04595874 	
0.19900000 	1.07518248 	1.07523885 	1.07516491 	1.07521684 	1.07523284 	
0.20000000 	1.10406804 	1.10413044 	1.10405793 	1.10410324 	1.10412608 	
0.20100000 	1.13256399 	1.13262516 	1.13255146 	1.13260546 	1.13262618 	
0.20200000 	1.16065724 	1.16072230 	1.16064243 	1.16069485 	1.16071481 	
0.20300000 	1.18833164 	1.18840245 	1.18832362 	1.18837667 	1.18839565 	
0.20400000 	1.21558817 	1.21566056 	1.21558233 	1.21563204 	1.21565313 	
0.20500000 	1.24241385 	1.24248439 	1.24240892 	1.24245958 	1.24247890 	
0.20600000 	1.26879636 	1.26886960 	1.26878854 	1.26883999 	1.26886336 	
0.20700000 	1.29473119 	1.29480047 	1.29471951 	1.29477279 	1.29479579 	
0.20800000 	1.32020334 	1.32027065 	1.32018910 	1.32024295 	1.32026358 	
0.20900000 	1.34520708 	1.34527222 	1.34518771 	1.34524613 	1.34526463 	
0.21000000 	1.36972814 	1.36979377 	1.36971321 	1.36976978 	1.36978901 	
0.21100000 	1.39376512 	1.39383179 	1.39374930 	1.39380569 	1.39382392 	
0.21200000 	1.41730432 	1.41737014 	1.41728427 	1.41734062 	1.41736500 	
0.21300000 	1.44034012 	1.44041179 	1.44032124 	1.44037803 	1.44040403 	
0.21400000 	1.46286452 	1.46293633 	1.46284555 	1.46290229 	1.46292497 	
0.21500000 	1.48487003 	1.48494118 	1.48484963 	1.48490592 	1.48492673 	
0.21600000 	1.50634807 	1.50641884 	1.50632475 	1.50637828 	1.50640093 	
0.21700000 	1.52728787 	1.52736462 	1.52726335 	1.52731423 	1.52734566 	
0.21800000 	1.54768699 	1.54776020 	1.54766038 	1.54771192 	1.54774477 	
0.21900000 	1.56753143 	1.56760807 	1.56750800 	1.56756033 	1.56759175 	
0.22000000 	1.58681898 	1.58689826 	1.58680070 	1.58684891 	1.58688321 	
0.22100000 	1.60554187 	1.60562002 	1.60552416 	1.60557386 	1.60561017 	
0.22200000 	1.62369741 	1.62377758 	1.62367767 	1.62372316 	1.62376337 	
0.22300000 	1.64127283 	1.64135151 	1.64125582 	1.64130262 	1.64134060 	
0.22400000 	1.65826422 	1.65834502 	1.65824841 	1.65829415 	1.65833193 	
0.22500000 	1.67466981 	1.67474921 	1.67465113 	1.67469354 	1.67473395 	
0.22600000 	1.69048019 	1.69055650 	1.69045849 	1.69050224 	1.69054270 	
0.22700000 	1.70569247 	1.70576449 	1.70566581 	1.70570457 	1.70575226 	
0.22800000 	1.72029257 	1.72036353 	1.72026856 	1.72030560 	1.72035245 	
0.22900000 	1.73428037 	1.73435250 	1.73425661 	1.73429709 	1.73434024 	
0.23000000 	1.74765467 	1.74772801 	1.74762804 	1.74766951 	1.74770877 	
0.23100000 	1.76040863 	1.76048295 	1.76038208 	1.76042193 	1.76046453 	
0.23200000 	1.77253419 	1.77261112 	1.77251193 	1.77254541 	1.77258896 	
0.23300000 	1.78402594 	1.78410788 	1.78401055 	1.78404330 	1.78408153 	
0.23400000 	1.79488499 	1.79496817 	1.79487181 	1.79491031 	1.79494376 	
0.23500000 	1.80511172 	1.80519543 	1.80509655 	1.80513255 	1.80516291 	
0.23600000 	1.81469649 	1.81477603 	1.81467812 	1.81471392 	1.81474539 	
0.23700000 	1.82363707 	1.82371487 	1.82361373 	1.82365267 	1.82368653 	
0.23800000 	1.83192272 	1.83200139 	1.83190491 	1.83193986 	1.83197607 	
0.23900000 	1.83956056 	1.83963687 	1.83954356 	1.83957963 	1.83961233 	
0.24000000 	1.84654407 	1.84662242 	1.84652618 	1.84656469 	1.84659681 	
0.24100000 	1.85287204 	1.85295026 	1.85285490 	1.85289163 	1.85292579 	
0.24200000 	1.85854338 	1.85862093 	1.85852371 	1.85856178 	1.85859376 	
0.24300000 	1.86355100 	1.86362998 	1.86353478 	1.86356619 	1.86360417 	
0.24400000 	1.86789761 	1.86797662 	1.86788200 	1.86791531 	1.86794639 	
0.24500000 	1.87157842 	1.87165822 	1.87156195 	1.87160026 	1.87163066 	
0.24600000 	1.87459705 	1.87467701 	1.87457929 	1.87462005 	1.87465017 	
0.24700000 	1.87694830 	1.87702928 	1.87692965 	1.87697396 	1.87700423 	
0.24800000 	1.87863627 	1.87871483 	1.87861572 	1.87865719 	1.87868731 	
0.24900000 	1.87965580 	1.87973800 	1.87963084 	1.87967100 	1.87970812 	
0.25000000 	1.88000629 	1.88008953 	1.87998300 	1.88001914 	1.88005873 	
0.25100000 	1.87968777 	1.87977434 	1.87966662 	1.87969977 	1.87973545 	
0.25200000 	1.87870097 	1.87879235 	1.87868478 	1.87871477 	1.87874775 	
0.25300000 	1.87705195 	1.87713653 	1.87703480 	1.87706468 	1.87709426 	
0.25400000 	1.87473032 	1.87481282 	1.87471630 	1.87474381 	1.87477489 	
0.25500000 	1.87174464 	1.87182831 	1.87173204 	1.87175229 	1.87178824 	
0.25600000 	1.86809369 	1.86817480 	1.86808172 	1.86810000 	1.86813727 	
0.25700000 	1.86377827 	1.86386502 	1.86376856 	1.86378560 	1.86382056 	
0.25800000 	1.85880026 	1.85888765 	1.85879129 	1.85880772 	1.85884409 	
0.25900000 	1.85316197 	1.85324835 	1.85315895 	1.85317071 	1.85320881 	
0.26000000 	1.84686293 	1.84695251 	1.84686902 	1.84687369 	1.84691224 	
0.26100000 	1.83991352 	1.84000585 	1.83991562 	1.83991945 	1.83996353 	
0.26200000 	1.83230497 	1.83239667 	1.83231012 	1.83231606 	1.83235905 	
0.26300000 	1.82404752 	1.82414340 	1.82405337 	1.82406346 	1.82410404 	
0.26400000 	1.81514624 	1.81523517 	1.81515169 	1.81515744 	1.81519789 	
0.26500000 	1.80559576 	1.80568482 	1.80560388 	1.80560585 	1.80564834 	
0.26600000 	1.79540965 	1.79549289 	1.79541390 	1.79541945 	1.79545747 	
0.26700000 	1.78458145 	1.78466490 	1.78458538 	1.78458732 	1.78462649 	
0.26800000 	1.77311878 	1.77319833 	1.77312856 	1.77312757 	1.77316539 	
0.26900000 	1.76102914 	1.76110814 	1.76103928 	1.76103621 	1.76107354 	
0.27000000 	1.74831346 	1.74838654 	1.74832279 	1.74831570 	1.74835640 	
0.27100000 	1.73497858 	1.73504688 	1.73498686 	1.73498021 	1.73501991 	
0.27200000 	1.72102319 	1.72109275 	1.72103301 	1.72102408 	1.72106407 	
0.27300000 	1.70646380 	1.70652323 	1.70646550 	1.70645755 	1.70650012 	
0.27400000 	1.69129545 	1.69135091 	1.69129684 	1.69128162 	1.69132973 	
0.27500000 	1.67552246 	1.67558053 	1.67553052 	1.67550879 	1.67555649 	
0.27600000 	1.65915404 	1.65920894 	1.65916557 	1.65914106 	1.65918521 	
0.27700000 	1.64220075 	1.64225081 	1.64220588 	1.64218197 	1.64222886 	
0.27800000 	1.62465944 	1.62471031 	1.62466875 	1.62464434 	1.62468705 	
0.27900000 	1.60654140 	1.60659021 	1.60655279 	1.60653070 	1.60657178 	
0.28000000 	1.58785626 	1.58790270 	1.58786514 	1.58784094 	1.58788509 	
0.28100000 	1.56860662 	1.56865187 	1.56861906 	1.56859322 	1.56863060 	
0.28200000 	1.54880132 	1.54884366 	1.54881294 	1.54878463 	1.54881821 	
0.28300000 	1.52844454 	1.52848736 	1.52845851 	1.52842297 	1.52845915 	
0.28400000 	1.50754517 	1.50758816 	1.50756041 	1.50752413 	1.50755640 	
0.28500000 	1.48610824 	1.48615088 	1.48612874 	1.48608539 	1.48611957 	
0.28600000 	1.46414586 	1.46419011 	1.46416869 	1.46412467 	1.46415325 	
0.28700000 	1.44166549 	1.44170831 	1.44168511 	1.44163916 	1.44167346 	
0.28800000 	1.41867087 	1.41871750 	1.41868924 	1.41864082 	1.41867742 	
0.28900000 	1.39517372 	1.39521818 	1.39519670 	1.39514098 	1.39518039 	
0.29000000 	1.37117831 	1.37122187 	1.37120257 	1.37114759 	1.37118437 	
0.29100000 	1.34669839 	1.34674321 	1.34671905 	1.34666514 	1.34670187 	
0.29200000 	1.32174052 	1.32178690 	1.32176485 	1.32170418 	1.32174147 	
0.29300000 	1.29631642 	1.29635746 	1.29634252 	1.29627759 	1.29631147 	
0.29400000 	1.27043453 	1.27046552 	1.27045433 	1.27039152 	1.27042571 	
0.29500000 	1.24409774 	1.24412600 	1.24411412 	1.24405102 	1.24408763 	
0.29600000 	1.21731577 	1.21734249 	1.21733350 	1.21727075 	1.21730747 	
0.29700000 	1.19010149 	1.19013173 	1.19012347 	1.19005596 	1.19010053 	
0.29800000 	1.16246662 	1.16249629 	1.16248973 	1.16242160 	1.16246910 	
0.29900000 	1.13442180 	1.13445119 	1.13444242 	1.13437347 	1.13442449 	
0.30000000 	1.10597093 	1.10599995 	1.10599037 	1.10592475 	1.10597260 	
0.30100000 	1.07712721 	1.07715612 	1.07715151 	1.07708253 	1.07712895 	
0.30200000 	1.04790722 	1.04792984 	1.04792936 	1.04785545 	1.04790716 	
0.30300000 	1.01831421 	1.01833399 	1.01833608 	1.01826326 	1.01830735 	
0.30400000 	0.98835265 	0.98837875 	0.98837713 	0.98831066 	0.98835124 	
0.30500000 	0.95804191 	0.95807025 	0.95807352 	0.95800601 	0.95804425 	
0.30600000 	0.92739625 	0.92742186 	0.92743309 	0.92735601 	0.92740082 	
0.30700000 	0.89642246 	0.89644649 	0.89645898 	0.89638379 	0.89642466 	
0.30800000 	0.86513011 	0.86515021 	0.86516701 	0.86509200 	0.86513089 	
0.30900000 	0.83353232 	0.83354686 	0.83356792 	0.83349015 	0.83353066 	
0.31000000 	0.80163966 	0.80165395 	0.80167937 	0.80159176 	0.80163352 	
0.31100000 	0.76946114 	0.76947254 	0.76949902 	0.76941518 	0.76945027 	
0.31200000 	0.73700963 	0.73701860 	0.73704548 	0.73696381 	0.73699494 	
0.31300000 	0.70429355 	0.70430113 	0.70433000 	0.70425270 	0.70427675 	
0.31400000 	0.67133009 	0.67133906 	0.67136555 	0.67128855 	0.67131229 	
0.31500000 	0.63813242 	0.63813937 	0.63816812 	0.63808785 	0.63811405 	
0.31600000 	0.60470340 	0.60470886 	0.60474236 	0.60466279 	0.60468702 	
0.31700000 	0.57106369 	0.57106816 	0.57110371 	0.57102155 	0.57105019 	
0.31800000 	0.53722289 	0.53722593 	0.53726232 	0.53717965 	0.53720475 	
0.31900000 	0.50318888 	0.50319174 	0.50322751 	0.50314517 	0.50317020 	
0.32000000 	0.46897438 	0.46897593 	0.46901342 	0.46893592 	0.46895746 	
0.32100000 	0.43459748 	0.43459569 	0.43463749 	0.43455831 	0.43458195 	
0.32200000 	0.40006874 	0.40006430 	0.40010531 	0.40002526 	0.40005197 	
0.32300000 	0.36539798 	0.36538919 	0.36542716 	0.36534803 	0.36537371 	
0.32400000 	0.33059632 	0.33058434 	0.33062323 	0.33054849 	0.33056630 	
0.32500000 	0.29567961 	0.29566878 	0.29570746 	0.29563514 	0.29564960 	
0.32600000 	0.26065564 	0.26064770 	0.26068633 	0.26061319 	0.26062923 	
0.32700000 	0.22554363 	0.22553321 	0.22557424 	0.22549822 	0.22551174 	
0.32800000 	0.19035054 	0.19033864 	0.19038299 	0.19030331 	0.19031487 	
0.32900000 	0.15509262 	0.15507921 	0.15512448 	0.15504028 	0.15505351 	
0.33000000 	0.11977491 	0.11976674 	0.11981083 	0.11972219 	0.11973536 	
0.33100000 	0.08440984 	0.08440816 	0.08445642 	0.08436326 	0.08437891 	
0.33200000 	0.04902670 	0.04902141 	0.04907128 	0.04897979 	0.04899437 	
0.33300000 	0.01362409 	0.01362149 	0.01366559 	0.01357837 	0.01359073 	
0.33400000 	-0.02178434 	-0.02178482 	-0.02174253 	-0.02182617 	-0.02181446 	
0.33500000 	-0.05718280 	-0.05718560 	-0.05713757 	-0.05722237 	-0.05721636 	
0.33600000 	-0.09255973 	-0.09256784 	-0.09251563 	-0.09259912 	-0.09259411 	
0.33700000 	-0.12790266 	-0.12791056 	-0.12785910 	-0.12793851 	-0.12793727 	
0.33800000 	-0.16320071 	-0.16320605 	-0.16315717 	-0.16323706 	-0.16323630 	
0.33900000 	-0.19844092 	-0.19844777 	-0.19839828 	-0.19847377 	-0.19847709 	
0.34000000 	-0.23361017 	-0.23361917 	-0.23356849 	-0.23364265 	-0.23364711 	
0.34100000 	-0.26869341 	-0.26870436 	-0.26865390 	-0.26872552 	-0.26873230 	
0.34200000 	-0.30368265 	-0.30368863 	-0.30364167 	-0.30371257 	-0.30372252 	
0.34300000 	-0.33856294 	-0.33856940 	-0.33852104 	-0.33859501 	-0.33860313 	
0.34400000 	-0.37332085 	-0.37332669 	-0.37327605 	-0.37334758 	-0.37336445 	
0.34500000 	-0.40794806 	-0.40795073 	-0.40789950 	-0.40797408 	-0.40799474 	
0.34600000 	-0.44242364 	-0.44242888 	-0.44237532 	-0.44245548 	-0.44247182 	
0.34700000 	-0.47674713 	-0.47675303 	-0.47669506 	-0.47677276 	-0.47679281 	
0.34800000 	-0.51090032 	-0.51090619 	-0.51084203 	-0.51092435 	-0.51094722 	
0.34900000 	-0.54486797 	-0.54487595 	-0.54481285 	-0.54489228 	-0.54491448 	
0.35000000 	-0.57864197 	-0.57864927 	-0.57858695 	-0.57866484 	-0.57868904 	
0.35100000 	-0.61221043 	-0.61222087 	-0.61215869 	-0.61223462 	-0.61225560 	
0.35200000 	-0.64555885 	-0.64557180 	-0.64550981 	-0.64558537 	-0.64560174 	
0.35300000 	-0.67868381 	-0.67870007 	-0.67863064 	-0.67870897 	-0.67872416 	
0.35400000 	-0.71156120 	-0.71158289 	-0.71150740 	-0.71158277 	-0.71160430 	
0.35500000 	-0.74418763 	-0.74420692 	-0.74412994 	-0.74420977 	-0.74423246 	
0.35600000 	-0.77654874 	-0.77657194 	-0.77648855 	-0.77656880 	-0.77659505 	
0.35700000 	-0.80863360 	-0.80865219 	-0.80857425 	-0.80864916 	-0.80868078 	
0.35800000 	-0.84042735 	-0.84044836 	-0.84036580 	-0.84044151 	-0.84048196 	
0.35900000 	-0.87192481 	-0.87194362 	-0.87185933 	-0.87193766 	-0.87197839 	
0.36000000 	-0.90311336 	-0.90313647 	-0.90304725 	-0.90312289 	-0.90316396 	
0.36100000 	-0.93397597 	-0.93400226 	-0.93391374 	-0.93398743 	-0.93402725 	
0.36200000 	-0.96451049 	-0.96453670 	-0.96444598 	-0.96451894 	-0.96456362 	
0.36300000 	-0.99469714 	-0.99472696 	-0.99463337 	-0.99471002 	-0.99475149 	
0.36400000 	-1.02452918 	-1.02456210 	-1.02447246 	-1.02454317 	-1.02458420 	
0.36500000 	-1.05399588 	-1.05403264 	-1.05394094 	-1.05401029 	-1.05405147 	
0.36600000 	-1.08309014 	-1.08312714 	-1.08303425 	-1.08310380 	-1.08314549 	
0.36700000 	-1.11179771 	-1.11183890 	-1.11173930 	-1.11181293 	-1.11185419 	
0.36800000 	-1.14011379 	-1.14015533 	-1.14005509 	-1.14012369 	-1.14017190 	
0.36900000 	-1.16802100 	-1.16806492 	-1.16796412 	-1.16803134 	-1.16807996 	
0.37000000 	-1.19550915 	-1.19555438 	-1.19545479 	-1.19552166 	-1.19556993 	
0.37100000 	-1.22257924 	-1.22262493 	-1.22252677 	-1.22258856 	-1.22263291 	
0.37200000 	-1.24921225 	-1.24925748 	-1.24915314 	-1.24922074 	-1.24926607 	
0.37300000 	-1.27540093 	-1.27544762 	-1.27534444 	-1.27540519 	-1.27545192 	
0.37400000 	-1.30113637 	-1.30118030 	-1.30107644 	-1.30114101 	-1.30118533 	
0.37500000 	-1.32640288 	-1.32645557 	-1.32634670 	-1.32641139 	-1.32645717 	
0.37600000 	-1.35120246 	-1.35125866 	-1.35114219 	-1.35120946 	-1.35125500 	
0.37700000 	-1.37551997 	-1.37557739 	-1.37546298 	-1.37553208 	-1.37557532 	
0.37800000 	-1.39935045 	-1.39941092 	-1.39929169 	-1.39936175 	-1.39940613 	
0.37900000 	-1.42268184 	-1.42274331 	-1.42262433 	-1.42269479 	-1.42273977 	
0.38000000 	-1.44550652 	-1.44557438 	-1.44545323 	-1.44552001 	-1.44556392 	
0.38100000 	-1.46781556 	-1.46788474 	-1.46776808 	-1.46782750 	-1.46787323 	
0.38200000 	-1.48960511 	-1.48967629 	-1.48955462 	-1.48961383 	-1.48966313 	
0.38300000 	-1.51086755 	-1.51093306 	-1.51081517 	-1.51087138 	-1.51092245 	
0.38400000 	-1.53159013 	-1.53166039 	-1.53153845 	-1.53159640 	-1.53164702 	
0.38500000 	-1.55176887 	-1.55183837 	-1.55172176 	-1.55177898 	-1.55182785 	
0.38600000 	-1.57139256 	-1.57146667 	-1.57134956 	-1.57140622 	-1.57145635 	
0.38700000 	-1.59045624 	-1.59053177 	-1.59042072 	-1.59047373 	-1.59052171 	
0.38800000 	-1.60895751 	-1.60903546 	-1.60892410 	-1.60897326 	-1.60901986 	
0.38900000 	-1.62688613 	-1.62696497 	-1.62684993 	-1.62690094 	-1.62695197 	
0.39000000 	-1.64423634 	-1.64431605 	-1.64419889 	-1.64424758 	-1.64430530 	
0.39100000 	-1.66100273 	-1.66108835 	-1.66096415 	-1.66101216 	-1.66107272 	
0.39200000 	-1.67717910 	-1.67726274 	-1.67714447 	-1.67719007 	-1.67724821 	
0.39300000 	-1.69275902 	-1.69284221 	-1.69272605 	-1.69277185 	-1.69282721 	
0.39400000 	-1.70773962 	-1.70781985 	-1.70770482 	-1.70775282 	-1.70780844 	
0.39500000 	-1.72211179 	-1.72219025 	-1.72207656 	-1.72212296 	-1.72218186 	
0.39600000 	-1.73587103 	-1.73594914 	-1.73583497 	-1.73588080 	-1.73594273 	
0.39700000 	-1.74901198 	-1.74909297 	-1.74897612 	-1.74902054 	-1.74908173 	
0.39800000 	-1.76153510 	-1.76161599 	-1.76149926 	-1.76154422 	-1.76159977 	
0.39900000 	-1.77342583 	-1.77351153 	-1.77339650 	-1.77343763 	-1.77349060 	
0.40000000 	-1.78468906 	-1.78477989 	-1.78466039 	-1.78469792 	-1.78475425 	
0.40100000 	-1.79531836 	-1.79541078 	-1.79529016 	-1.79532865 	-1.79538230 	
0.40200000 	-1.80531328 	-1.80540738 	-1.80528257 	-1.80531741 	-1.80537116 	
0.40300000 	-1.81465998 	-1.81475700 	-1.81463203 	-1.81467241 	-1.81472316 	
0.40400000 	-1.82336660 	-1.82346146 	-1.82333768 	-1.82337790 	-1.82343036 	
0.40500000 	-1.83142279 	-1.83151737 	-1.83138963 	-1.83143691 	-1.83148424 	
0.40600000 	-1.83882740 	-1.83892562 	-1.83879744 	-1.83884249 	-1.83889342 	
0.40700000 	-1.84557627 	-1.84567641 	-1.84555200 	-1.84559454 	-1.84564720 	
0.40800000 	-1.85167181 	-1.85177381 	-1.85165069 	-1.85168773 	-1.85174317 	
0.40900000 	-1.85711041 	-1.85721425 	-1.85708927 	-1.85712300 	-1.85718439 	
0.41000000 	-1.86188707 	-1.86199250 	-1.86187013 	-1.86190033 	-1.86196097 	
0.41100000 	-1.86600062 	-1.86610677 	-1.86598837 	-1.86601645 	-1.86608036 	
0.41200000 	-1.86945688 	-1.86955847 	-1.86944377 	-1.86946982 	-1.86953051 	
0.41300000 	-1.87224554 	-1.87234860 	-1.87223626 	-1.87225509 	-1.87232259 	
0.41400000 	-1.87436722 	-1.87447045 	-1.87436128 	-1.87437871 	-1.87445055 	
0.41500000 	-1.87582633 	-1.87592924 	-1.87581642 	-1.87583948 	-1.87590585 	
0.41600000 	-1.87661973 	-1.87672188 	-1.87660605 	-1.87663277 	-1.87669544 	
0.41700000 	-1.87674343 	-1.87685081 	-1.87672688 	-1.87675742 	-1.87681815 	
0.41800000 	-1.87620317 	-1.87630915 	-1.87618619 	-1.87621424 	-1.87627336 	
0.41900000 	-1.87499308 	-1.87509943 	-1.87498059 	-1.87500769 	-1.87506515 	
0.42000000 	-1.87311788 	-1.87322731 	-1.87311234 	-1.87313236 	-1.87319125 	
0.42100000 	-1.87057874 	-1.87068342 	-1.87057557 	-1.87058701 	-1.87065218 	
0.42200000 	-1.86737542 	-1.86747852 	-1.86737348 	-1.86738384 	-1.86744763 	
0.42300000 	-1.86350853 	-1.86361011 	-1.86350650 	-1.86351434 	-1.86358008 	
0.42400000 	-1.85898000 	-1.85907608 	-1.85897767 	-1.85898374 	-1.85905032 	
0.42500000 	-1.85378987 	-1.85388538 	-1.85379088 	-1.85379539 	-1.85385974 	
0.42600000 	-1.84794055 	-1.84803479 	-1.84794326 	-1.84794675 	-1.84801006 	
0.42700000 	-1.84143275 	-1.84152765 	-1.84143990 	-1.84144526 	-1.84150518 	
0.42800000 	-1.83427414 	-1.83436963 	-1.83427501 	-1.83428077 	-1.83434199 	
0.42900000 	-1.82646560 	-1.82655680 	-1.82646488 	-1.82646844 	-1.82652707 	
0.43000000 	-1.81800728 	-1.81809464 	-1.81800839 	-1.81800515 	-1.81806400 	
0.43100000 	-1.80889989 	-1.80898844 	-1.80890643 	-1.80889523 	-1.80895428 	
0.43200000 	-1.79915482 	-1.79923923 	-1.79915690 	-1.79914627 	-1.79920435 	
0.43300000 	-1.78877025 	-1.78884976 	-1.78877097 	-1.78875599 	-1.78881832 	
0.43400000 	-1.77774754 	-1.77782516 	-1.77774740 	-1.77773240 	-1.77779735 	
0.43500000 	-1.76609209 	-1.76616815 	-1.76609416 	-1.76608043 	-1.76614275 	
0.43600000 	-1.75381229 	-1.75388656 	-1.75381868 	-1.75379875 	-1.75385887 	
0.43700000 	-1.74091121 	-1.74097685 	-1.74091859 	-1.74089178 	-1.74095279 	
0.43800000 	-1.72738721 	-1.72745273 	-1.72740067 	-1.72736712 	-1.72742650 	
0.43900000 	-1.71325083 	-1.71331389 	-1.71326923 	-1.71322763 	-1.71328989 	
0.44000000 	-1.69850579 	-1.69856860 	-1.69852738 	-1.69848664 	-1.69854347 	
0.44100000 	-1.68315746 	-1.68322182 	-1.68317686 	-1.68314007 	-1.68319674 	
0.44200000 	-1.66721645 	-1.66727681 	-1.66723072 	-1.66719526 	-1.66725125 	
0.44300000 	-1.65068020 	-1.65074022 	-1.65069456 	-1.65065518 	-1.65071534 	
0.44400000 	-1.63355619 	-1.63360931 	-1.63357490 	-1.63353539 	-1.63359057 	
0.44500000 	-1.61585275 	-1.61591042 	-1.61587157 	-1.61583056 	-1.61588868 	
0.44600000 	-1.59757177 	-1.59763329 	-1.59759419 	-1.59755153 	-1.59760888 	
0.44700000 	-1.57872571 	-1.57878861 	-1.57874805 	-1.57870957 	-1.57875996 	
0.44800000 	-1.55931863 	-1.55938245 	-1.55934846 	-1.55930254 	-1.55935296 	
0.44900000 	-1.53935983 	-1.53942128 	-1.53938911 	-1.53934202 	-1.53939314 	
0.45000000 	-1.51885558 	-1.51891199 	-1.51888236 	-1.51884060 	-1.51888912 	
0.45100000 	-1.49781690 	-1.49786513 	-1.49783760 	-1.49779411 	-1.49784326 	
0.45200000 	-1.47624511 	-1.47629089 	-1.47626337 	-1.47622186 	-1.47626549 	
0.45300000 	-1.45414448 	-1.45419065 	-1.45416360 	-1.45412316 	-1.45415784 	
0.45400000 	-1.43153130 	-1.43157239 	-1.43154616 	-1.43150423 	-1.43154046 	
0.45500000 	-1.40840908 	-1.40844251 	-1.40842178 	-1.40838151 	-1.40841314 	
0.45600000 	-1.38478312 	-1.38482070 	-1.38480124 	-1.38475496 	-1.38478610 	
0.45700000 	-1.36066220 	-1.36070110 	-1.36068116 	-1.36063839 	-1.36066732 	
0.45800000 	-1.33606505 	-1.33610002 	-1.33608509 	-1.33603659 	-1.33606444 	
0.45900000 	-1.31099340 	-1.31102342 	-1.31101182 	-1.31096211 	-1.31099167 	
0.46000000 	-1.28545722 	-1.28548155 	-1.28547584 	-1.28542308 	-1.28545172 	
0.46100000 	-1.25946009 	-1.25948646 	-1.25947873 	-1.25942542 	-1.25945452 	
0.46200000 	-1.23301934 	-1.23304247 	-1.23303582 	-1.23298489 	-1.23301120 	
0.46300000 	-1.20613707 	-1.20616106 	-1.20615418 	-1.20610444 	-1.20612928 	
0.46400000 	-1.17883335 	-1.17885091 	-1.17884911 	-1.17879319 	-1.17881842 	
0.46500000 	-1.15110496 	-1.15112340 	-1.15112271 	-1.15106772 	-1.15109274 	
0.46600000 	-1.12297099 	-1.12299018 	-1.12298660 	-1.12293376 	-1.12295877 	
0.46700000 	-1.09443743 	-1.09445596 	-1.09445491 	-1.09440251 	-1.09442422 	
0.46800000 	-1.06551570 	-1.06553606 	-1.06553563 	-1.06547962 	-1.06550264 	
0.46900000 	-1.03621829 	-1.03623382 	-1.03623906 	-1.03617950 	-1.03620324 	
0.47000000 	-1.00655360 	-1.00656701 	-1.00657268 	-1.00651378 	-1.00653646 	
0.47100000 	-0.97652599 	-0.97653803 	-0.97655212 	-0.97648554 	-0.97651167 	
0.47200000 	-0.94615364 	-0.94616623 	-0.94618218 	-0.94611341 	-0.94614425 	
0.47300000 	-0.91544644 	-0.91546343 	-0.91548300 	-0.91540904 	-0.91543789 	
0.47400000 	-0.88441845 	-0.88443468 	-0.88445351 	-0.88437858 	-0.88440490 	
0.47500000 	-0.85307778 	-0.85309500 	-0.85311016 	-0.85303675 	-0.85305744 	
0.47600000 	-0.82143302 	-0.82144411 	-0.82146240 	-0.82138945 	-0.82140995 	
0.47700000 	-0.78949273 	-0.78950984 	-0.78952560 	-0.78945384 	-0.78947077 	
0.47800000 	-0.75727729 	-0.75729095 	-0.75730926 	-0.75723409 	-0.75724847 	
0.47900000 	-0.72478924 	-0.72480721 	-0.72482466 	-0.72475243 	-0.72476350 	
0.48000000 	-0.69204722 	-0.69206465 	-0.69208206 	-0.69201356 	-0.69201851 	
0.48100000 	-0.65906313 	-0.65907599 	-0.65909212 	-0.65902782 	-0.65902733 	
0.48200000 	-0.62584572 	-0.62585641 	-0.62587225 	-0.62580267 	-0.62580823 	
0.48300000 	-0.59240031 	-0.59241442 	-0.59242775 	-0.59236110 	-0.59236309 	
0.48400000 	-0.55875069 	-0.55875945 	-0.55877788 	-0.55871412 	-0.55870631 	
0.48500000 	-0.52490146 	-0.52491178 	-0.52492727 	-0.52486437 	-0.52485684 	
0.48600000 	-0.49086571 	-0.49087825 	-0.49088959 	-0.49082734 	-0.49082004 	
0.48700000 	-0.45665880 	-0.45666695 	-0.45668116 	-0.45661866 	-0.45661605 	
0.48800000 	-0.42229255 	-0.42229501 	-0.42231247 	-0.42224639 	-0.42224583 	
0.48900000 	-0.38776978 	-0.38777739 	-0.38779233 	-0.38772983 	-0.38772142 	
0.49000000 	-0.35311011 	-0.35311971 	-0.35313554 	-0.35307705 	-0.35306503 	
0.49100000 	-0.31832729 	-0.31833554 	-0.31835317 	-0.31829131 	-0.31828427 	
0.49200000 	-0.28343290 	-0.28344078 	-0.28346169 	-0.28339729 	-0.28339199 	
0.49300000 	-0.24843743 	-0.24844426 	-0.24846665 	-0.24840058 	-0.24839924 	
0.49400000 	-0.21335931 	-0.21335805 	-0.21338388 	-0.21332392 	-0.21331257 	
0.49500000 	-0.17819917 	-0.17820386 	-0.17822842 	-0.17816434 	-0.17815069 	
0.49600000 	-0.14298015 	-0.14298058 	-0.14300595 	-0.14294464 	-0.14293273 	
0.49700000 	-0.10770776 	-0.10771111 	-0.10774127 	-0.10767693 	-0.10765858 	
0.49800000 	-0.07240056 	-0.07240400 	-0.07243219 	-0.07237351 	-0.07235124 	
0.49900000 	-0.03706563 	-0.03706877 	-0.03709645 	-0.03704177 	-0.03701591 	
0.50000000 	-0.00172346 	-0.00172623 	-0.00175215 	-0.00169452 	-0.00166846 	
0.50100000 	0.03362013 	0.03361920 	0.03359295 	0.03365082 	0.03367522 	
0.50200000 	0.06895105 	0.06895250 	0.06892349 	0.06897974 	0.06900645 	
0.50300000 	0.10425958 	0.10426112 	0.10422903 	0.10428474 	0.10431666 	
0.50400000 	0.13952755 	0.13952867 	0.13950021 	0.13955266 	0.13958739 	
0.50500000 	0.17474661 	0.17475312 	0.17471873 	0.17477117 	0.17480517 	
0.50600000 	0.20990228 	0.20990807 	0.20987393 	0.20992836 	0.20996028 	
0.50700000 	0.24498845 	0.24498685 	0.24495277 	0.24500895 	0.24504173 	
0.50800000 	0.27998134 	0.27998085 	0.27994392 	0.28000052 	0.28003561 	
0.50900000 	0.31487633 	0.31487363 	0.31483759 	0.31489120 	0.31492929 	
0.51000000 	0.34965325 	0.34965631 	0.34961367 	0.34966787 	0.34971277 	
0.51100000 	0.38430794 	0.38430957 	0.38426691 	0.38432226 	0.38436874 	
0.51200000 	0.41882410 	0.41883132 	0.41878767 	0.41883821 	0.41888629 	
0.51300000 	0.45319470 	0.45320039 	0.45315627 	0.45320433 	0.45325541 	
0.51400000 	0.48740086 	0.48740639 	0.48736094 	0.48740840 	0.48746144 	
0.51500000 	0.52143085 	0.52143787 	0.52139535 	0.52144049 	0.52149257 	
0.51600000 	0.55527874 	0.55528818 	0.55524314 	0.55528656 	0.55533802 	
0.51700000 	0.58892743 	0.58893932 	0.58889488 	0.58893246 	0.58898500 	
0.51800000 	0.62236619 	0.62237943 	0.62233487 	0.62237122 	0.62242588 	
0.51900000 	0.65557926 	0.65559786 	0.65555172 	0.65558689 	0.65564438 	
0.52000000 	0.68856137 	0.68857914 	0.68853166 	0.68857271 	0.68863078 	
0.52100000 	0.72129782 	0.72131927 	0.72127006 	0.72131082 	0.72136943 	
0.52200000 	0.75377937 	0.75380198 	0.75374785 	0.75379475 	0.75384988 	
0.52300000 	0.78598859 	0.78602005 	0.78595811 	0.78601110 	0.78606363 	
0.52400000 	0.81792079 	0.81795178 	0.81789096 	0.81794730 	0.81799676 	
0.52500000 	0.84956036 	0.84959339 	0.84952894 	0.84959041 	0.84963975 	
0.52600000 	0.88090300 	0.88093637 	0.88087239 	0.88093342 	0.88097956 	
0.52700000 	0.91192758 	0.91196564 	0.91189970 	0.91195612 	0.91200555 	
0.52800000 	0.94262718 	0.94266947 	0.94260156 	0.94265668 	0.94270476 	
0.52900000 	0.97299454 	0.97303186 	0.97296226 	0.97302123 	0.97307096 	
0.53000000 	1.00301052 	1.00305134 	1.00298004 	1.00303669 	1.00308705 	
0.53100000 	1.03267451 	1.03271672 	1.03264119 	1.03270012 	1.03274769 	
0.53200000 	1.06197041 	1.06201345 	1.06193589 	1.06199378 	1.06204397 	
0.53300000 	1.09089043 	1.09093099 	1.09085541 	1.09090945 	1.09095930 	
0.53400000 	1.11941775 	1.11946014 	1.11938475 	1.11943402 	1.11948506 	
0.53500000 	1.14754906 	1.14758943 	1.14751088 	1.14756051 	1.14761513 	
0.53600000 	1.17527275 	1.17531166 	1.17523058 	1.17528318 	1.17533887 	
0.53700000 	1.20257434 	1.20261560 	1.20253644 	1.20259063 	1.20264337 	
0.53800000 	1.22944959 	1.22949224 	1.22941028 	1.22946981 	1.22951606 	
0.53900000 	1.25588854 	1.25592604 	1.25584663 	1.25590420 	1.25595233 	
0.54000000 	1.28187809 	1.28191799 	1.28183870 	1.28190056 	1.28194100 	
0.54100000 	1.30741657 	1.30745606 	1.30737474 	1.30743572 	1.30747336 	
0.54200000 	1.33248470 	1.33252805 	1.33244928 	1.33250864 	1.33254014 	
0.54300000 	1.35708348 	1.35712294 	1.35704322 	1.35710330 	1.35713802 	
0.54400000 	1.38119624 	1.38123729 	1.38115850 	1.38121763 	1.38125232 	
0.54500000 	1.40482053 	1.40485693 	1.40478155 	1.40484027 	1.40487534 	
0.54600000 	1.42794741 	1.42797344 	1.42790347 	1.42796436 	1.42799462 	
0.54700000 	1.45056411 	1.45058773 	1.45051940 	1.45058099 	1.45061519 	
0.54800000 	1.47266492 	1.47269022 	1.47262000 	1.47267872 	1.47271411 	
0.54900000 	1.49424000 	1.49426946 	1.49419462 	1.49425662 	1.49429025 	
0.55000000 	1.51528951 	1.51531602 	1.51524206 	1.51530056 	1.51533077 	
0.55100000 	1.53579462 	1.53582257 	1.53574713 	1.53580297 	1.53583160 	
0.55200000 	1.55575621 	1.55578202 	1.55570737 	1.55576162 	1.55579013 	
0.55300000 	1.57516329 	1.57518861 	1.57511363 	1.57516994 	1.57519583 	
0.55400000 	1.59401375 	1.59403342 	1.59396069 	1.59401443 	1.59404466 	
0.55500000 	1.61229408 	1.61231351 	1.61224217 	1.61229460 	1.61232117 	
0.55600000 	1.63000560 	1.63001821 	1.62994636 	1.62999805 	1.63002787 	
0.55700000 	1.64713390 	1.64714136 	1.64707291 	1.64712469 	1.64714981 	
0.55800000 	1.66367298 	1.66368361 	1.66361506 	1.66366318 	1.66369281 	
0.55900000 	1.67962264 	1.67963378 	1.67956392 	1.67961196 	1.67963852 	
0.56000000 	1.69497819 	1.69498424 	1.69491608 	1.69496314 	1.69498985 	
0.56100000 	1.70972876 	1.70973444 	1.70966738 	1.70971293 	1.70974158 	
0.56200000 	1.72386948 	1.72387686 	1.72380979 	1.72385025 	1.72388539 	
0.56300000 	1.73739845 	1.73740740 	1.73733818 	1.73738031 	1.73741003 	
0.56400000 	1.75031243 	1.75032005 	1.75024897 	1.75029166 	1.75031566 	
0.56500000 	1.76260314 	1.76260839 	1.76254125 	1.76257961 	1.76260299 	
0.56600000 	1.77426728 	1.77427011 	1.77420507 	1.77424367 	1.77426481 	
0.56700000 	1.78529743 	1.78530317 	1.78524213 	1.78527377 	1.78529828 	
0.56800000 	1.79569506 	1.79570041 	1.79563713 	1.79567426 	1.79569443 	
0.56900000 	1.80545587 	1.80546008 	1.80539518 	1.80543212 	1.80545324 	
0.57000000 	1.81457012 	1.81458098 	1.81451688 	1.81454873 	1.81456891 	
0.57100000 	1.82304047 	1.82305226 	1.82299404 	1.82301656 	1.82304545 	
0.57200000 	1.83086331 	1.83087891 	1.83082298 	1.83084080 	1.83086960 	
0.57300000 	1.83803769 	1.83805081 	1.83799535 	1.83801847 	1.83804797 	
0.57400000 	1.84456174 	1.84457001 	1.84451765 	1.84453784 	1.84456847 	
0.57500000 	1.85042832 	1.85044140 	1.85038704 	1.85040255 	1.85043322 	
0.57600000 	1.85563885 	1.85564627 	1.85559607 	1.85560813 	1.85563965 	
0.57700000 	1.86018720 	1.86019653 	1.86014372 	1.86015993 	1.86018848 	
0.57800000 	1.86407880 	1.86408529 	1.86402995 	1.86404352 	1.86407283 	
0.57900000 	1.86730529 	1.86731008 	1.86725877 	1.86726973 	1.86729967 	
0.58000000 	1.86986541 	1.86987454 	1.86982664 	1.86983862 	1.86986114 	
0.58100000 	1.87176491 	1.87177703 	1.87172468 	1.87173354 	1.87175760 	
0.58200000 	1.87300187 	1.87301415 	1.87295685 	1.87296411 	1.87299315 	
0.58300000 	1.87356882 	1.87358501 	1.87353031 	1.87352882 	1.87355793 	
0.58400000 	1.87347161 	1.87348481 	1.87343221 	1.87343001 	1.87345771 	
0.58500000 	1.87270434 	1.87272325 	1.87266844 	1.87265956 	1.87269548 	
0.58600000 	1.87127390 	1.87129103 	1.87123576 	1.87122840 	1.87126220 	
0.58700000 	1.86917611 	1.86919730 	1.86914042 	1.86913615 	1.86916955 	
0.58800000 	1.86641881 	1.86643954 	1.86637956 	1.86637648 	1.86640724 	
0.58900000 	1.86299781 	1.86301888 	1.86296102 	1.86295294 	1.86298285 	
0.59000000 	1.85891680 	1.85893523 	1.85888022 	1.85886820 	1.85889613 	
0.59100000 	1.85417273 	1.85419136 	1.85413826 	1.85412325 	1.85415243 	
0.59200000 	1.84877432 	1.84879237 	1.84873790 	1.84871899 	1.84874894 	
0.59300000 	1.84271328 	1.84273465 	1.84267822 	1.84265392 	1.84269058 	
0.59400000 	1.83599994 	1.83602094 	1.83596572 	1.83593998 	1.83597493 	
0.59500000 	1.82863207 	1.82865074 	1.82859568 	1.82857129 	1.82860702 	
0.59600000 	1.82061555 	1.82063569 	1.82057923 	1.82055386 	1.82058901 	
0.59700000 	1.81195119 	1.81197249 	1.81191236 	1.81189152 	1.81192937 	
0.59800000 	1.80264546 	1.80266834 	1.80260584 	1.80258800 	1.80262604 	
0.59900000 	1.79270003 	1.79272489 	1.79265899 	1.79264017 	1.79267896 	
0.60000000 	1.78212394 	1.78214371 	1.78207650 	1.78205586 	1.78209514 	
0.60100000 	1.77090631 	1.77092791 	1.77086109 	1.77084045 	1.77087582 	
0.60200000 	1.75905999 	1.75908217 	1.75901575 	1.75899581 	1.75902732 	
0.60300000 	1.74659153 	1.74661406 	1.74654578 	1.74652588 	1.74655268 	
0.60400000 	1.73350287 	1.73352360 	1.73345374 	1.73343373 	1.73345985 	
0.60500000 	1.71979268 	1.71981598 	1.71975257 	1.71972768 	1.71975512 	
0.60600000 	1.70547816 	1.70549894 	1.70543585 	1.70541146 	1.70543831 	
0.60700000 	1.69055696 	1.69057423 	1.69050855 	1.69048592 	1.69051579 	
0.60800000 	1.67503670 	1.67505042 	1.67498681 	1.67496009 	1.67499416 	
0.60900000 	1.65892137 	1.65893364 	1.65887026 	1.65884032 	1.65887469 	
0.61000000 	1.64221637 	1.64222599 	1.64216786 	1.64213397 	1.64216708 	
0.61100000 	1.62492396 	1.62493421 	1.62488300 	1.62484678 	1.62487924 	
0.61200000 	1.60705797 	1.60706795 	1.60701864 	1.60697822 	1.60701059 	
0.61300000 	1.58861926 	1.58863045 	1.58858141 	1.58853914 	1.58857425 	
0.61400000 	1.56961848 	1.56963021 	1.56957905 	1.56954039 	1.56957257 	
0.61500000 	1.55006010 	1.55007275 	1.55002081 	1.54998626 	1.55001362 	
0.61600000 	1.52995113 	1.52996747 	1.52991078 	1.52987989 	1.52990659 	
0.61700000 	1.50929785 	1.50931421 	1.50926113 	1.50922918 	1.50925267 	
0.61800000 	1.48810846 	1.48812796 	1.48806953 	1.48803803 	1.48806144 	
0.61900000 	1.46638938 	1.46641161 	1.46635585 	1.46632224 	1.46634280 	
0.62000000 	1.44414963 	1.44417834 	1.44412123 	1.44408520 	1.44410309 	
0.62100000 	1.42140063 	1.42143218 	1.42137451 	1.42133864 	1.42135086 	
0.62200000 	1.39814789 	1.39817749 	1.39812310 	1.39808440 	1.39809770 	
0.62300000 	1.37439984 	1.37442750 	1.37437521 	1.37433235 	1.37434708 	
0.62400000 	1.35016122 	1.35019126 	1.35013970 	1.35009279 	1.35010986 	
0.62500000 	1.32544451 	1.32547660 	1.32542579 	1.32537517 	1.32539181 	
0.62600000 	1.30025671 	1.30029114 	1.30024056 	1.30018578 	1.30020289 	
0.62700000 	1.27460833 	1.27464032 	1.27459245 	1.27453625 	1.27455413 	
0.62800000 	1.24850854 	1.24853980 	1.24849416 	1.24843397 	1.24845233 	
0.62900000 	1.22196458 	1.22199879 	1.22195201 	1.22189259 	1.22190692 	
0.63000000 	1.19498129 	1.19502302 	1.19497550 	1.19490878 	1.19493141 	
0.63100000 	1.16757923 	1.16762086 	1.16757654 	1.16750563 	1.16753394 	
0.63200000 	1.13976529 	1.13980391 	1.13976270 	1.13968712 	1.13971216 	
0.63300000 	1.11154774 	1.11157781 	1.11154311 	1.11146558 	1.11149216 	
0.63400000 	1.08292965 	1.08296227 	1.08292807 	1.08285300 	1.08287814 	
0.63500000 	1.05393015 	1.05396830 	1.05393046 	1.05385320 	1.05387992 	
0.63600000 	1.02456104 	1.02459436 	1.02455706 	1.02448385 	1.02450667 	
0.63700000 	0.99482338 	0.99485496 	0.99482153 	0.99474809 	0.99476990 	
0.63800000 	0.96472804 	0.96476968 	0.96473305 	0.96465592 	0.96468034 	
0.63900000 	0.93429777 	0.93433696 	0.93429850 	0.93422139 	0.93424906 	
0.64000000 	0.90353506 	0.90357806 	0.90353536 	0.90345670 	0.90349055 	
0.64100000 	0.87245424 	0.87249155 	0.87244601 	0.87237936 	0.87240561 	
0.64200000 	0.84105924 	0.84110028 	0.84105483 	0.84098642 	0.84101746 	
0.64300000 	0.80937257 	0.80940711 	0.80936417 	0.80930011 	0.80932326 	
0.64400000 	0.77739464 	0.77742875 	0.77738482 	0.77732175 	0.77734754 	
0.64500000 	0.74514042 	0.74517703 	0.74512820 	0.74506842 	0.74508934 	
0.64600000 	0.71262594 	0.71266163 	0.71260841 	0.71255055 	0.71257519 	
0.64700000 	0.67985537 	0.67989022 	0.67983734 	0.67977502 	0.67980544 	
0.64800000 	0.64684460 	0.64687898 	0.64682644 	0.64676324 	0.64679380 	
0.64900000 	0.61360653 	0.61363881 	0.61358935 	0.61352110 	0.61354871 	
0.65000000 	0.58014698 	0.58017724 	0.58013152 	0.58006064 	0.58009175 	
0.65100000 	0.54648356 	0.54651337 	0.54646953 	0.54639503 	0.54643172 	
0.65200000 	0.51262657 	0.51265561 	0.51261168 	0.51254229 	0.51257290 	
0.65300000 	0.47859000 	0.47861502 	0.47857229 	0.47850703 	0.47853431 	
0.65400000 	0.44438257 	0.44440884 	0.44436143 	0.44430167 	0.44432916 	
0.65500000 	0.41001547 	0.41004354 	0.40999713 	0.40993978 	0.40996428 	
0.65600000 	0.37550707 	0.37553214 	0.37549003 	0.37543108 	0.37545487 	
0.65700000 	0.34086435 	0.34088914 	0.34084940 	0.34079173 	0.34081406 	
0.65800000 	0.30610096 	0.30612532 	0.30608573 	0.30602913 	0.30605216 	
0.65900000 	0.27123068 	0.27125582 	0.27121581 	0.27115789 	0.27117859 	
0.66000000 	0.23626618 	0.23628816 	0.23625330 	0.23619235 	0.23621441 	
0.66100000 	0.20121854 	0.20124266 	0.20120217 	0.20114571 	0.20116451 	
0.66200000 	0.16609733 	0.16612354 	0.16608666 	0.16602781 	0.16604160 	
0.66300000 	0.13091970 	0.13094709 	0.13090972 	0.13085179 	0.13086120 	
0.66400000 	0.09569898 	0.09572086 	0.09568676 	0.09563368 	0.09563665 	
0.66500000 	0.06044207 	0.06046740 	0.06042970 	0.06037810 	0.06037782 	
0.66600000 	0.02516327 	0.02519105 	0.02515398 	0.02509879 	0.02509838 	
0.66700000 	-0.01012466 	-0.01009573 	-0.01012900 	-0.01018639 	-0.01018966 	
0.66800000 	-0.04540437 	-0.04537955 	-0.04540854 	-0.04547084 	-0.04547397 	
0.66900000 	-0.08066653 	-0.08064631 	-0.08067306 	-0.08073571 	-0.08074175 	
0.67000000 	-0.11590184 	-0.11588395 	-0.11590643 	-0.11597226 	-0.11597524 	
0.67100000 	-0.15109773 	-0.15107620 	-0.15110102 	-0.15116381 	-0.15116969 	
0.67200000 	-0.18623715 	-0.18621894 	-0.18624352 	-0.18630044 	-0.18630822 	
0.67300000 	-0.22130341 	-0.22128916 	-0.22131264 	-0.22136806 	-0.22138002 	
0.67400000 	-0.25629679 	-0.25628378 	-0.25630374 	-0.25635672 	-0.25637492 	
0.67500000 	-0.29119570 	-0.29118742 	-0.29120188 	-0.29125587 	-0.29127695 	
0.67600000 	-0.32599091 	-0.32598878 	-0.32599505 	-0.32605349 	-0.32607397 	
0.67700000 	-0.36067519 	-0.36066852 	-0.36067633 	-0.36072882 	-0.36075307 	
0.67800000 	-0.39522578 	-0.39522322 	-0.39523293 	-0.39527690 	-0.39530238 	
0.67900000 	-0.42963826 	-0.42963500 	-0.42964495 	-0.42968835 	-0.42971077 	
0.68000000 	-0.46389833 	-0.46389202 	-0.46390021 	-0.46394954 	-0.46396512 	
0.68100000 	-0.49799444 	-0.49798442 	-0.49799014 	-0.49803941 	-0.49805485 	
0.68200000 	-0.53190550 	-0.53190190 	-0.53190237 	-0.53195316 	-0.53197468 	
0.68300000 	-0.56562859 	-0.56562808 	-0.56562472 	-0.56567976 	-0.56569704 	
0.68400000 	-0.59915429 	-0.59915410 	-0.59914615 	-0.59920370 	-0.59921290 	
0.68500000 	-0.63246339 	-0.63246407 	-0.63245522 	-0.63250870 	-0.63252311 	
0.68600000 	-0.66554588 	-0.66555298 	-0.66554001 	-0.66559012 	-0.66560825 	
0.68700000 	-0.69839520 	-0.69839827 	-0.69838574 	-0.69843570 	-0.69845505 	
0.68800000 	-0.73099819 	-0.73099318 	-0.73098158 	-0.73103187 	-0.73105058 	
0.68900000 	-0.76333623 	-0.76332919 	-0.76331842 	-0.76336378 	-0.76338733 	
0.69000000 	-0.79539692 	-0.79539559 	-0.79537914 	-0.79542862 	-0.79545126 	
0.69100000 	-0.82717585 	-0.82717999 	-0.82715919 	-0.82720709 	-0.82723335 	
0.69200000 	-0.85866416 	-0.85866815 	-0.85864238 	-0.85868589 	-0.85871844 	
0.69300000 	-0.88984121 	-0.88984688 	-0.88982049 	-0.88986802 	-0.88989905 	
0.69400000 	-0.92070308 	-0.92071322 	-0.92068323 	-0.92072876 	-0.92076595 	
0.69500000 	-0.95124237 	-0.95125243 	-0.95122047 	-0.95126652 	-0.95130225 	
0.69600000 	-0.98144355 	-0.98144880 	-0.98141794 	-0.98146178 	-0.98149916 	
0.69700000 	-1.01128995 	-1.01129730 	-1.01126667 	-1.01131126 	-1.01134730 	
0.69800000 	-1.04078171 	-1.04078592 	-1.04075650 	-1.04079927 	-1.04083402 	
0.69900000 	-1.06989955 	-1.06990758 	-1.06987754 	-1.06991906 	-1.06995053 	
0.70000000 	-1.09864140 	-1.09864687 	-1.09861312 	-1.09865722 	-1.09868467 	
0.70100000 	-1.12699124 	-1.12698956 	-1.12696124 	-1.12700131 	-1.12703200 	
0.70200000 	-1.15493759 	-1.15493717 	-1.15490848 	-1.15494735 	-1.15497578 	
0.70300000 	-1.18247067 	-1.18247654 	-1.18244551 	-1.18248127 	-1.18250881 	
0.70400000 	-1.20958647 	-1.20959546 	-1.20955758 	-1.20959242 	-1.20962644 	
0.70500000 	-1.23627473 	-1.23628109 	-1.23623764 	-1.23627342 	-1.23630671 	
0.70600000 	-1.26251912 	-1.26252739 	-1.26248117 	-1.26251684 	-1.26255051 	
0.70700000 	-1.28831535 	-1.28832208 	-1.28827720 	-1.28830994 	-1.28834276 	
0.70800000 	-1.31364860 	-1.31366076 	-1.31361231 	-1.31364553 	-1.31368004 	
0.70900000 	-1.33851966 	-1.33852900 	-1.33848119 	-1.33851047 	-1.33854961 	
0.71000000 	-1.36291149 	-1.36292070 	-1.36287821 	-1.36290238 	-1.36294258 	
0.71100000 	-1.38681846 	-1.38683492 	-1.38678393 	-1.38680989 	-1.38684942 	
0.71200000 	-1.41023491 	-1.41025565 	-1.41019639 	-1.41021850 	-1.41026257 	
0.71300000 	-1.43314762 	-1.43317177 	-1.43311343 	-1.43313033 	-1.43317804 	
0.71400000 	-1.45554829 	-1.45557838 	-1.45551548 	-1.45553443 	-1.45558036 	
0.71500000 	-1.47743655 	-1.47745949 	-1.47740268 	-1.47741894 	-1.47746809 	
0.71600000 	-1.49879875 	-1.49882477 	-1.49876331 	-1.49878046 	-1.49882862 	
0.71700000 	-1.51962646 	-1.51965495 	-1.51959260 	-1.51960816 	-1.51965495 	
0.71800000 	-1.53991568 	-1.53994413 	-1.53988031 	-1.53989621 	-1.53994664 	
0.71900000 	-1.55965459 	-1.55968724 	-1.55962049 	-1.55963109 	-1.55968413 	
0.72000000 	-1.57883996 	-1.57887446 	-1.57880979 	-1.57881300 	-1.57887336 	
0.72100000 	-1.59746427 	-1.59750374 	-1.59743483 	-1.59744255 	-1.59749901 	
0.72200000 	-1.61552386 	-1.61556262 	-1.61548768 	-1.61549557 	-1.61555369 	
0.72300000 	-1.63301009 	-1.63304764 	-1.63296656 	-1.63297522 	-1.63303451 	
0.72400000 	-1.64990980 	-1.64995191 	-1.64987062 	-1.64987477 	-1.64993381 	
0.72500000 	-1.66622278 	-1.66626914 	-1.66618648 	-1.66618754 	-1.66625038 	
0.72600000 	-1.68194831 	-1.68198923 	-1.68190709 	-1.68190899 	-1.68197508 	
0.72700000 	-1.69707380 	-1.69711488 	-1.69703177 	-1.69703640 	-1.69709813 	
0.72800000 	-1.71159543 	-1.71164298 	-1.71155174 	-1.71155410 	-1.71161510 	
0.72900000 	-1.72550715 	-1.72555790 	-1.72546795 	-1.72546339 	-1.72552583 	
0.73000000 	-1.73881132 	-1.73885674 	-1.73876556 	-1.73876222 	-1.73882578 	
0.73100000 	-1.75149558 	-1.75153448 	-1.75145093 	-1.75144555 	-1.75150936 	
0.73200000 	-1.76355284 	-1.76359066 	-1.76350717 	-1.76350299 	-1.76356629 	
0.73300000 	-1.77498225 	-1.77502130 	-1.77493937 	-1.77493380 	-1.77499991 	
0.73400000 	-1.78578367 	-1.78582282 	-1.78573948 	-1.78573513 	-1.78580016 	
0.73500000 	-1.79594809 	-1.79598934 	-1.79590170 	-1.79589819 	-1.79596533 	
0.73600000 	-1.80547921 	-1.80551566 	-1.80542546 	-1.80542773 	-1.80549352 	
0.73700000 	-1.81436534 	-1.81440246 	-1.81431437 	-1.81431838 	-1.81438136 	
0.73800000 	-1.82261174 	-1.82264470 	-1.82255766 	-1.82256159 	-1.82261970 	
0.73900000 	-1.83020753 	-1.83023336 	-1.83015039 	-1.83015338 	-1.83020973 	
0.74000000 	-1.83715265 	-1.83717686 	-1.83709629 	-1.83709640 	-1.83715096 	
0.74100000 	-1.84344694 	-1.84346411 	-1.84338473 	-1.84338513 	-1.84344083 	
0.74200000 	-1.84908138 	-1.84909813 	-1.84901926 	-1.84902004 	-1.84907396 	
0.74300000 	-1.85406384 	-1.85408291 	-1.85399778 	-1.85399638 	-1.85405377 	
0.74400000 	-1.85838322 	-1.85839961 	-1.85831783 	-1.85831427 	-1.85836462 	
0.74500000 	-1.86204720 	-1.86206290 	-1.86197369 	-1.86197019 	-1.86202342 	
0.74600000 	-1.86504259 	-1.86506266 	-1.86496988 	-1.86496784 	-1.86501723 	
0.74700000 	-1.86738039 	-1.86739949 	-1.86730795 	-1.86729799 	-1.86735070 	
0.74800000 	-1.86904649 	-1.86906971 	-1.86898210 	-1.86897257 	-1.86902211 	
0.74900000 	-1.87005650 	-1.87007439 	-1.86999014 	-1.86997896 	-1.87002720 	
0.75000000 	-1.87039983 	-1.87042167 	-1.87033489 	-1.87032189 	-1.87037169 	
0.75100000 	-1.87008063 	-1.87010269 	-1.87001144 	-1.87000029 	-1.87005444 	
0.75200000 	-1.86909552 	-1.86911490 	-1.86902318 	-1.86901596 	-1.86906852 	
0.75300000 	-1.86744285 	-1.86745938 	-1.86737734 	-1.86736614 	-1.86741852 	
0.75400000 	-1.86512635 	-1.86515079 	-1.86506625 	-1.86505154 	-1.86510713 	
0.75500000 	-1.86215067 	-1.86217255 	-1.86208885 	-1.86207109 	-1.86213347 	
0.75600000 	-1.85851287 	-1.85853619 	-1.85845167 	-1.85843006 	-1.85849436 	
0.75700000 	-1.85421515 	-1.85424009 	-1.85415604 	-1.85413060 	-1.85419681 	
0.75800000 	-1.84925930 	-1.84928448 	-1.84919712 	-1.84917238 	-1.84923780 	
0.75900000 	-1.84364756 	-1.84367146 	-1.84358141 	-1.84355689 	-1.84362718 	
0.76000000 	-1.83737891 	-1.83739976 	-1.83730885 	-1.83728638 	-1.83735755 	
0.76100000 	-1.83045507 	-1.83047145 	-1.83038727 	-1.83036355 	-1.83043629 	
0.76200000 	-1.82288194 	-1.82290008 	-1.82281381 	-1.82278808 	-1.82286630 	
0.76300000 	-1.81466155 	-1.81467817 	-1.81459654 	-1.81456811 	-1.81464820 	
0.76400000 	-1.80579959 	-1.80581464 	-1.80573437 	-1.80570318 	-1.80577954 	
0.76500000 	-1.79629179 	-1.79630699 	-1.79622979 	-1.79620008 	-1.79627522 	
0.76600000 	-1.78615094 	-1.78616347 	-1.78608531 	-1.78605410 	-1.78613687 	
0.76700000 	-1.77537620 	-1.77538701 	-1.77530857 	-1.77527741 	-1.77535988 	
0.76800000 	-1.76396784 	-1.76397573 	-1.76390259 	-1.76387156 	-1.76395238 	
0.76900000 	-1.75193181 	-1.75193868 	-1.75186840 	-1.75183746 	-1.75191560 	
0.77000000 	-1.73927760 	-1.73928360 	-1.73921370 	-1.73918242 	-1.73925544 	
0.77100000 	-1.72599905 	-1.72600815 	-1.72594479 	-1.72591042 	-1.72597955 	
0.77200000 	-1.71211530 	-1.71211714 	-1.71205527 	-1.71202613 	-1.71208824 	
0.77300000 	-1.69762175 	-1.69762197 	-1.69755899 	-1.69752954 	-1.69758988 	
0.77400000 	-1.68252545 	-1.68252146 	-1.68246305 	-1.68243215 	-1.68249301 	
0.77500000 	-1.66683119 	-1.66682625 	-1.66676960 	-1.66673518 	-1.66679751 	
0.77600000 	-1.65054294 	-1.65053510 	-1.65048185 	-1.65044554 	-1.65051076 	
0.77700000 	-1.63367195 	-1.63366281 	-1.63361098 	-1.63357409 	-1.63363496 	
0.77800000 	-1.61622061 	-1.61620988 	-1.61615656 	-1.61612287 	-1.61617694 	
0.77900000 	-1.59819212 	-1.59817941 	-1.59812811 	-1.59809268 	-1.59814975 	
0.78000000 	-1.57959699 	-1.57958477 	-1.57953720 	-1.57949575 	-1.57954997 	
0.78100000 	-1.56044591 	-1.56042694 	-1.56038079 	-1.56034050 	-1.56039414 	
0.78200000 	-1.54073383 	-1.54071724 	-1.54067152 	-1.54063035 	-1.54068382 	
0.78300000 	-1.52047483 	-1.52046223 	-1.52040837 	-1.52037069 	-1.52042958 	
0.78400000 	-1.49967988 	-1.49966601 	-1.49961147 	-1.49957147 	-1.49963167 	
0.78500000 	-1.47835047 	-1.47834049 	-1.47828221 	-1.47823997 	-1.47830215 	
0.78600000 	-1.45650065 	-1.45649216 	-1.45642738 	-1.45639071 	-1.45644896 	
0.78700000 	-1.43413418 	-1.43412308 	-1.43405695 	-1.43401961 	-1.43407642 	
0.78800000 	-1.41125439 	-1.41124093 	-1.41117556 	-1.41113891 	-1.41119354 	
0.78900000 	-1.38787426 	-1.38785907 	-1.38779469 	-1.38775540 	-1.38780820 	
0.79000000 	-1.36399980 	-1.36398577 	-1.36392253 	-1.36388451 	-1.36393410 	
0.79100000 	-1.33964082 	-1.33963171 	-1.33956744 	-1.33952875 	-1.33957561 	
0.79200000 	-1.31480433 	-1.31479902 	-1.31473310 	-1.31469740 	-1.31474072 	
0.79300000 	-1.28950179 	-1.28949831 	-1.28943421 	-1.28940091 	-1.28944221 	
0.79400000 	-1.26373966 	-1.26373847 	-1.26368077 	-1.26364362 	-1.26368502 	
0.79500000 	-1.23753622 	-1.23752758 	-1.23747930 	-1.23744254 	-1.23747826 	
0.79600000 	-1.21089365 	-1.21088439 	-1.21084055 	-1.21079628 	-1.21083173 	
0.79700000 	-1.18382150 	-1.18380760 	-1.18377126 	-1.18371943 	-1.18375731 	
0.79800000 	-1.15632841 	-1.15630819 	-1.15627566 	-1.15622419 	-1.15626052 	
0.79900000 	-1.12842117 	-1.12840321 	-1.12837212 	-1.12832047 	-1.12835697 	
0.80000000 	-1.10011409 	-1.10009677 	-1.10006571 	-1.10001099 	-1.10004748 	
0.80100000 	-1.07141634 	-1.07140069 	-1.07137290 	-1.07131328 	-1.07135080 	
0.80200000 	-1.04234266 	-1.04232497 	-1.04229633 	-1.04223583 	-1.04227416 	
0.80300000 	-1.01290029 	-1.01287556 	-1.01285225 	-1.01279071 	-1.01282519 	
0.80400000 	-0.98309998 	-0.98307613 	-0.98305056 	-0.98298354 	-0.98302202 	
0.80500000 	-0.95294380 	-0.95292762 	-0.95289824 	-0.95283078 	-0.95286859 	
0.80600000 	-0.92245050 	-0.92243598 	-0.92240506 	-0.92233530 	-0.92237803 	
0.80700000 	-0.89163208 	-0.89161740 	-0.89158976 	-0.89152029 	-0.89155997 	
0.80800000 	-0.86049348 	-0.86048604 	-0.86045504 	-0.86038734 	-0.86042320 	
0.80900000 	-0.82904766 	-0.82903876 	-0.82901503 	-0.82894805 	-0.82898435 	
0.81000000 	-0.79731276 	-0.79730637 	-0.79728354 	-0.79721813 	-0.79725103 	
0.81100000 	-0.76529831 	-0.76529149 	-0.76526922 	-0.76520099 	-0.76523662 	
0.81200000 	-0.73301049 	-0.73299897 	-0.73298287 	-0.73291296 	-0.73294613 	
0.81300000 	-0.70046078 	-0.70044821 	-0.70043661 	-0.70036448 	-0.70039737 	
0.81400000 	-0.66766621 	-0.66765175 	-0.66764180 	-0.66756881 	-0.66760412 	
0.81500000 	-0.63463912 	-0.63462028 	-0.63461478 	-0.63453642 	-0.63457256 	
0.81600000 	-0.60137991 	-0.60135912 	-0.60135848 	-0.60128056 	-0.60131758 	
0.81700000 	-0.56790640 	-0.56788720 	-0.56789201 	-0.56780653 	-0.56785186 	
0.81800000 	-0.53423531 	-0.53421622 	-0.53422400 	-0.53413775 	-0.53417993 	
0.81900000 	-0.50037370 	-0.50035451 	-0.50036319 	-0.50027701 	-0.50031356 	
0.82000000 	-0.46633787 	-0.46631684 	-0.46632770 	-0.46623717 	-0.46627599 	
0.82100000 	-0.43213229 	-0.43211449 	-0.43212659 	-0.43203624 	-0.43207449 	
0.82200000 	-0.39777419 	-0.39775388 	-0.39777436 	-0.39768464 	-0.39771999 	
0.82300000 	-0.36327715 	-0.36325578 	-0.36328221 	-0.36318856 	-0.36322403 	
0.82400000 	-0.32865338 	-0.32863373 	-0.32865671 	-0.32856254 	-0.32859827 	
0.82500000 	-0.29391557 	-0.29389087 	-0.29391831 	-0.29382759 	-0.29386031 	
0.82600000 	-0.25907762 	-0.25904926 	-0.25907064 	-0.25898543 	-0.25901431 	
0.82700000 	-0.22414426 	-0.22411382 	-0.22413378 	-0.22405226 	-0.22407664 	
0.82800000 	-0.18912726 	-0.18910250 	-0.18911995 	-0.18903945 	-0.18906474 	
0.82900000 	-0.15404484 	-0.15402336 	-0.15403625 	-0.15396316 	-0.15398496 	
0.83000000 	-0.11891134 	-0.11889119 	-0.11890505 	-0.11882711 	-0.11884905 	
0.83100000 	-0.08373267 	-0.08371774 	-0.08372475 	-0.08365238 	-0.08367312 	
0.83200000 	-0.04852658 	-0.04850701 	-0.04851953 	-0.04844811 	-0.04846748 	
0.83300000 	-0.01330419 	-0.01328904 	-0.01329667 	-0.01322681 	-0.01324368 	
0.83400000 	0.02191961 	0.02193464 	0.02192746 	0.02199802 	0.02198186 	
0.83500000 	0.05713559 	0.05715309 	0.05714690 	0.05721657 	0.05720322 	
0.83600000 	0.09233648 	0.09234662 	0.09233967 	0.09240990 	0.09239547 	
0.83700000 	0.12749857 	0.12750930 	0.12749880 	0.12757241 	0.12755421 	
0.83800000 	0.16261678 	0.16262781 	0.16260777 	0.16268886 	0.16267451 	
0.83900000 	0.19767392 	0.19768643 	0.19766442 	0.19774451 	0.19773201 	
0.84000000 	0.23265642 	0.23267234 	0.23265201 	0.23272985 	0.23271864 	
0.84100000 	0.26755905 	0.26757479 	0.26755484 	0.26763270 	0.26762233 	
0.84200000 	0.30236651 	0.30237782 	0.30236259 	0.30244205 	0.30243096 	
0.84300000 	0.33706734 	0.33707497 	0.33706049 	0.33713958 	0.33713307 	
0.84400000 	0.37164616 	0.37165371 	0.37163924 	0.37171963 	0.37170893 	
0.84500000 	0.40609113 	0.40610378 	0.40608407 	0.40616383 	0.40615631 	
0.84600000 	0.44039212 	0.44040930 	0.44038886 	0.44046515 	0.44045760 	
0.84700000 	0.47453810 	0.47455013 	0.47453005 	0.47460867 	0.47460122 	
0.84800000 	0.50851350 	0.50852128 	0.50850204 	0.50858122 	0.50857611 	
0.84900000 	0.54230849 	0.54231534 	0.54229448 	0.54237538 	0.54236843 	
0.85000000 	0.57590606 	0.57592005 	0.57589579 	0.57597475 	0.57596956 	
0.85100000 	0.60930386 	0.60931783 	0.60929116 	0.60936931 	0.60936357 	
0.85200000 	0.64248047 	0.64249823 	0.64246930 	0.64254606 	0.64254214 	
0.85300000 	0.67543143 	0.67545223 	0.67541809 	0.67549098 	0.67548886 	
0.85400000 	0.70814086 	0.70815914 	0.70812939 	0.70819514 	0.70819599 	
0.85500000 	0.74059699 	0.74061669 	0.74058430 	0.74065313 	0.74064919 	
0.85600000 	0.77278476 	0.77280803 	0.77277160 	0.77284133 	0.77284296 	
0.85700000 	0.80470468 	0.80472710 	0.80468518 	0.80475688 	0.80475874 	
0.85800000 	0.83633251 	0.83635489 	0.83632035 	0.83637946 	0.83639092 	
0.85900000 	0.86766715 	0.86768369 	0.86764953 	0.86771383 	0.86772103 	
0.86000000 	0.89868604 	0.89870798 	0.89867445 	0.89873301 	0.89874646 	
0.86100000 	0.92939002 	0.92941004 	0.92937891 	0.92943789 	0.92945144 	
0.86200000 	0.95975916 	0.95978244 	0.95975218 	0.95980764 	0.95982392 	
0.86300000 	0.98978933 	0.98981477 	0.98977847 	0.98983822 	0.98985404 	
0.86400000 	1.01946920 	1.01949608 	1.01945889 	1.01951769 	1.01953145 	
0.86500000 	1.04878056 	1.04881299 	1.04877313 	1.04883391 	1.04884923 	
0.86600000 	1.07772261 	1.07775194 	1.07771495 	1.07777369 	1.07779147 	
0.86700000 	1.10628167 	1.10630965 	1.10627418 	1.10633656 	1.10634754 	
0.86800000 	1.13444954 	1.13447400 	1.13443523 	1.13449531 	1.13451221 	
0.86900000 	1.16221671 	1.16223261 	1.16219741 	1.16225453 	1.16227296 	
0.87000000 	1.18956687 	1.18957973 	1.18954603 	1.18960007 	1.18961810 	
0.87100000 	1.21648901 	1.21650275 	1.21646930 	1.21652051 	1.21654476 	
0.87200000 	1.24297964 	1.24299549 	1.24296167 	1.24301281 	1.24303868 	
0.87300000 	1.26902543 	1.26904369 	1.26901146 	1.26905938 	1.26908489 	
0.87400000 	1.29462152 	1.29463881 	1.29460819 	1.29465514 	1.29468578 	
0.87500000 	1.31976439 	1.31977456 	1.31974601 	1.31979229 	1.31982195 	
0.87600000 	1.34443068 	1.34444426 	1.34441517 	1.34446001 	1.34448975 	
0.87700000 	1.36861624 	1.36863497 	1.36860542 	1.36864695 	1.36868347 	
0.87800000 	1.39232260 	1.39234060 	1.39231243 	1.39234984 	1.39238356 	
0.87900000 	1.41553105 	1.41554946 	1.41551828 	1.41555393 	1.41559178 	
0.88000000 	1.43823554 	1.43824859 	1.43822130 	1.43825586 	1.43829361 	
0.88100000 	1.46043278 	1.46044308 	1.46041367 	1.46045208 	1.46048404 	
0.88200000 	1.48210877 	1.48212045 	1.48208866 	1.48212687 	1.48215535 	
0.88300000 	1.50325664 	1.50327105 	1.50323639 	1.50327331 	1.50330082 	
0.88400000 	1.52386556 	1.52388621 	1.52385020 	1.52388636 	1.52391275 	
0.88500000 	1.54393742 	1.54395654 	1.54391714 	1.54396044 	1.54398141 	
0.88600000 	1.56346254 	1.56347847 	1.56343672 	1.56348226 	1.56350527 	
0.88700000 	1.58242857 	1.58244525 	1.58240060 	1.58244398 	1.58247133 	
0.88800000 	1.60083533 	1.60084624 	1.60080344 	1.60084532 	1.60087352 	
0.88900000 	1.61866624 	1.61868046 	1.61863819 	1.61867878 	1.61870782 	
0.89000000 	1.63592442 	1.63593945 	1.63589742 	1.63593377 	1.63596454 	
0.89100000 	1.65259505 	1.65262101 	1.65257363 	1.65260295 	1.65264334 	
0.89200000 	1.66868378 	1.66871223 	1.66865958 	1.66869529 	1.66873209 	
0.89300000 	1.68418273 	1.68421093 	1.68415734 	1.68418792 	1.68422905 	
0.89400000 	1.69907890 	1.69910890 	1.69905388 	1.69908174 	1.69912539 	
0.89500000 	1.71337172 	1.71339651 	1.71334889 	1.71337186 	1.71341910 	
0.89600000 	1.72705637 	1.72707831 	1.72702962 	1.72705392 	1.72710261 	
0.89700000 	1.74012653 	1.74015295 	1.74009992 	1.74012555 	1.74017288 	
0.89800000 	1.75257705 	1.75260556 	1.75255280 	1.75257193 	1.75262495 	
0.89900000 	1.76440480 	1.76443490 	1.76438049 	1.76439887 	1.76445469 	
0.90000000 	1.77560925 	1.77563695 	1.77558601 	1.77559516 	1.77565630 	
0.90100000 	1.78618035 	1.78620859 	1.78615380 	1.78616273 	1.78622517 	
0.90200000 	1.79611094 	1.79614413 	1.79609005 	1.79609720 	1.79616001 	
0.90300000 	1.80540922 	1.80544030 	1.80538546 	1.80539512 	1.80545583 	
0.90400000 	1.81406646 	1.81409313 	1.81404418 	1.81404735 	1.81411016 	
0.90500000 	1.82207231 	1.82210138 	1.82205212 	1.82205527 	1.82212341 	
0.90600000 	1.82943978 	1.82946934 	1.82941711 	1.82941879 	1.82948282 	
0.90700000 	1.83615917 	1.83618346 	1.83612904 	1.83613142 	1.83619517 	
0.90800000 	1.84222201 	1.84224493 	1.84218959 	1.84218859 	1.84225801 	
0.90900000 	1.84763009 	1.84765178 	1.84759419 	1.84759127 	1.84766513 	
0.91000000 	1.85238161 	1.85240361 	1.85234135 	1.85233854 	1.85241277 	
0.91100000 	1.85647324 	1.85649337 	1.85643563 	1.85643068 	1.85650371 	
0.91200000 	1.85990431 	1.85992564 	1.85986535 	1.85985944 	1.85993361 	
0.91300000 	1.86267025 	1.86269770 	1.86263683 	1.86262809 	1.86270167 	
0.91400000 	1.86478001 	1.86480715 	1.86474460 	1.86473755 	1.86480817 	
0.91500000 	1.86622466 	1.86625123 	1.86619493 	1.86618414 	1.86625512 	
0.91600000 	1.86700924 	1.86703384 	1.86697690 	1.86696803 	1.86703680 	
0.91700000 	1.86712843 	1.86715452 	1.86709422 	1.86708876 	1.86715785 	
0.91800000 	1.86658109 	1.86661282 	1.86654904 	1.86654616 	1.86661538 	
0.91900000 	1.86537020 	1.86541112 	1.86533883 	1.86533875 	1.86540492 	
0.92000000 	1.86350158 	1.86354043 	1.86346797 	1.86346405 	1.86353513 	
0.92100000 	1.86097176 	1.86100686 	1.86093464 	1.86092897 	1.86100037 	
0.92200000 	1.85777933 	1.85781654 	1.85774384 	1.85773586 	1.85780901 	
0.92300000 	1.85392779 	1.85397082 	1.85389370 	1.85388128 	1.85395398 	
0.92400000 	1.84941755 	1.84946172 	1.84938325 	1.84936820 	1.84944059 	
0.92500000 	1.84424998 	1.84429509 	1.84421401 	1.84419214 	1.84427205 	
0.92600000 	1.83842606 	1.83846818 	1.83839234 	1.83837105 	1.83844830 	
0.92700000 	1.83194966 	1.83199248 	1.83191189 	1.83189207 	1.83196915 	
0.92800000 	1.82481945 	1.82486536 	1.82478552 	1.82475612 	1.82484246 	
0.92900000 	1.81704719 	1.81709183 	1.81700938 	1.81698053 	1.81706347 	
0.93000000 	1.80862896 	1.80866896 	1.80858916 	1.80856119 	1.80864136 	
0.93100000 	1.79956336 	1.79960575 	1.79952209 	1.79949523 	1.79958182 	
0.93200000 	1.78986022 	1.78990748 	1.78982066 	1.78979231 	1.78987851 	
0.93300000 	1.77952262 	1.77956872 	1.77948122 	1.77944792 	1.77953966 	
0.93400000 	1.76855161 	1.76859978 	1.76851098 	1.76847495 	1.76856903 	
0.93500000 	1.75694905 	1.75700227 	1.75691196 	1.75687169 	1.75697392 	
0.93600000 	1.74472670 	1.74478182 	1.74468513 	1.74464686 	1.74475096 	
0.93700000 	1.73188558 	1.73193977 	1.73184361 	1.73180544 	1.73190772 	
0.93800000 	1.71842599 	1.71848339 	1.71838404 	1.71834861 	1.71844502 	
0.93900000 	1.70435550 	1.70441544 	1.70431524 	1.70428070 	1.70437268 	
0.94000000 	1.68968002 	1.68974412 	1.68964257 	1.68960497 	1.68969697 	
0.94100000 	1.67440743 	1.67447121 	1.67436852 	1.67433104 	1.67442280 	
0.94200000 	1.65854283 	1.65860212 	1.65850263 	1.65846400 	1.65855170 	
0.94300000 	1.64208712 	1.64214697 	1.64204819 	1.64200316 	1.64209240 	
0.94400000 	1.62504641 	1.62510566 	1.62501314 	1.62496299 	1.62505263 	
0.94500000 	1.60743048 	1.60749065 	1.60739723 	1.60734645 	1.60743249 	
0.94600000 	1.58924555 	1.58930150 	1.58921014 	1.58915893 	1.58924260 	
0.94700000 	1.57049285 	1.57054859 	1.57046079 	1.57040644 	1.57048987 	
0.94800000 	1.55118556 	1.55123901 	1.55115342 	1.55109551 	1.55118122 	
0.94900000 	1.53132369 	1.53137744 	1.53129502 	1.53123469 	1.53132094 	
0.95000000 	1.51091940 	1.51096906 	1.51089126 	1.51083233 	1.51092094 	
0.95100000 	1.48998045 	1.49002841 	1.48995295 	1.48989376 	1.48998273 	
0.95200000 	1.46851222 	1.46856072 	1.46848233 	1.46842684 	1.46851179 	
0.95300000 	1.44652238 	1.44656870 	1.44649449 	1.44643649 	1.44651851 	
0.95400000 	1.42401581 	1.42406447 	1.42398875 	1.42393206 	1.42401263 	
0.95500000 	1.40100860 	1.40105418 	1.40097618 	1.40092190 	1.40100200 	
0.95600000 	1.37750255 	1.37754494 	1.37746963 	1.37741406 	1.37749775 	
0.95700000 	1.35351100 	1.35354827 	1.35347100 	1.35341755 	1.35349869 	
0.95800000 	1.32903454 	1.32907345 	1.32899802 	1.32893962 	1.32902341 	
0.95900000 	1.30409056 	1.30412378 	1.30404916 	1.30398930 	1.30407685 	
0.96000000 	1.27868302 	1.27871201 	1.27863984 	1.27858333 	1.27866353 	
0.96100000 	1.25281878 	1.25284972 	1.25277895 	1.25272169 	1.25279837 	
0.96200000 	1.22650801 	1.22653927 	1.22647305 	1.22641072 	1.22648497 	
0.96300000 	1.19976154 	1.19979378 	1.19972907 	1.19966534 	1.19974213 	
0.96400000 	1.17258727 	1.17261950 	1.17256544 	1.17249180 	1.17256665 	
0.96500000 	1.14499847 	1.14503136 	1.14498326 	1.14490240 	1.14498040 	
0.96600000 	1.11700529 	1.11703818 	1.11699082 	1.11690965 	1.11698506 	
0.96700000 	1.08861364 	1.08864873 	1.08860558 	1.08851958 	1.08859363 	
0.96800000 	1.05983758 	1.05987381 	1.05983497 	1.05974334 	1.05981735 	
0.96900000 	1.03068430 	1.03072591 	1.03068552 	1.03059112 	1.03066606 	
0.97000000 	1.00116589 	1.00120806 	1.00116971 	1.00107747 	1.00114615 	
0.97100000 	0.97129402 	0.97133241 	0.97130407 	0.97120116 	0.97127491 	
0.97200000 	0.94108076 	0.94111618 	0.94108799 	0.94098539 	0.94105784 	
0.97300000 	0.91052971 	0.91056968 	0.91053393 	0.91043642 	0.91050770 	
0.97400000 	0.87965340 	0.87969284 	0.87966403 	0.87956240 	0.87963295 	
0.97500000 	0.84847112 	0.84850252 	0.84847855 	0.84837645 	0.84844973 	
0.97600000 	0.81698628 	0.81701852 	0.81699739 	0.81689234 	0.81696092 	
0.97700000 	0.78520850 	0.78524404 	0.78522170 	0.78511918 	0.78518132 	
0.97800000 	0.75315635 	0.75319163 	0.75316468 	0.75306271 	0.75312833 	
0.97900000 	0.72083764 	0.72086753 	0.72084613 	0.72074368 	0.72080768 	
0.98000000 	0.68826224 	0.68829186 	0.68827249 	0.68816913 	0.68823322 	
0.98100000 	0.65544749 	0.65547113 	0.65545237 	0.65535144 	0.65541301 	
0.98200000 	0.62240017 	0.62241843 	0.62239864 	0.62229710 	0.62235691 	
0.98300000 	0.58912901 	0.58914621 	0.58912825 	0.58902558 	0.58908169 	
0.98400000 	0.55564375 	0.55566311 	0.55564458 	0.55554617 	0.55560003 	
0.98500000 	0.52196394 	0.52198357 	0.52196814 	0.52187134 	0.52192073 	
0.98600000 	0.48810167 	0.48811929 	0.48810743 	0.48800959 	0.48805950 	
0.98700000 	0.45406404 	0.45407982 	0.45407218 	0.45397454 	0.45402444 	
0.98800000 	0.41986678 	0.41988328 	0.41987341 	0.41977929 	0.41982660 	
0.98900000 	0.38552353 	0.38553793 	0.38553134 	0.38543409 	0.38548287 	
0.99000000 	0.35104360 	0.35105675 	0.35105161 	0.35095150 	0.35100000 	
0.99100000 	0.31643959 	0.31645149 	0.31644670 	0.31634702 	0.31639310 	
0.99200000 	0.28172422 	0.28173450 	0.28173390 	0.28163164 	0.28167271 	
0.99300000 	0.24691205 	0.24691744 	0.24691896 	0.24681584 	0.24686320 	
0.99400000 	0.21201160 	0.21201254 	0.21202053 	0.21190921 	0.21196177 	
0.99500000 	0.17703264 	0.17703392 	0.17704380 	0.17693556 	0.17698562 	
0.99600000 	0.14199993 	0.14199694 	0.14200739 	0.14189332 	0.14194581 	
0.99700000 	0.10691305 	0.10690884 	0.10691682 	0.10680289 	0.10685356 	
0.99800000 	0.07178606 	0.07178186 	0.07178931 	0.07167786 	0.07172697 	
0.99900000 	0.03663957 	0.03662770 	0.03664182 	0.03652750 	0.03657376 	
