0.1560286230986379 
0.8027829756893158 
0.1666095855175196 
0.6343127517582747 
0.8632261877037732 
0.7614033537634206 
0.6171268949055941 
0.5968760698055984 
0.5288957309464962 
0.7496357916339840 
0.1702930098111789 
0.3663382706719945 
0.6382346893399172 
0.6639389425868657 
0.6212172536894507 
0.6212405867907677 
0.7405944177114132 
0.7007440280476288 
0.3481080020483419 
0.3304733764132717 
0.0483426408407064 
0.3339359459964901 
0.2060791718467976 
0.3217579726721582 
0.9705301769055936 
0.3507027379632824 
0.3400482450393714 
0.2911842501924330 
0.6692592797571064 
0.3765017697453927 
0.2582915863483716 
0.9579309984864991 
0.3525563740404405 
0.5861453494442203 
0.2610040306728503 
0.9002463061886600 
0.1944905411602696 
0.8000948736337498 
0.1945113651859378 
0.7305681634526838 
0.4384205547064326 
0.2491295787711966 
0.4281133678226590 
0.7091566785442771 
0.5512474624152175 
0.1568553812060142 
0.4666973586274983 
0.4961899743649498 
0.3709027171730625 
0.6413364100560054 
0.6852509938519057 
0.4095451755756863 
0.5031477599912537 
0.6684832885257959 
0.4716259486034187 
0.4993415596598452 
0.6471679775639237 
0.4216261377819468 
0.6626110504894088 
0.8170160928574492 
0.1112218171966793 
0.6518448264539380 
0.5500815400006928 
0.5991076809219005 
0.3097658661511218 
0.8240530205560008 
0.2444922705222179 
0.7871120092662766 
0.5276782514367699 
0.2919542934356032 
0.3450864379361476 
0.1821689463935941 
0.4356032798720262 
0.6610188420873715 
0.5949755991456097 
0.2960594385103280 
0.2047645191111081 
0.5064900276071979 
0.6856505590512083 
0.1675193936624278 
0.3461571090577263 
0.6906839691988925 
0.1527226121401869 
0.3905445997944123 
0.1637829405982323 
0.3955508606761107 
0.3688711548476742 
0.7283280170233405 
0.5063810298697826 
0.5013212515657223 
0.4217466924799517 
0.6932143803027301 
0.2978699136374708 
0.5384023890069175 
0.6287812338938314 
0.8253406702114624 
0.5990597594260189 
0.4750290852671793 
0.6015429591441448 
0.3931000405143164 
