0.4976466348236942 
0.4013840938247310 
0.1434006648335465 
0.2854000578259135 
0.2731033115560475 
0.5503785446846204 
0.2058153310619990 
0.5224994715789456 
0.2509201639687685 
0.8697229036557743 
0.2032485843611212 
0.8783111807830773 
0.6905872846507313 
0.5535354542512330 
0.8820903820409123 
0.7502580487225323 
0.6510626105323117 
0.5329162160037204 
0.1814688044973928 
0.2151893058886115 
0.7485265995421286 
0.6508674179357014 
0.1568304116606001 
0.3819154356549662 
0.4059014303044180 
0.3986037979413523 
0.1481800651908203 
0.7646184521052224 
0.5103333846644770 
0.1252837517767151 
0.6533525653116961 
0.7595124877691403 
0.6635255601653843 
0.9224759313241252 
0.5871103926834479 
0.2132045994968978 
0.0469643062868976 
0.2362361073360421 
0.4041312169481402 
0.6488273443204803 
0.7499480147579380 
0.3611495391989021 
0.6166087405522465 
0.8134449587830760 
0.5961017425020373 
0.3105574407129254 
0.7413200455643569 
0.8860698063773192 
0.5029407862459802 
0.9386587463866424 
0.2357870413964225 
0.9165721922001269 
0.4279194006529392 
0.4724779091695169 
0.5898682403083533 
0.7779560260392060 
0.5554322967420925 
0.5355776329993995 
0.7780201213722663 
0.3543944870965082 
0.2805195500527516 
0.3097543085255777 
0.9569647973269831 
0.6491357988484313 
0.3519930066643226 
0.7312672976544804 
0.6635181084334973 
0.0883210109793194 
0.3164461994918044 
0.7110681244101713 
0.7383087583405689 
0.6690240098733911 
0.1936237271795249 
0.5134119087920137 
0.7401794809707097 
0.8353006789765103 
0.1731942277117477 
0.7833800852926145 
0.6741045781555066 
0.7009945949343338 
0.5731850191419183 
0.5995710278279790 
0.5630972029096003 
0.8612502005489986 
0.8778925980114740 
0.5627491222511408 
0.6073507640372636 
0.1892346841452626 
0.9056578374707698 
0.5276945670572954 
0.6584729226785516 
0.6591320639738893 
0.3505347545904096 
0.6791457374573387 
0.7823182389789164 
0.3451011231010655 
0.6187532784352053 
0.3973012436798555 
0.2405908373103789 
0.5957150850285087 
0.2410103770959693 
0.4416791287555158 
0.5237747037904690 
0.5548526194055012 
0.6534443778301166 
0.3131892479453086 
0.5806545538221897 
0.9630984777679812 
0.2353872893944641 
0.3035060328077741 
0.5314109057592126 
0.8604850766333032 
0.8723275312596885 
0.4106425922009065 
0.6744756890651917 
0.2498566706804650 
0.8684466406525631 
0.6907038775221694 
0.7277927572130457 
0.6553510260168677 
0.6018502785340972 
0.2848137546597299 
0.6314595480337165 
0.9264559067529869 
0.7380540549383534 
0.4200539536165534 
0.6444194320115708 
0.5662214335463776 
0.6768131495168275 
0.8177011954882195 
0.7579778380516835 
0.2761906789731193 
0.5931536987285858 
0.4991502287883317 
0.4303815788731519 
0.4172092323020095 
0.4536204271854450 
0.6866698593483582 
0.6336153856799596 
0.6197981867862737 
0.2038746369595678 
0.8034335778047077 
0.3601474655445890 
0.3493954784182998 
0.7747169839915625 
0.5534093276412869 
0.4971368409826087 
0.0905656483381837 
0.4829673005944972 
0.6594674169177182 
0.0778304810633589 
0.5015221601990564 
0.4618324261313916 
0.7235483932706795 
0.8778896037648642 
0.3553523884755954 
0.1489881229079214 
0.1097875772255960 
0.1777641942699853 
0.3106969042026451 
0.5160426587137553 
0.4563919707571941 
0.7173917436535633 
0.4350128232558568 
0.6698436562705314 
0.4070267455578486 
0.8554065509471829 
0.6331521574185222 
0.6427821389594280 
0.2280916205494480 
0.2026283573273850 
0.4014313655085371 
0.5131250958702420 
0.4393962609102019 
0.7472403664253950 
0.2893840916845248 
0.5315996161616342 
0.0988209635719633 
0.7547405200626217 
0.5466233240722048 
0.5670994039032107 
0.5417766112603226 
0.6944355231485901 
0.3780098130709995 
0.5566808905566726 
0.5654983518249154 
0.8657679789853019 
0.5928803521970987 
0.2241237307602443 
0.7152042159428660 
0.1959528186950813 
0.2923017749811871 
0.3472484423292142 
0.1269008860188219 
0.7784925634074371 
0.1568593970186665 
0.1303771448969670 
0.8045136831352597 
0.5744621483495580 
0.6456231435082413 
0.4152232637273692 
0.3932438365893201 
0.8933304752861972 
0.1771471460410161 
0.0400511322223925 
0.6446270168341021 
0.0602508189025775 
0.8190076524560127 
0.2611709398269311 
0.2692452354338131 
0.7986568245347492 
0.2903735549894752 
0.8714199868628995 
0.8904954484860172 
0.4730801151514919 
0.1656672658254306 
0.5418092570683558 
0.6462172600311636 
0.3177684329520554 
0.3441174938404502 
0.7680367028309469 
0.3397709614383131 
0.3650054205023905 
0.2826895007203701 
0.3626742548999340 
0.5532090069294977 
0.7030750196859057 
0.5146738922674918 
0.5805159716918077 
0.6742984958861740 
0.3742799077456337 
0.2702372133061689 
0.5288855594031823 
0.1855652858266311 
0.2872215322717064 
0.3936043872987808 
0.4326570148804708 
0.5808802577312894 
0.3985173303532408 
0.2505459310380500 
0.2499145481610024 
0.5005818027235104 
0.6444629612473542 
0.7104275753443913 
0.2899317009606606 
0.0992439603653130 
0.3472409747290797 
0.4082362987724459 
0.1395612270288798 
0.2365431025251538 
0.6782675787231673 
0.5780992409640592 
0.2190745452253434 
0.2491236191713818 
0.1683448463318438 
0.7168767503116528 
0.8243542869517566 
0.3499260163926472 
0.7200216736355575 
0.4801796328049138 
0.7506507615108332 
0.6307567892822010 
0.3032862983922353 
0.5970030005064062 
0.8892168632347814 
0.2337303122384184 
0.2262008013730339 
0.8445359494197803 
0.6922128322926859 
0.8946214221091310 
0.1552199255465977 
0.7230507281991955 
0.6791066766000283 
0.2231558796581981 
0.6477725057927454 
0.9918826498174071 
0.4220683493218947 
0.5454456337446127 
0.7632338846124506 
0.5628407965132167 
0.4451187067538009 
0.8746116232703132 
0.5088255961944205 
0.4311334790690543 
0.8023722230894088 
0.4617721682267202 
0.4308520851691507 
0.3256607633129467 
0.6865181387137392 
0.8592628423949862 
0.1880357130130383 
0.7082630392768140 
0.0685270998568824 
0.9399004624726311 
0.4397006774318598 
0.6164358180128723 
0.1261369682341341 
0.6701760282978104 
0.9483666075257779 
0.7273688176827551 
0.3541391662684897 
0.7342079225521304 
0.0545730607639766 
0.3423280979024581 
0.3166964630666848 
0.2357270876125131 
0.3940752160437854 
0.2273634840431251 
0.7542635081225630 
0.2225248430192856 
0.5248825364009628 
0.0313416784358212 
0.5780071200540214 
0.5310820530281387 
0.2333982248451490 
0.6135624118049795 
0.4895888819656411 
0.5955203870726942 
0.4781225658838842 
0.4688312471236883 
0.3380770947997331 
0.0523064051112045 
0.1387139617522603 
0.6706668976411718 
0.4449305334182448 
0.5502862786231192 
0.1245564580153039 
0.6113738302415515 
0.5101353485953932 
0.7790928661470908 
0.7996384962842172 
0.4055753062085485 
0.4513448161923841 
0.7781474379062927 
0.2620084474714289 
0.1472310291994261 
0.7202502675290271 
0.5482643308437453 
0.4982978500376439 
0.5795900297565177 
0.3282567266639189 
0.7603298118646690 
0.2547427091039513 
0.6185706195167138 
0.7380477474867034 
0.5168254172761696 
0.2605104383505965 
0.3894949777831799 
0.6036929060638924 
0.4972103115331007 
0.3546330956016238 
0.4745793831236020 
0.7557888187060654 
0.4724247977066828 
0.3304495665711882 
0.1257750220881589 
0.1199682328170130 
0.3685209453942105 
0.3504576412676366 
0.4865553363720233 
0.5437097190529243 
0.2411424681867442 
0.3326532174724413 
0.3855890476501366 
0.7363255161689517 
0.3187684008684251 
0.5021654049488523 
0.6764067431347514 
0.2218476694138883 
0.2285025444524254 
0.3827338780125621 
0.6037712016656402 
0.7803313550927591 
0.8885241654396576 
0.7184112397723175 
0.5009556310732214 
0.3609417328392104 
0.5659706081437369 
0.8714580669682604 
0.3758373534149665 
0.5884160481047856 
0.9383196919740106 
0.3118455832132606 
0.7809789783435552 
0.5846614289810235 
0.1033634203222799 
0.7876215974540961 
0.2867784580684363 
0.3368330015033460 
0.3808779383936148 
0.2288738964265785 
0.3988125222326592 
0.2567330232389555 
0.6655242764180928 
0.4122169206866593 
0.2437066659906450 
0.6684996292378163 
0.3838430127447124 
0.5832997031316867 
0.5816714353865119 
0.2005383354880833 
0.1381514149209440 
0.1791317914199958 
0.4046782706268592 
0.5904907634765117 
0.4606839551427688 
0.8463753864288329 
0.8469567245377810 
0.1930135564174369 
0.1710032575965635 
0.5525070304031431 
0.3597895918738397 
0.3603548316800701 
0.4343534383717576 
0.7214542667649275 
0.5965927999720636 
0.6661845847660671 
0.1047850724480522 
0.5928240382258664 
0.3188140893342701 
0.2412530139949682 
0.6685159493955584 
0.3892470243335138 
0.8472098827701825 
0.4573152891362511 
0.4066117898492792 
0.1597338244737377 
0.6460990137935440 
0.9268503378361354 
0.1464308365177311 
0.1835420151214707 
0.6444494350769910 
0.3733445290266659 
0.3776367163962815 
0.4335535861726675 
0.3925856183941270 
0.4579900552138972 
0.2620850642536380 
0.3232139570930427 
0.4300436782497873 
0.4446260178891392 
0.9109295293648954 
0.5811100830421594 
0.4487783497899747 
0.2717551669700440 
0.1804998832875489 
0.5131334285252387 
0.3329398401705291 
0.8710797086943172 
0.1834011701720834 
0.5458504911218325 
0.5184122158703669 
0.2923917182228926 
0.3457479141064912 
0.2928962223057863 
0.1790632631724025 
0.2852261591537314 
0.0344992499997707 
0.3853942231302883 
0.1031818744938698 
0.4600453503697458 
0.2292593403168304 
0.6981537196638955 
0.7924811861571250 
0.3144634564029358 
0.2178620728099672 
0.6937209174111258 
0.2442347575945551 
0.1724441254953275 
0.6340168994987032 
0.9608860963395809 
0.4570799853696943 
0.2083835277736031 
0.4528236908981295 
0.6398748722661353 
0.5317149818156286 
0.2614340827434219 
0.3744350691542395 
0.4741995714560049 
0.3229825543375535 
0.6933947446481343 
0.5252249974086702 
0.7962442584644126 
0.3113048136025237 
0.3743491628204193 
0.7597438242456921 
0.2429022685433672 
0.6948496343980672 
0.9372898459022414 
0.4600517826011980 
0.3774931786556666 
0.5196356398654822 
0.7043777912516427 
0.5531403545465362 
0.3249430542321458 
0.7347060250395038 
0.1516598298715215 
0.5831538846729762 
0.0961813977588476 
0.5376090081601876 
0.6880851084749610 
0.5495015093311182 
0.5480751847288494 
0.6970094272524681 
0.0123285095595083 
0.2006639623436891 
0.5229037344224726 
0.2992066489124172 
0.3114652521033530 
0.4745419853001414 
0.7442740288462049 
0.5920569046153669 
0.1419526073844602 
0.6428800750980787 
0.3934758200029439 
0.2038012998564938 
0.1974491458360372 
0.3274169185279484 
0.2026180789498453 
0.6069543191164578 
0.7168349506176224 
0.8600855518717102 
0.1508152209733264 
0.5530716869011340 
0.5209548155077200 
0.7454217840856728 
0.4297396383086696 
0.8075041162642884 
0.6036249864800919 
0.1861170177799118 
0.5045668840868179 
0.3330445187959057 
0.3925510165403939 
0.6657715897819769 
0.8953000492199549 
0.3837413102326204 
0.4879144562326739 
0.4243198885403565 
0.3167504978709758 
0.1537714554092658 
0.2494149181597080 
0.7177158652819683 
0.3227365528595189 
0.6873016473522484 
0.2520209580500072 
0.7430533554614538 
0.4147051607977555 
0.6298644869360346 
0.1878397686538443 
0.2865772684133847 
0.9231171603753109 
0.2372359518259405 
0.7154621890517169 
0.6462235808662906 
0.6581149810088397 
0.7383698457118824 
0.3160105355390437 
0.5315978013840272 
0.3121690843454820 
0.3459630729773736 
0.7017578438067255 
0.4403753434523153 
0.4678688366943787 
0.3485062541248049 
0.7944196692034819 
0.3586060005601286 
0.4683537792859010 
0.4105449587977524 
0.4329461594367671 
0.6506685472307563 
0.7496849428236513 
0.3897035636193106 
0.4369014269112944 
0.8724415583854975 
0.2500273480851484 
0.1614691992316837 
0.2136822218189315 
0.5021535764954436 
0.1428884806009695 
0.4949528750362583 
0.7636884792117621 
0.4915335908553587 
0.3039124330826521 
0.1996548514806813 
0.8720704395144803 
0.3128172081486814 
0.6971458850397336 
0.3231168746391007 
0.2742732176853325 
0.5228330572603317 
0.6046966178057191 
0.5758403482911936 
0.4469319575973122 
0.6947802110537344 
0.1699696619343432 
0.7524842896117364 
0.3884694399485415 
0.8089981664696402 
0.3670482445948685 
0.6282000381699996 
0.8867580705607856 
0.4917473721263106 
0.1727241885579357 
0.4255239399359994 
0.2360868016287267 
0.5076056978847105 
0.4457318910656606 
0.2527068879794415 
0.3855130454644269 
0.7116514217711031 
0.6586428242540863 
0.3664708419680601 
0.5401569515947319 
0.3208944074953143 
0.4594270207180027 
0.2134624116905231 
0.6162079668623668 
0.8149379612910509 
0.7431651473864425 
0.5285855842516554 
0.4178644599875260 
0.2749473599005540 
0.7877581606475694 
0.7461226522913262 
0.3431051082486194 
0.1513007496327638 
0.2958902695076109 
0.7182597161528259 
0.7698833919310545 
0.7454919521698465 
0.5748936236742047 
0.6004121352510902 
0.5457259072662329 
0.5223626182314690 
0.4493735046719978 
0.3618576066390074 
0.2146163622416979 
0.7665683926061608 
0.8165304655490478 
0.1445653737463181 
0.6349641984946134 
0.6164244959525342 
0.1658179086244850 
0.6003897392364075 
0.9918918338198660 
0.1989839796687311 
0.1497270456675125 
0.2064096445874849 
0.7575098327643963 
0.6495338400631224 
0.9552493236687392 
0.5239004688590158 
0.1941780629635113 
0.6668974090390405 
0.5808842153644342 
0.2775592069516730 
0.2482864178068160 
0.2994512976840720 
0.6986153553284009 
0.3658694682316485 
0.3973946849942818 
0.2283890822727983 
0.8546016070956226 
0.8974891090887833 
0.5566822065585346 
0.8280320392354844 
0.8943888394715727 
0.5311198516305152 
0.1345898140023261 
0.3550342769403536 
0.8707826464400451 
0.4681095781996616 
0.5687699095892914 
0.1265555917995481 
0.7065027237048174 
0.1962320805839366 
0.5298080816905170 
0.7452207540041649 
0.8778206234430246 
0.3031536589523908 
0.4769960375352069 
0.5706447322946787 
0.5615273878869619 
0.5752074665482284 
0.3302945728337991 
0.6146495760484499 
0.1566363929741026 
0.3154456160660102 
0.4879630111730789 
0.4517681342931634 
0.3699587966075282 
0.3233571714401500 
0.7129245075795279 
0.3171124724025894 
0.7013421398165833 
0.3979889521378676 
0.7899741321736899 
0.6178880497275389 
0.2032190627660063 
0.7203935402207310 
0.6752171863784625 
0.6987153921574690 
0.1317161860153886 
0.1813217720202409 
0.3746874845902886 
0.4512640581220427 
0.3919115958584363 
0.5338836220778673 
0.5324947433933727 
0.3505991201079185 
0.8544188182838913 
0.9366900041272112 
0.4633660155244055 
0.8269391089335403 
0.6129944718126594 
0.1159405431954382 
0.6130196602896921 
0.9217680241592695 
0.2834804597214662 
0.1314114858977201 
0.5236154313072378 
0.0876845021264676 
0.6801330597446945 
0.6089943286106150 
0.4718841816203814 
0.3688840664751659 
0.2259453457067799 
0.7183582929224230 
0.7409566920832412 
0.7038848918913039 
0.5589429283334598 
0.3670121930820809 
0.3697399558319180 
0.2743094483018963 
0.7614475880493662 
0.7921147149457157 
0.2614576119269367 
0.6295229183474516 
0.4775731405003005 
0.1619483729009260 
0.6556135962371301 
0.5311109230244669 
0.0657753798561912 
0.2470017065436276 
0.3134900625340659 
0.6954687355404596 
0.6730976790471475 
0.2627056667991487 
0.6506651884739670 
0.4735486553614294 
0.2020753148941140 
0.3106249029966404 
0.6579524331613755 
0.4856261138400428 
0.4925569785168906 
0.5623957567632827 
0.5431213058437218 
0.3634558913463664 
0.8756176509716451 
0.9315809628031094 
0.5806115173637360 
0.6290433659694449 
0.8455780794446648 
0.8709473144569614 
0.8594013058303066 
0.4692060181355276 
0.3365381497931567 
0.1329167475094358 
0.5350744833772713 
0.5135257764670695 
0.1437904952411683 
0.3001617459443549 
0.6136577107311311 
0.7487564849625724 
0.5055778806014165 
0.7041078803254953 
0.6022851915794863 
0.0442554066332099 
0.8158065049633583 
0.5693879670112919 
0.5555369586487551 
0.2329911725151885 
0.7784394958573209 
0.1648406282005413 
0.4290169786415376 
0.3238183053731385 
0.7623000624666070 
0.2717799418173505 
0.2568472752632674 
0.5339995584990128 
0.5941941612467321 
0.6879649273405504 
0.6725657187612512 
0.1205813458201580 
0.6094854009641429 
0.3056513859587452 
0.4488578915842472 
0.1831819026724847 
0.5268849384811115 
0.7443802097102289 
0.7004634838625705 
0.1993728580535897 
0.4658758372388885 
0.5195707672921855 
0.4865666904626372 
0.6285705762643642 
0.5311643960892545 
0.7149626213074298 
0.5891899703287381 
0.7633071103077146 
0.4805125983032982 
0.7732088027235439 
0.6990301100828608 
0.3993252093381807 
0.5095251072008815 
0.6229195934158157 
0.8922431076129616 
0.4260312941324465 
0.5984574494762797 
0.4132790664944376 
0.3252094276662897 
0.2862095618774356 
0.2778630967295512 
0.5848470560587622 
0.2551308575662923 
0.5509260828657586 
0.8031481109701610 
0.5032009327713608 
0.9292339469555239 
0.9130615422885677 
0.2863768702576012 
0.6210767599460733 
0.4661483707010985 
0.6105918419039815 
0.1216057706315024 
0.6047981008089163 
0.7359512631730076 
0.5395819618633103 
0.3812343660306768 
0.4633400249319196 
0.5733267979566729 
0.4719256846494532 
0.7184738510815435 
0.1216105920769775 
0.8783863065848253 
0.5257799133730383 
0.9658317998941349 
0.1949374116232334 
0.5566900466955915 
0.4430886066027060 
0.7852246933014001 
0.7854372987484782 
0.2896914662891765 
0.7931038928541113 
0.1422988790676771 
0.6424105414481006 
0.3326444765756671 
0.3419636041905691 
0.1508887437437671 
0.3328123491265843 
0.4466172190809948 
0.2192679296401799 
0.1326628918256571 
0.5059844665461344 
0.2730000754845254 
0.0895161386467742 
0.1929036826915214 
0.8757864327702520 
0.6553214172348334 
0.7112053451954629 
0.5074512619568601 
0.3798903407193804 
0.6040347443441193 
0.1977457934618340 
0.5253717158055586 
0.1084354268107215 
0.3910832179123451 
0.8926950501504568 
0.7831560863503663 
0.3596892959585765 
0.4092824061645100 
0.4469677164644510 
0.6699363922462055 
0.6742258364032901 
0.5325311741530494 
0.5823234924348991 
0.3361801841308712 
0.2566886934078270 
0.4047270280650860 
0.1761958784423943 
0.4500054298852734 
0.6185987452515053 
0.3688952704426797 
0.3489934752294391 
0.1937278629042191 
0.7036297825451445 
0.5182758708536933 
0.7240217188049158 
0.1484785017038424 
0.6283781313895461 
0.7696459656393246 
0.1319260262522245 
0.7470993595862558 
0.5317009136079075 
0.5029565025805685 
0.5314556432970495 
0.5656737497895574 
0.8355330260412288 
0.8556841264353936 
0.4728887995056263 
0.3312511020718232 
0.1669565723166068 
0.6709607210152753 
0.2685510944849760 
0.3647348934479543 
0.5838199695756444 
0.5069525537431520 
0.2876084910510226 
0.3966266407220216 
0.5340984993547747 
0.4311741000482213 
0.9069189673025430 
0.2902630618808089 
0.2633122057066106 
0.6167326116071588 
0.3057566674601676 
0.5693508165421637 
0.4650153337380468 
0.5461404701760095 
0.4938432321418880 
0.4518370489688214 
0.3539902718481089 
0.1439464478583281 
0.7435495420619058 
0.5782589178052360 
0.7714297202022879 
0.8100300141209279 
0.6453576012694712 
0.8096597569597508 
0.8265716630593921 
0.1957124974102804 
0.4593744084198723 
0.5313775314883498 
0.6187247962098564 
0.6992635775351220 
0.6456535470370213 
0.6354163082960869 
0.3447686663982910 
0.3373432565783698 
0.6753595801484062 
0.4118592162358570 
0.5054825126852436 
0.3414364963850899 
0.3181901457599404 
0.7775746059357811 
0.5594874953214660 
0.2472570362477733 
0.2334228043191378 
0.6143470740839716 
0.4044582052409142 
0.5615926442308040 
0.4522347870524689 
0.6475759685202139 
0.5941832092743579 
0.3645451200324732 
0.4961776293227101 
0.8716599518497219 
0.5015534764718478 
0.1841360494708868 
0.3247979945113856 
0.1674666035132707 
0.5758488851589411 
0.4750003943068685 
0.7046881722788302 
0.4227080998382499 
0.4277972256052422 
0.5012806235257617 
0.1088894405727648 
0.2367631785791680 
0.5697948277144538 
0.5494064374486050 
0.5984210236187014 
0.3032430929853956 
0.3733598442067722 
0.5806054975403270 
0.8478846067678437 
0.3291055039999172 
0.4156265341786892 
0.5439100513366208 
0.4905349722010584 
0.3099925189841519 
0.4279314363736506 
0.5293708746826447 
0.3431554347562555 
0.4946811469892403 
0.2991523682200971 
0.3310193914851080 
0.5385610046001384 
0.5393366772568179 
0.4568258830266513 
