# Photoabsorption spectrum from real-time propagation
# GPAW version: 19.8.1
# Total time = 44.9700 fs, Time steps = [30.0000] as
# Kick = [1e-05, 0, 0]
# Gaussian folding, Width = 0.0600 eV = 0.002205 Hartree <=> FWHM = 0.141289 eV
#    om (eV)                  S_x                  S_y                  S_z
    0.000000     0.0000000000e+00     0.0000000000e+00     0.0000000000e+00
    0.050000    -2.2813918682e-03    -0.0000000000e+00    -0.0000000000e+00
    0.100000    -4.9732133787e-03    -0.0000000000e+00    -0.0000000000e+00
    0.150000    -5.1653467362e-03    -0.0000000000e+00    -0.0000000000e+00
    0.200000    -4.7223706459e-03    -0.0000000000e+00    -0.0000000000e+00
    0.250000    -4.4813617611e-03    -0.0000000000e+00    -0.0000000000e+00
    0.300000    -4.4812292346e-03    -0.0000000000e+00    -0.0000000000e+00
    0.350000    -4.4271853599e-03    -0.0000000000e+00    -0.0000000000e+00
    0.400000    -4.4272249134e-03    -0.0000000000e+00    -0.0000000000e+00
    0.450000    -4.3220899850e-03    -0.0000000000e+00    -0.0000000000e+00
    0.500000    -4.3420953533e-03    -0.0000000000e+00    -0.0000000000e+00
    0.550000    -4.3568013448e-03    -0.0000000000e+00    -0.0000000000e+00
    0.600000    -4.4214008326e-03    -0.0000000000e+00    -0.0000000000e+00
    0.650000    -4.5544210448e-03    -0.0000000000e+00    -0.0000000000e+00
    0.700000    -4.6059673300e-03    -0.0000000000e+00    -0.0000000000e+00
    0.750000    -4.8047540048e-03    -0.0000000000e+00    -0.0000000000e+00
    0.800000    -4.7259996708e-03    -0.0000000000e+00    -0.0000000000e+00
    0.850000    -4.8542303079e-03    -0.0000000000e+00    -0.0000000000e+00
    0.900000    -4.8026733562e-03    -0.0000000000e+00    -0.0000000000e+00
    0.950000    -5.1599151403e-03    -0.0000000000e+00    -0.0000000000e+00
    1.000000    -5.2390767958e-03    -0.0000000000e+00    -0.0000000000e+00
    1.050000    -4.3974932133e-03    -0.0000000000e+00    -0.0000000000e+00
    1.100000     6.9261170177e-03    -0.0000000000e+00    -0.0000000000e+00
    1.150000     5.5482712505e-02    -0.0000000000e+00    -0.0000000000e+00
    1.200000     1.3927333730e-01     0.0000000000e+00    -0.0000000000e+00
    1.250000     1.6553622344e-01     0.0000000000e+00    -0.0000000000e+00
    1.300000     9.5846466379e-02     0.0000000000e+00    -0.0000000000e+00
    1.350000     2.4549140107e-02     0.0000000000e+00    -0.0000000000e+00
    1.400000    -3.5276274163e-03    -0.0000000000e+00    -0.0000000000e+00
    1.450000    -8.6752480503e-03    -0.0000000000e+00    -0.0000000000e+00
    1.500000     2.1022109066e-03    -0.0000000000e+00    -0.0000000000e+00
    1.550000     5.0297030732e-02     0.0000000000e+00    -0.0000000000e+00
    1.600000     1.3545825635e-01     0.0000000000e+00    -0.0000000000e+00
    1.650000     3.1688369478e-01     0.0000000000e+00    -0.0000000000e+00
    1.700000     7.5939603434e-01     0.0000000000e+00     0.0000000000e+00
    1.750000     1.2173300506e+00     0.0000000000e+00     0.0000000000e+00
    1.800000     1.1268530133e+00    -0.0000000000e+00     0.0000000000e+00
    1.850000     5.9703073188e-01    -0.0000000000e+00     0.0000000000e+00
    1.900000     1.7743014471e-01     0.0000000000e+00    -0.0000000000e+00
    1.950000     2.1989671947e-02     0.0000000000e+00    -0.0000000000e+00
    2.000000    -6.8562557741e-03    -0.0000000000e+00    -0.0000000000e+00
    2.050000    -5.9661376334e-03    -0.0000000000e+00    -0.0000000000e+00
    2.100000    -1.8246169214e-03     0.0000000000e+00    -0.0000000000e+00
    2.150000    -3.6228386581e-03     0.0000000000e+00     0.0000000000e+00
    2.200000    -4.9842917735e-03     0.0000000000e+00     0.0000000000e+00
    2.250000     4.9155264479e-03     0.0000000000e+00    -0.0000000000e+00
    2.300000     8.2288512471e-02     0.0000000000e+00    -0.0000000000e+00
    2.350000     3.8822043404e-01     0.0000000000e+00    -0.0000000000e+00
    2.400000     8.7227649685e-01     0.0000000000e+00    -0.0000000000e+00
    2.450000     1.0155968534e+00     0.0000000000e+00    -0.0000000000e+00
    2.500000     1.0987368424e+00     0.0000000000e+00     0.0000000000e+00
    2.550000     3.9795155832e+00     0.0000000000e+00     0.0000000000e+00
    2.600000     1.3459364469e+01     0.0000000000e+00     0.0000000000e+00
    2.650000     2.4710470581e+01     0.0000000000e+00     0.0000000000e+00
    2.700000     2.6289682618e+01    -0.0000000000e+00     0.0000000000e+00
    2.750000     1.9641341041e+01    -0.0000000000e+00     0.0000000000e+00
    2.800000     1.1500825235e+01     0.0000000000e+00     0.0000000000e+00
    2.850000     4.7734845104e+00     0.0000000000e+00     0.0000000000e+00
    2.900000     1.8331176665e+00     0.0000000000e+00     0.0000000000e+00
    2.950000     1.4401157348e+00     0.0000000000e+00     0.0000000000e+00
    3.000000     1.1068667693e+00     0.0000000000e+00     0.0000000000e+00
    3.050000     5.7879143710e-01    -0.0000000000e+00     0.0000000000e+00
    3.100000     4.4527344355e-01     0.0000000000e+00     0.0000000000e+00
    3.150000     4.6483859138e-01     0.0000000000e+00     0.0000000000e+00
    3.200000     2.9749114707e-01    -0.0000000000e+00     0.0000000000e+00
    3.250000     1.5502824367e-01    -0.0000000000e+00     0.0000000000e+00
    3.300000     3.8825534797e-01    -0.0000000000e+00     0.0000000000e+00
    3.350000     1.1736655375e+00     0.0000000000e+00     0.0000000000e+00
    3.400000     1.8483024574e+00     0.0000000000e+00     0.0000000000e+00
    3.450000     1.4853640087e+00     0.0000000000e+00     0.0000000000e+00
    3.500000     6.8534395881e-01     0.0000000000e+00     0.0000000000e+00
    3.550000     4.5957962189e-01    -0.0000000000e+00     0.0000000000e+00
    3.600000     7.7960242321e-01    -0.0000000000e+00     0.0000000000e+00
    3.650000     9.8307543029e-01     0.0000000000e+00     0.0000000000e+00
    3.700000     9.0364433441e-01     0.0000000000e+00     0.0000000000e+00
    3.750000     1.0814697316e+00     0.0000000000e+00     0.0000000000e+00
    3.800000     1.3631044335e+00     0.0000000000e+00    -0.0000000000e+00
    3.850000     1.4731818106e+00     0.0000000000e+00    -0.0000000000e+00
    3.900000     2.0172823355e+00     0.0000000000e+00     0.0000000000e+00
    3.950000     2.7384263988e+00     0.0000000000e+00     0.0000000000e+00
    4.000000     2.6069042999e+00    -0.0000000000e+00     0.0000000000e+00
    4.050000     1.7428806236e+00     0.0000000000e+00     0.0000000000e+00
    4.100000     9.8801505974e-01     0.0000000000e+00     0.0000000000e+00
    4.150000     5.9157379087e-01     0.0000000000e+00     0.0000000000e+00
    4.200000     4.9993356658e-01     0.0000000000e+00     0.0000000000e+00
    4.250000     5.9327679124e-01     0.0000000000e+00     0.0000000000e+00
    4.300000     5.1062935608e-01     0.0000000000e+00     0.0000000000e+00
    4.350000     2.5189667092e-01     0.0000000000e+00    -0.0000000000e+00
    4.400000     8.4045758539e-02     0.0000000000e+00    -0.0000000000e+00
    4.450000     8.8787448251e-02     0.0000000000e+00     0.0000000000e+00
    4.500000     2.7706340155e-01     0.0000000000e+00     0.0000000000e+00
    4.550000     6.0596654321e-01     0.0000000000e+00     0.0000000000e+00
    4.600000     8.6968696618e-01    -0.0000000000e+00     0.0000000000e+00
    4.650000     9.1264740181e-01    -0.0000000000e+00     0.0000000000e+00
    4.700000     7.2564779861e-01     0.0000000000e+00     0.0000000000e+00
    4.750000     4.1188349556e-01     0.0000000000e+00     0.0000000000e+00
    4.800000     2.0428615293e-01     0.0000000000e+00     0.0000000000e+00
    4.850000     1.6474263553e-01     0.0000000000e+00     0.0000000000e+00
    4.900000     1.7482896687e-01     0.0000000000e+00     0.0000000000e+00
    4.950000     2.0529940687e-01     0.0000000000e+00     0.0000000000e+00
    5.000000     3.2067057332e-01    -0.0000000000e+00     0.0000000000e+00
    5.050000     5.5625700129e-01    -0.0000000000e+00     0.0000000000e+00
    5.100000     8.6460155728e-01    -0.0000000000e+00     0.0000000000e+00
    5.150000     9.5355352702e-01     0.0000000000e+00     0.0000000000e+00
    5.200000     6.9273698932e-01     0.0000000000e+00     0.0000000000e+00
    5.250000     3.7888094717e-01     0.0000000000e+00    -0.0000000000e+00
    5.300000     2.0865908373e-01     0.0000000000e+00    -0.0000000000e+00
    5.350000     1.4649886855e-01     0.0000000000e+00    -0.0000000000e+00
    5.400000     1.1433046023e-01    -0.0000000000e+00     0.0000000000e+00
    5.450000     8.5130776085e-02    -0.0000000000e+00     0.0000000000e+00
    5.500000     8.2396379724e-02     0.0000000000e+00     0.0000000000e+00
    5.550000     1.2416112418e-01     0.0000000000e+00     0.0000000000e+00
    5.600000     1.8060573440e-01     0.0000000000e+00     0.0000000000e+00
    5.650000     2.1927351844e-01     0.0000000000e+00     0.0000000000e+00
    5.700000     2.1073129339e-01     0.0000000000e+00     0.0000000000e+00
    5.750000     1.5520423419e-01     0.0000000000e+00     0.0000000000e+00
    5.800000     1.1538431547e-01     0.0000000000e+00     0.0000000000e+00
    5.850000     1.4197625485e-01    -0.0000000000e+00     0.0000000000e+00
    5.900000     1.8964828203e-01    -0.0000000000e+00     0.0000000000e+00
    5.950000     1.7132835167e-01     0.0000000000e+00     0.0000000000e+00
    6.000000     1.1287379216e-01    -0.0000000000e+00     0.0000000000e+00
    6.050000     9.9741809277e-02    -0.0000000000e+00     0.0000000000e+00
    6.100000     1.2644422237e-01     0.0000000000e+00     0.0000000000e+00
    6.150000     1.2861145292e-01     0.0000000000e+00    -0.0000000000e+00
    6.200000     1.1713661219e-01     0.0000000000e+00    -0.0000000000e+00
    6.250000     1.4947787893e-01     0.0000000000e+00    -0.0000000000e+00
    6.300000     2.0797705529e-01     0.0000000000e+00    -0.0000000000e+00
    6.350000     2.0512438379e-01     0.0000000000e+00     0.0000000000e+00
    6.400000     1.4311256616e-01     0.0000000000e+00     0.0000000000e+00
    6.450000     9.7520658329e-02     0.0000000000e+00     0.0000000000e+00
    6.500000     7.0682811981e-02     0.0000000000e+00     0.0000000000e+00
    6.550000     4.6880689607e-02    -0.0000000000e+00     0.0000000000e+00
    6.600000     3.5786075897e-02    -0.0000000000e+00     0.0000000000e+00
    6.650000     3.4314857773e-02     0.0000000000e+00     0.0000000000e+00
    6.700000     2.9330293560e-02     0.0000000000e+00     0.0000000000e+00
    6.750000     3.0532707468e-02     0.0000000000e+00     0.0000000000e+00
    6.800000     4.5603370892e-02    -0.0000000000e+00    -0.0000000000e+00
    6.850000     6.2993259866e-02     0.0000000000e+00     0.0000000000e+00
    6.900000     8.2427125363e-02     0.0000000000e+00     0.0000000000e+00
    6.950000     1.0326714970e-01     0.0000000000e+00     0.0000000000e+00
    7.000000     1.0321792458e-01     0.0000000000e+00     0.0000000000e+00
    7.050000     8.4913145964e-02     0.0000000000e+00     0.0000000000e+00
    7.100000     6.5016322685e-02     0.0000000000e+00     0.0000000000e+00
    7.150000     4.5524504579e-02     0.0000000000e+00    -0.0000000000e+00
    7.200000     3.3111493314e-02    -0.0000000000e+00    -0.0000000000e+00
    7.250000     2.5926038032e-02    -0.0000000000e+00     0.0000000000e+00
    7.300000     2.2242919800e-02    -0.0000000000e+00     0.0000000000e+00
    7.350000     2.5762271291e-02     0.0000000000e+00     0.0000000000e+00
    7.400000     3.1604516328e-02     0.0000000000e+00     0.0000000000e+00
    7.450000     3.1156911995e-02     0.0000000000e+00     0.0000000000e+00
    7.500000     2.7173612529e-02     0.0000000000e+00     0.0000000000e+00
    7.550000     2.5734387689e-02     0.0000000000e+00    -0.0000000000e+00
    7.600000     2.7311964519e-02     0.0000000000e+00    -0.0000000000e+00
    7.650000     2.9102389260e-02     0.0000000000e+00     0.0000000000e+00
    7.700000     2.6293340059e-02     0.0000000000e+00     0.0000000000e+00
    7.750000     2.0351771890e-02    -0.0000000000e+00     0.0000000000e+00
    7.800000     1.4361489770e-02    -0.0000000000e+00    -0.0000000000e+00
    7.850000     1.2094696439e-02     0.0000000000e+00    -0.0000000000e+00
    7.900000     1.4703265372e-02     0.0000000000e+00    -0.0000000000e+00
    7.950000     2.1550313143e-02    -0.0000000000e+00    -0.0000000000e+00
    8.000000     2.9009953667e-02     0.0000000000e+00     0.0000000000e+00
    8.050000     3.2028290302e-02     0.0000000000e+00     0.0000000000e+00
    8.100000     2.9415651568e-02     0.0000000000e+00     0.0000000000e+00
    8.150000     2.5133131899e-02     0.0000000000e+00     0.0000000000e+00
    8.200000     2.3160478345e-02     0.0000000000e+00     0.0000000000e+00
    8.250000     2.2498272406e-02     0.0000000000e+00     0.0000000000e+00
    8.300000     2.2714606955e-02     0.0000000000e+00     0.0000000000e+00
    8.350000     2.3434039950e-02     0.0000000000e+00     0.0000000000e+00
    8.400000     2.5840508313e-02     0.0000000000e+00     0.0000000000e+00
    8.450000     2.5791631765e-02     0.0000000000e+00     0.0000000000e+00
    8.500000     2.0251391156e-02     0.0000000000e+00     0.0000000000e+00
    8.550000     1.4008873119e-02     0.0000000000e+00     0.0000000000e+00
    8.600000     1.3234525877e-02     0.0000000000e+00     0.0000000000e+00
    8.650000     1.5746062278e-02     0.0000000000e+00     0.0000000000e+00
    8.700000     1.5558201966e-02     0.0000000000e+00     0.0000000000e+00
    8.750000     1.4411403871e-02     0.0000000000e+00    -0.0000000000e+00
    8.800000     1.4575028209e-02    -0.0000000000e+00    -0.0000000000e+00
    8.850000     1.5463350556e-02    -0.0000000000e+00    -0.0000000000e+00
    8.900000     1.4246292296e-02     0.0000000000e+00     0.0000000000e+00
    8.950000     1.1509341784e-02     0.0000000000e+00     0.0000000000e+00
    9.000000     1.0031312100e-02     0.0000000000e+00     0.0000000000e+00
    9.050000     1.2091347344e-02     0.0000000000e+00     0.0000000000e+00
    9.100000     1.5594975722e-02     0.0000000000e+00     0.0000000000e+00
    9.150000     1.8360513110e-02     0.0000000000e+00    -0.0000000000e+00
    9.200000     1.9706188833e-02     0.0000000000e+00     0.0000000000e+00
    9.250000     1.9633828579e-02     0.0000000000e+00     0.0000000000e+00
    9.300000     1.8986199295e-02    -0.0000000000e+00     0.0000000000e+00
    9.350000     1.6567241816e-02    -0.0000000000e+00     0.0000000000e+00
    9.400000     1.4028861580e-02    -0.0000000000e+00     0.0000000000e+00
    9.450000     1.2452204170e-02     0.0000000000e+00     0.0000000000e+00
    9.500000     1.2829279042e-02     0.0000000000e+00     0.0000000000e+00
    9.550000     1.3456669443e-02     0.0000000000e+00     0.0000000000e+00
    9.600000     1.2388092924e-02     0.0000000000e+00     0.0000000000e+00
    9.650000     1.0718040804e-02     0.0000000000e+00    -0.0000000000e+00
    9.700000     1.0767445066e-02     0.0000000000e+00    -0.0000000000e+00
    9.750000     1.1334842149e-02     0.0000000000e+00    -0.0000000000e+00
    9.800000     1.0509789756e-02     0.0000000000e+00     0.0000000000e+00
    9.850000     1.0208590952e-02     0.0000000000e+00     0.0000000000e+00
    9.900000     1.2763578681e-02     0.0000000000e+00     0.0000000000e+00
    9.950000     1.7685707198e-02     0.0000000000e+00     0.0000000000e+00
   10.000000     1.9216284145e-02     0.0000000000e+00     0.0000000000e+00
   10.050000     1.4773690996e-02     0.0000000000e+00     0.0000000000e+00
   10.100000     8.5118850435e-03     0.0000000000e+00     0.0000000000e+00
   10.150000     6.8407081903e-03    -0.0000000000e+00     0.0000000000e+00
   10.200000     8.9706513499e-03    -0.0000000000e+00     0.0000000000e+00
   10.250000     9.3090553237e-03    -0.0000000000e+00     0.0000000000e+00
   10.300000     6.3521933261e-03     0.0000000000e+00     0.0000000000e+00
   10.350000     4.5570373714e-03     0.0000000000e+00     0.0000000000e+00
   10.400000     6.7688136907e-03     0.0000000000e+00     0.0000000000e+00
   10.450000     9.1395815739e-03     0.0000000000e+00     0.0000000000e+00
   10.500000     9.6502321663e-03     0.0000000000e+00    -0.0000000000e+00
   10.550000     9.9924968617e-03     0.0000000000e+00    -0.0000000000e+00
   10.600000     1.2415036446e-02     0.0000000000e+00     0.0000000000e+00
   10.650000     1.4659254624e-02    -0.0000000000e+00     0.0000000000e+00
   10.700000     1.4262805205e-02    -0.0000000000e+00     0.0000000000e+00
   10.750000     1.1626768850e-02     0.0000000000e+00     0.0000000000e+00
   10.800000     9.6408848924e-03     0.0000000000e+00     0.0000000000e+00
   10.850000     8.7077608688e-03     0.0000000000e+00     0.0000000000e+00
   10.900000     7.9431494739e-03     0.0000000000e+00    -0.0000000000e+00
   10.950000     9.4630219260e-03     0.0000000000e+00    -0.0000000000e+00
   11.000000     1.3265959923e-02     0.0000000000e+00    -0.0000000000e+00
   11.050000     1.6084483587e-02    -0.0000000000e+00     0.0000000000e+00
   11.100000     1.4570099353e-02    -0.0000000000e+00     0.0000000000e+00
   11.150000     1.1429646285e-02     0.0000000000e+00     0.0000000000e+00
   11.200000     1.0282564017e-02     0.0000000000e+00     0.0000000000e+00
   11.250000     1.1199686494e-02     0.0000000000e+00     0.0000000000e+00
   11.300000     1.1893736823e-02     0.0000000000e+00     0.0000000000e+00
   11.350000     1.2088855686e-02     0.0000000000e+00    -0.0000000000e+00
   11.400000     1.2760311985e-02     0.0000000000e+00     0.0000000000e+00
   11.450000     1.3498646375e-02     0.0000000000e+00     0.0000000000e+00
   11.500000     1.4019411088e-02     0.0000000000e+00     0.0000000000e+00
   11.550000     1.4624334704e-02     0.0000000000e+00     0.0000000000e+00
   11.600000     1.5392427797e-02     0.0000000000e+00     0.0000000000e+00
   11.650000     1.5795608851e-02     0.0000000000e+00     0.0000000000e+00
   11.700000     1.6384059885e-02     0.0000000000e+00     0.0000000000e+00
   11.750000     1.4031265137e-02     0.0000000000e+00    -0.0000000000e+00
   11.800000     8.8607959336e-03     0.0000000000e+00    -0.0000000000e+00
   11.850000     5.1633342982e-03     0.0000000000e+00    -0.0000000000e+00
   11.900000     5.3266137653e-03     0.0000000000e+00     0.0000000000e+00
   11.950000     7.3366484442e-03    -0.0000000000e+00     0.0000000000e+00
   12.000000     9.3469768481e-03    -0.0000000000e+00    -0.0000000000e+00
   12.050000     1.2951657092e-02    -0.0000000000e+00    -0.0000000000e+00
   12.100000     1.8529351769e-02     0.0000000000e+00    -0.0000000000e+00
   12.150000     2.3208063771e-02     0.0000000000e+00     0.0000000000e+00
   12.200000     2.4791812691e-02     0.0000000000e+00     0.0000000000e+00
   12.250000     2.4075282990e-02     0.0000000000e+00     0.0000000000e+00
   12.300000     2.0198048171e-02     0.0000000000e+00     0.0000000000e+00
   12.350000     1.5442166275e-02     0.0000000000e+00     0.0000000000e+00
   12.400000     1.2599535792e-02     0.0000000000e+00     0.0000000000e+00
   12.450000     1.1888240856e-02     0.0000000000e+00     0.0000000000e+00
   12.500000     1.2704762493e-02     0.0000000000e+00     0.0000000000e+00
   12.550000     1.3600082066e-02     0.0000000000e+00     0.0000000000e+00
   12.600000     1.3417612682e-02     0.0000000000e+00     0.0000000000e+00
   12.650000     1.2997800065e-02     0.0000000000e+00     0.0000000000e+00
   12.700000     1.2924344304e-02     0.0000000000e+00     0.0000000000e+00
   12.750000     1.3451156470e-02     0.0000000000e+00     0.0000000000e+00
   12.800000     1.4430686130e-02    -0.0000000000e+00     0.0000000000e+00
   12.850000     1.3898841118e-02    -0.0000000000e+00     0.0000000000e+00
   12.900000     1.2349613138e-02     0.0000000000e+00     0.0000000000e+00
   12.950000     1.0066266841e-02     0.0000000000e+00     0.0000000000e+00
   13.000000     8.6962625581e-03     0.0000000000e+00     0.0000000000e+00
   13.050000     9.3385073300e-03    -0.0000000000e+00     0.0000000000e+00
   13.100000     1.1591031478e-02     0.0000000000e+00     0.0000000000e+00
   13.150000     1.5044341164e-02     0.0000000000e+00     0.0000000000e+00
   13.200000     1.8220927926e-02     0.0000000000e+00     0.0000000000e+00
   13.250000     1.7510734882e-02     0.0000000000e+00     0.0000000000e+00
   13.300000     1.2220477726e-02    -0.0000000000e+00     0.0000000000e+00
   13.350000     6.8646941313e-03    -0.0000000000e+00     0.0000000000e+00
   13.400000     4.2425749618e-03     0.0000000000e+00    -0.0000000000e+00
   13.450000     5.4122167266e-03     0.0000000000e+00    -0.0000000000e+00
   13.500000     9.3517015965e-03     0.0000000000e+00    -0.0000000000e+00
   13.550000     1.4325168813e-02     0.0000000000e+00    -0.0000000000e+00
   13.600000     1.7069869147e-02     0.0000000000e+00     0.0000000000e+00
   13.650000     1.8392721386e-02    -0.0000000000e+00     0.0000000000e+00
   13.700000     1.8752911134e-02    -0.0000000000e+00     0.0000000000e+00
   13.750000     1.6291057505e-02    -0.0000000000e+00     0.0000000000e+00
   13.800000     1.3481829514e-02     0.0000000000e+00     0.0000000000e+00
   13.850000     1.2422778576e-02     0.0000000000e+00     0.0000000000e+00
   13.900000     1.2681112365e-02     0.0000000000e+00     0.0000000000e+00
   13.950000     1.2364292625e-02     0.0000000000e+00     0.0000000000e+00
   14.000000     1.2081823590e-02     0.0000000000e+00     0.0000000000e+00
   14.050000     1.2422287707e-02     0.0000000000e+00     0.0000000000e+00
   14.100000     1.1923100738e-02     0.0000000000e+00     0.0000000000e+00
   14.150000     9.4603403692e-03    -0.0000000000e+00    -0.0000000000e+00
   14.200000     8.8059438627e-03    -0.0000000000e+00    -0.0000000000e+00
   14.250000     1.1197171294e-02    -0.0000000000e+00    -0.0000000000e+00
   14.300000     1.3400971229e-02     0.0000000000e+00    -0.0000000000e+00
   14.350000     1.3998663143e-02     0.0000000000e+00    -0.0000000000e+00
   14.400000     1.2877337646e-02     0.0000000000e+00    -0.0000000000e+00
   14.450000     1.0863576999e-02     0.0000000000e+00    -0.0000000000e+00
   14.500000     8.5932858959e-03     0.0000000000e+00     0.0000000000e+00
   14.550000     8.8085919347e-03     0.0000000000e+00     0.0000000000e+00
   14.600000     1.1491988619e-02     0.0000000000e+00     0.0000000000e+00
   14.650000     1.4352720926e-02    -0.0000000000e+00     0.0000000000e+00
   14.700000     1.6939505918e-02     0.0000000000e+00     0.0000000000e+00
   14.750000     2.1110239704e-02     0.0000000000e+00     0.0000000000e+00
   14.800000     2.5004506661e-02     0.0000000000e+00     0.0000000000e+00
   14.850000     2.3246295156e-02    -0.0000000000e+00    -0.0000000000e+00
   14.900000     1.5696786985e-02    -0.0000000000e+00     0.0000000000e+00
   14.950000     9.2396873592e-03    -0.0000000000e+00     0.0000000000e+00
   15.000000     8.6286452474e-03    -0.0000000000e+00     0.0000000000e+00
   15.050000     1.0864336112e-02    -0.0000000000e+00     0.0000000000e+00
   15.100000     1.2271469989e-02    -0.0000000000e+00     0.0000000000e+00
   15.150000     1.1803204156e-02    -0.0000000000e+00     0.0000000000e+00
   15.200000     1.1569697529e-02    -0.0000000000e+00     0.0000000000e+00
   15.250000     1.2466636207e-02     0.0000000000e+00     0.0000000000e+00
   15.300000     1.3598848064e-02     0.0000000000e+00     0.0000000000e+00
   15.350000     1.3952898040e-02     0.0000000000e+00     0.0000000000e+00
   15.400000     1.3740911065e-02     0.0000000000e+00     0.0000000000e+00
   15.450000     1.4030277870e-02     0.0000000000e+00     0.0000000000e+00
   15.500000     1.6187197170e-02     0.0000000000e+00     0.0000000000e+00
   15.550000     1.7774781838e-02     0.0000000000e+00     0.0000000000e+00
   15.600000     1.5375363414e-02    -0.0000000000e+00    -0.0000000000e+00
   15.650000     1.2460181302e-02    -0.0000000000e+00    -0.0000000000e+00
   15.700000     1.1979174029e-02     0.0000000000e+00    -0.0000000000e+00
   15.750000     1.3650881860e-02     0.0000000000e+00    -0.0000000000e+00
   15.800000     1.4993164774e-02     0.0000000000e+00     0.0000000000e+00
   15.850000     1.5131308038e-02     0.0000000000e+00     0.0000000000e+00
   15.900000     1.4993187766e-02     0.0000000000e+00     0.0000000000e+00
   15.950000     1.5715085688e-02     0.0000000000e+00     0.0000000000e+00
   16.000000     1.7108101811e-02    -0.0000000000e+00     0.0000000000e+00
   16.050000     1.8111582098e-02    -0.0000000000e+00     0.0000000000e+00
   16.100000     1.7995089133e-02    -0.0000000000e+00     0.0000000000e+00
   16.150000     1.6244308155e-02     0.0000000000e+00     0.0000000000e+00
   16.200000     1.4330573396e-02     0.0000000000e+00     0.0000000000e+00
   16.250000     1.2906034321e-02     0.0000000000e+00    -0.0000000000e+00
   16.300000     1.3697955074e-02     0.0000000000e+00     0.0000000000e+00
   16.350000     1.6082896966e-02    -0.0000000000e+00     0.0000000000e+00
   16.400000     1.7706415502e-02     0.0000000000e+00     0.0000000000e+00
   16.450000     1.8569695188e-02     0.0000000000e+00     0.0000000000e+00
   16.500000     2.0970396401e-02     0.0000000000e+00     0.0000000000e+00
   16.550000     2.5268732540e-02     0.0000000000e+00     0.0000000000e+00
   16.600000     2.6828331352e-02     0.0000000000e+00     0.0000000000e+00
   16.650000     2.3987636215e-02     0.0000000000e+00     0.0000000000e+00
   16.700000     2.0216276624e-02     0.0000000000e+00     0.0000000000e+00
   16.750000     1.7222762091e-02     0.0000000000e+00     0.0000000000e+00
   16.800000     1.4468966395e-02     0.0000000000e+00     0.0000000000e+00
   16.850000     1.3286337999e-02     0.0000000000e+00     0.0000000000e+00
   16.900000     1.3541710941e-02     0.0000000000e+00    -0.0000000000e+00
   16.950000     1.4334961478e-02     0.0000000000e+00    -0.0000000000e+00
   17.000000     1.5144914039e-02     0.0000000000e+00    -0.0000000000e+00
   17.050000     1.4939993467e-02     0.0000000000e+00     0.0000000000e+00
   17.100000     1.3052696411e-02    -0.0000000000e+00    -0.0000000000e+00
   17.150000     1.1465862253e-02    -0.0000000000e+00    -0.0000000000e+00
   17.200000     1.2065612443e-02    -0.0000000000e+00    -0.0000000000e+00
   17.250000     1.3569349904e-02    -0.0000000000e+00    -0.0000000000e+00
   17.300000     1.4122984891e-02     0.0000000000e+00     0.0000000000e+00
   17.350000     1.3501302685e-02     0.0000000000e+00     0.0000000000e+00
   17.400000     1.3238152083e-02     0.0000000000e+00     0.0000000000e+00
   17.450000     1.2645663134e-02     0.0000000000e+00     0.0000000000e+00
   17.500000     1.1302172135e-02    -0.0000000000e+00     0.0000000000e+00
   17.550000     1.0026362685e-02    -0.0000000000e+00    -0.0000000000e+00
   17.600000     1.0353183672e-02     0.0000000000e+00    -0.0000000000e+00
   17.650000     1.1253657058e-02     0.0000000000e+00     0.0000000000e+00
   17.700000     1.1370308855e-02     0.0000000000e+00     0.0000000000e+00
   17.750000     1.1399551217e-02     0.0000000000e+00     0.0000000000e+00
   17.800000     1.0486738091e-02     0.0000000000e+00     0.0000000000e+00
   17.850000     8.9097220003e-03     0.0000000000e+00     0.0000000000e+00
   17.900000     8.3763277339e-03     0.0000000000e+00     0.0000000000e+00
   17.950000     1.0733172825e-02     0.0000000000e+00     0.0000000000e+00
   18.000000     1.5613226405e-02     0.0000000000e+00     0.0000000000e+00
   18.050000     1.9735544485e-02     0.0000000000e+00     0.0000000000e+00
   18.100000     1.8806699662e-02     0.0000000000e+00    -0.0000000000e+00
   18.150000     1.4708955029e-02     0.0000000000e+00     0.0000000000e+00
   18.200000     1.1529934767e-02     0.0000000000e+00     0.0000000000e+00
   18.250000     1.0146163621e-02     0.0000000000e+00     0.0000000000e+00
   18.300000     9.6910850836e-03     0.0000000000e+00     0.0000000000e+00
   18.350000     9.2684812188e-03     0.0000000000e+00     0.0000000000e+00
   18.400000     9.9270126389e-03    -0.0000000000e+00    -0.0000000000e+00
   18.450000     1.1572851965e-02     0.0000000000e+00    -0.0000000000e+00
   18.500000     1.3998581062e-02     0.0000000000e+00     0.0000000000e+00
   18.550000     1.6404748535e-02     0.0000000000e+00     0.0000000000e+00
   18.600000     1.7142748207e-02    -0.0000000000e+00     0.0000000000e+00
   18.650000     1.6163700353e-02    -0.0000000000e+00     0.0000000000e+00
   18.700000     1.5355149943e-02    -0.0000000000e+00     0.0000000000e+00
   18.750000     1.3735741760e-02     0.0000000000e+00     0.0000000000e+00
   18.800000     1.1376896597e-02     0.0000000000e+00     0.0000000000e+00
   18.850000     1.0406823036e-02     0.0000000000e+00     0.0000000000e+00
   18.900000     1.0359269933e-02     0.0000000000e+00     0.0000000000e+00
   18.950000     1.0440321189e-02     0.0000000000e+00     0.0000000000e+00
   19.000000     1.0517777332e-02     0.0000000000e+00     0.0000000000e+00
   19.050000     1.1496952609e-02     0.0000000000e+00     0.0000000000e+00
   19.100000     1.3699306926e-02     0.0000000000e+00     0.0000000000e+00
   19.150000     1.7019551568e-02     0.0000000000e+00     0.0000000000e+00
   19.200000     1.9689669951e-02     0.0000000000e+00     0.0000000000e+00
   19.250000     1.9061512166e-02     0.0000000000e+00     0.0000000000e+00
   19.300000     1.4403116156e-02     0.0000000000e+00     0.0000000000e+00
   19.350000     9.6786912654e-03     0.0000000000e+00    -0.0000000000e+00
   19.400000     8.3608747438e-03     0.0000000000e+00    -0.0000000000e+00
   19.450000     9.2069475608e-03     0.0000000000e+00    -0.0000000000e+00
   19.500000     1.0593978447e-02     0.0000000000e+00     0.0000000000e+00
   19.550000     1.3481983284e-02     0.0000000000e+00     0.0000000000e+00
   19.600000     1.8225785804e-02     0.0000000000e+00     0.0000000000e+00
   19.650000     2.1244980874e-02     0.0000000000e+00     0.0000000000e+00
   19.700000     2.1454225471e-02     0.0000000000e+00     0.0000000000e+00
   19.750000     2.0627412158e-02     0.0000000000e+00     0.0000000000e+00
   19.800000     2.3002892864e-02     0.0000000000e+00     0.0000000000e+00
   19.850000     2.6049519611e-02     0.0000000000e+00     0.0000000000e+00
   19.900000     2.4768393548e-02     0.0000000000e+00     0.0000000000e+00
   19.950000     2.1640750395e-02    -0.0000000000e+00     0.0000000000e+00
   20.000000     1.8920857259e-02    -0.0000000000e+00    -0.0000000000e+00
   20.050000     1.7602851621e-02     0.0000000000e+00    -0.0000000000e+00
   20.100000     1.7792292818e-02     0.0000000000e+00    -0.0000000000e+00
   20.150000     1.7156281505e-02     0.0000000000e+00    -0.0000000000e+00
   20.200000     1.4053891821e-02    -0.0000000000e+00     0.0000000000e+00
   20.250000     1.2776399269e-02     0.0000000000e+00     0.0000000000e+00
   20.300000     1.4754744721e-02     0.0000000000e+00     0.0000000000e+00
   20.350000     1.6582523050e-02     0.0000000000e+00     0.0000000000e+00
   20.400000     1.7436760935e-02     0.0000000000e+00     0.0000000000e+00
   20.450000     1.7400045266e-02     0.0000000000e+00     0.0000000000e+00
   20.500000     1.4754456837e-02     0.0000000000e+00     0.0000000000e+00
   20.550000     1.1401753213e-02     0.0000000000e+00     0.0000000000e+00
   20.600000     1.0668373338e-02     0.0000000000e+00     0.0000000000e+00
   20.650000     1.2022772337e-02    -0.0000000000e+00     0.0000000000e+00
   20.700000     1.4067861265e-02    -0.0000000000e+00     0.0000000000e+00
   20.750000     1.5499006792e-02    -0.0000000000e+00     0.0000000000e+00
   20.800000     1.5769468026e-02    -0.0000000000e+00     0.0000000000e+00
   20.850000     1.4309534469e-02    -0.0000000000e+00     0.0000000000e+00
   20.900000     1.3685136816e-02    -0.0000000000e+00     0.0000000000e+00
   20.950000     1.5416490660e-02    -0.0000000000e+00     0.0000000000e+00
   21.000000     1.6434465569e-02     0.0000000000e+00     0.0000000000e+00
   21.050000     1.4976989707e-02     0.0000000000e+00     0.0000000000e+00
   21.100000     1.3365160492e-02     0.0000000000e+00     0.0000000000e+00
   21.150000     1.3859536929e-02     0.0000000000e+00     0.0000000000e+00
   21.200000     1.4663360815e-02     0.0000000000e+00    -0.0000000000e+00
   21.250000     1.4045170391e-02    -0.0000000000e+00    -0.0000000000e+00
   21.300000     1.2571325859e-02     0.0000000000e+00     0.0000000000e+00
   21.350000     1.1515062820e-02     0.0000000000e+00     0.0000000000e+00
   21.400000     1.0931202040e-02     0.0000000000e+00     0.0000000000e+00
   21.450000     1.1256829411e-02     0.0000000000e+00     0.0000000000e+00
   21.500000     1.2220587256e-02     0.0000000000e+00     0.0000000000e+00
   21.550000     1.3412161705e-02     0.0000000000e+00     0.0000000000e+00
   21.600000     1.3161579540e-02     0.0000000000e+00     0.0000000000e+00
   21.650000     1.0760321548e-02     0.0000000000e+00     0.0000000000e+00
   21.700000     8.6687686193e-03     0.0000000000e+00     0.0000000000e+00
   21.750000     8.2408573531e-03    -0.0000000000e+00     0.0000000000e+00
   21.800000     9.4408200067e-03    -0.0000000000e+00     0.0000000000e+00
   21.850000     1.0866785481e-02     0.0000000000e+00     0.0000000000e+00
   21.900000     1.1838186612e-02     0.0000000000e+00     0.0000000000e+00
   21.950000     1.2135618175e-02     0.0000000000e+00     0.0000000000e+00
   22.000000     1.1758508260e-02    -0.0000000000e+00     0.0000000000e+00
   22.050000     1.0772661729e-02    -0.0000000000e+00    -0.0000000000e+00
   22.100000     1.0711903840e-02     0.0000000000e+00    -0.0000000000e+00
   22.150000     1.2523681392e-02     0.0000000000e+00     0.0000000000e+00
   22.200000     1.4676972892e-02     0.0000000000e+00     0.0000000000e+00
   22.250000     1.4721893078e-02     0.0000000000e+00     0.0000000000e+00
   22.300000     1.2170717551e-02     0.0000000000e+00     0.0000000000e+00
   22.350000     8.9356287700e-03     0.0000000000e+00     0.0000000000e+00
   22.400000     6.9127012824e-03     0.0000000000e+00     0.0000000000e+00
   22.450000     7.1566085059e-03     0.0000000000e+00     0.0000000000e+00
   22.500000     8.2276714623e-03     0.0000000000e+00     0.0000000000e+00
   22.550000     9.4839858598e-03     0.0000000000e+00     0.0000000000e+00
   22.600000     1.1146133704e-02     0.0000000000e+00     0.0000000000e+00
   22.650000     1.2794484566e-02     0.0000000000e+00     0.0000000000e+00
   22.700000     1.2955052470e-02    -0.0000000000e+00     0.0000000000e+00
   22.750000     1.1917453514e-02    -0.0000000000e+00     0.0000000000e+00
   22.800000     1.0969297780e-02    -0.0000000000e+00     0.0000000000e+00
   22.850000     1.0434855843e-02     0.0000000000e+00     0.0000000000e+00
   22.900000     1.1688990784e-02     0.0000000000e+00    -0.0000000000e+00
   22.950000     1.4816726869e-02     0.0000000000e+00    -0.0000000000e+00
   23.000000     1.7751127063e-02     0.0000000000e+00    -0.0000000000e+00
   23.050000     1.8476615508e-02     0.0000000000e+00    -0.0000000000e+00
   23.100000     1.8071357960e-02    -0.0000000000e+00    -0.0000000000e+00
   23.150000     1.7456349262e-02    -0.0000000000e+00    -0.0000000000e+00
   23.200000     1.6250552986e-02     0.0000000000e+00    -0.0000000000e+00
   23.250000     1.4460059202e-02     0.0000000000e+00    -0.0000000000e+00
   23.300000     1.3053205983e-02     0.0000000000e+00    -0.0000000000e+00
   23.350000     1.1842252864e-02     0.0000000000e+00     0.0000000000e+00
   23.400000     1.1231942372e-02     0.0000000000e+00     0.0000000000e+00
   23.450000     1.1770007321e-02     0.0000000000e+00     0.0000000000e+00
   23.500000     1.1684053237e-02     0.0000000000e+00     0.0000000000e+00
   23.550000     1.1575949846e-02     0.0000000000e+00     0.0000000000e+00
   23.600000     1.2189221693e-02     0.0000000000e+00     0.0000000000e+00
   23.650000     1.2572320722e-02     0.0000000000e+00     0.0000000000e+00
   23.700000     1.2235380160e-02     0.0000000000e+00     0.0000000000e+00
   23.750000     1.1976072516e-02     0.0000000000e+00     0.0000000000e+00
   23.800000     1.1405287138e-02    -0.0000000000e+00     0.0000000000e+00
   23.850000     1.0156281072e-02    -0.0000000000e+00     0.0000000000e+00
   23.900000     8.6596930060e-03     0.0000000000e+00     0.0000000000e+00
   23.950000     7.5509614255e-03     0.0000000000e+00     0.0000000000e+00
   24.000000     7.5197214370e-03     0.0000000000e+00     0.0000000000e+00
   24.050000     8.5713512716e-03     0.0000000000e+00     0.0000000000e+00
   24.100000     1.0610088464e-02     0.0000000000e+00     0.0000000000e+00
   24.150000     1.2752411817e-02     0.0000000000e+00     0.0000000000e+00
   24.200000     1.4365294233e-02     0.0000000000e+00     0.0000000000e+00
   24.250000     1.5063930101e-02     0.0000000000e+00     0.0000000000e+00
   24.300000     1.6132608552e-02     0.0000000000e+00     0.0000000000e+00
   24.350000     1.8008822019e-02     0.0000000000e+00     0.0000000000e+00
   24.400000     1.8766789113e-02     0.0000000000e+00     0.0000000000e+00
   24.450000     1.7439161492e-02    -0.0000000000e+00    -0.0000000000e+00
   24.500000     1.5276039989e-02    -0.0000000000e+00    -0.0000000000e+00
   24.550000     1.3297111004e-02    -0.0000000000e+00    -0.0000000000e+00
   24.600000     1.1549360994e-02    -0.0000000000e+00     0.0000000000e+00
   24.650000     1.0445152222e-02    -0.0000000000e+00     0.0000000000e+00
   24.700000     9.7153667065e-03    -0.0000000000e+00     0.0000000000e+00
   24.750000     9.4337997247e-03     0.0000000000e+00     0.0000000000e+00
   24.800000     9.4783703302e-03     0.0000000000e+00     0.0000000000e+00
   24.850000     9.6269324154e-03     0.0000000000e+00     0.0000000000e+00
   24.900000     9.2762785400e-03     0.0000000000e+00     0.0000000000e+00
   24.950000     9.1685999582e-03     0.0000000000e+00     0.0000000000e+00
   25.000000     9.3960701488e-03    -0.0000000000e+00     0.0000000000e+00
   25.050000     9.6910268362e-03     0.0000000000e+00     0.0000000000e+00
   25.100000     1.0493224792e-02     0.0000000000e+00     0.0000000000e+00
   25.150000     1.1260876539e-02     0.0000000000e+00     0.0000000000e+00
   25.200000     1.1220921695e-02     0.0000000000e+00     0.0000000000e+00
   25.250000     9.7009402211e-03     0.0000000000e+00     0.0000000000e+00
   25.300000     7.8932580083e-03     0.0000000000e+00    -0.0000000000e+00
   25.350000     7.1638200714e-03    -0.0000000000e+00     0.0000000000e+00
   25.400000     8.3145612169e-03     0.0000000000e+00     0.0000000000e+00
   25.450000     1.0561776283e-02     0.0000000000e+00     0.0000000000e+00
   25.500000     1.1827695004e-02     0.0000000000e+00     0.0000000000e+00
   25.550000     1.1127901109e-02     0.0000000000e+00     0.0000000000e+00
   25.600000     1.0439202350e-02     0.0000000000e+00     0.0000000000e+00
   25.650000     1.1135644727e-02     0.0000000000e+00     0.0000000000e+00
   25.700000     1.2754562005e-02     0.0000000000e+00     0.0000000000e+00
   25.750000     1.4837235031e-02     0.0000000000e+00     0.0000000000e+00
   25.800000     1.5925004610e-02    -0.0000000000e+00     0.0000000000e+00
   25.850000     1.4670013851e-02    -0.0000000000e+00     0.0000000000e+00
   25.900000     1.1826964787e-02     0.0000000000e+00     0.0000000000e+00
   25.950000     9.9860893107e-03     0.0000000000e+00     0.0000000000e+00
   26.000000     9.1622867330e-03     0.0000000000e+00    -0.0000000000e+00
   26.050000     8.4332421434e-03     0.0000000000e+00    -0.0000000000e+00
   26.100000     8.1680496204e-03     0.0000000000e+00    -0.0000000000e+00
   26.150000     9.5863997981e-03     0.0000000000e+00    -0.0000000000e+00
   26.200000     1.2591225669e-02     0.0000000000e+00    -0.0000000000e+00
   26.250000     1.5005946568e-02     0.0000000000e+00    -0.0000000000e+00
   26.300000     1.6680302925e-02     0.0000000000e+00    -0.0000000000e+00
   26.350000     1.8522238728e-02     0.0000000000e+00    -0.0000000000e+00
   26.400000     1.8078419931e-02     0.0000000000e+00    -0.0000000000e+00
   26.450000     1.4274363065e-02     0.0000000000e+00     0.0000000000e+00
   26.500000     1.1399060316e-02     0.0000000000e+00     0.0000000000e+00
   26.550000     1.0494142285e-02     0.0000000000e+00     0.0000000000e+00
   26.600000     1.0530807123e-02     0.0000000000e+00     0.0000000000e+00
   26.650000     1.1512748498e-02     0.0000000000e+00     0.0000000000e+00
   26.700000     1.3100767691e-02     0.0000000000e+00     0.0000000000e+00
   26.750000     1.4062881606e-02    -0.0000000000e+00     0.0000000000e+00
   26.800000     1.3276949115e-02    -0.0000000000e+00     0.0000000000e+00
   26.850000     1.1501520101e-02    -0.0000000000e+00     0.0000000000e+00
   26.900000     9.9305320583e-03    -0.0000000000e+00     0.0000000000e+00
   26.950000     9.3546953329e-03    -0.0000000000e+00     0.0000000000e+00
   27.000000     9.1759770731e-03    -0.0000000000e+00     0.0000000000e+00
   27.050000     9.4974643657e-03    -0.0000000000e+00     0.0000000000e+00
   27.100000     9.6732445496e-03     0.0000000000e+00     0.0000000000e+00
   27.150000     9.1152767798e-03    -0.0000000000e+00     0.0000000000e+00
   27.200000     8.2870217254e-03     0.0000000000e+00     0.0000000000e+00
   27.250000     7.9003499189e-03     0.0000000000e+00     0.0000000000e+00
   27.300000     8.4991844414e-03     0.0000000000e+00     0.0000000000e+00
   27.350000     9.7755268871e-03     0.0000000000e+00     0.0000000000e+00
   27.400000     1.0493030197e-02     0.0000000000e+00     0.0000000000e+00
   27.450000     1.0637103312e-02     0.0000000000e+00     0.0000000000e+00
   27.500000     1.0873509819e-02     0.0000000000e+00     0.0000000000e+00
   27.550000     1.0244217095e-02     0.0000000000e+00     0.0000000000e+00
   27.600000     9.2395367885e-03     0.0000000000e+00     0.0000000000e+00
   27.650000     8.3322082181e-03     0.0000000000e+00     0.0000000000e+00
   27.700000     8.0829282966e-03    -0.0000000000e+00     0.0000000000e+00
   27.750000     8.6901966847e-03    -0.0000000000e+00     0.0000000000e+00
   27.800000     9.5983471365e-03     0.0000000000e+00     0.0000000000e+00
   27.850000     9.4338432221e-03     0.0000000000e+00     0.0000000000e+00
   27.900000     8.2845846778e-03     0.0000000000e+00     0.0000000000e+00
   27.950000     7.9694887331e-03     0.0000000000e+00     0.0000000000e+00
   28.000000     7.8264869990e-03     0.0000000000e+00     0.0000000000e+00
   28.050000     7.3055271363e-03     0.0000000000e+00     0.0000000000e+00
   28.100000     7.3842952697e-03     0.0000000000e+00     0.0000000000e+00
   28.150000     8.5455976389e-03     0.0000000000e+00     0.0000000000e+00
   28.200000     9.5561672532e-03    -0.0000000000e+00     0.0000000000e+00
   28.250000     1.0283449149e-02     0.0000000000e+00    -0.0000000000e+00
   28.300000     1.0643899542e-02     0.0000000000e+00     0.0000000000e+00
   28.350000     1.0347357755e-02     0.0000000000e+00     0.0000000000e+00
   28.400000     9.2024483114e-03     0.0000000000e+00     0.0000000000e+00
   28.450000     7.6799290990e-03     0.0000000000e+00     0.0000000000e+00
   28.500000     7.0731307915e-03     0.0000000000e+00     0.0000000000e+00
   28.550000     7.7757699029e-03     0.0000000000e+00     0.0000000000e+00
   28.600000     9.4047844009e-03     0.0000000000e+00     0.0000000000e+00
   28.650000     9.7861687775e-03     0.0000000000e+00     0.0000000000e+00
   28.700000     8.8990779809e-03     0.0000000000e+00     0.0000000000e+00
   28.750000     9.2231986089e-03     0.0000000000e+00     0.0000000000e+00
   28.800000     1.1275805013e-02     0.0000000000e+00     0.0000000000e+00
   28.850000     1.2541055638e-02     0.0000000000e+00     0.0000000000e+00
   28.900000     1.2869242140e-02     0.0000000000e+00     0.0000000000e+00
   28.950000     1.3900384029e-02     0.0000000000e+00     0.0000000000e+00
   29.000000     1.4818032624e-02     0.0000000000e+00     0.0000000000e+00
   29.050000     1.3564706991e-02     0.0000000000e+00     0.0000000000e+00
   29.100000     1.1707086184e-02    -0.0000000000e+00     0.0000000000e+00
   29.150000     1.2477464813e-02    -0.0000000000e+00    -0.0000000000e+00
   29.200000     1.4059792491e-02     0.0000000000e+00     0.0000000000e+00
   29.250000     1.3788939749e-02     0.0000000000e+00     0.0000000000e+00
   29.300000     1.2196406899e-02     0.0000000000e+00     0.0000000000e+00
   29.350000     1.1256580012e-02     0.0000000000e+00     0.0000000000e+00
   29.400000     1.0793963738e-02     0.0000000000e+00     0.0000000000e+00
   29.450000     1.0074056358e-02     0.0000000000e+00     0.0000000000e+00
   29.500000     9.2328551738e-03     0.0000000000e+00     0.0000000000e+00
   29.550000     9.1917492136e-03     0.0000000000e+00     0.0000000000e+00
   29.600000     1.0004044260e-02     0.0000000000e+00     0.0000000000e+00
   29.650000     1.1358956648e-02     0.0000000000e+00     0.0000000000e+00
   29.700000     1.3553122118e-02     0.0000000000e+00     0.0000000000e+00
   29.750000     1.4931939487e-02     0.0000000000e+00    -0.0000000000e+00
   29.800000     1.4287011891e-02     0.0000000000e+00    -0.0000000000e+00
   29.850000     1.2566689891e-02    -0.0000000000e+00    -0.0000000000e+00
   29.900000     1.1146106736e-02    -0.0000000000e+00     0.0000000000e+00
   29.950000     1.0144150407e-02     0.0000000000e+00     0.0000000000e+00
   30.000000     1.0083499787e-02     0.0000000000e+00     0.0000000000e+00
