# Photoabsorption spectrum from real-time propagation
# GPAW version: 19.8.1
# Total time = 44.9700 fs, Time steps = [30.0000] as
# Kick = [0, 1e-05, 0]
# Gaussian folding, Width = 0.0600 eV = 0.002205 Hartree <=> FWHM = 0.141289 eV
#    om (eV)                  S_x                  S_y                  S_z
    0.000000     0.0000000000e+00     0.0000000000e+00     0.0000000000e+00
    0.050000     0.0000000000e+00     2.8751105347e-02     0.0000000000e+00
    0.100000     0.0000000000e+00     6.2648661186e-02     0.0000000000e+00
    0.150000     0.0000000000e+00     6.5298469521e-02     0.0000000000e+00
    0.200000     0.0000000000e+00     5.9285880204e-02     0.0000000000e+00
    0.250000     0.0000000000e+00     5.6251009761e-02     0.0000000000e+00
    0.300000     0.0000000000e+00     5.5039742366e-02     0.0000000000e+00
    0.350000     0.0000000000e+00     5.4651745154e-02     0.0000000000e+00
    0.400000     0.0000000000e+00     5.4538212487e-02     0.0000000000e+00
    0.450000     0.0000000000e+00     5.4721731604e-02     0.0000000000e+00
    0.500000     0.0000000000e+00     5.4994466019e-02     0.0000000000e+00
    0.550000     0.0000000000e+00     5.5394487210e-02     0.0000000000e+00
    0.600000     0.0000000000e+00     5.5942413844e-02     0.0000000000e+00
    0.650000     0.0000000000e+00     5.6512993976e-02     0.0000000000e+00
    0.700000     0.0000000000e+00     5.7308230009e-02     0.0000000000e+00
    0.750000     0.0000000000e+00     5.8024221393e-02     0.0000000000e+00
    0.800000     0.0000000000e+00     5.9087074243e-02     0.0000000000e+00
    0.850000     0.0000000000e+00     6.0053775980e-02     0.0000000000e+00
    0.900000     0.0000000000e+00     6.1576140457e-02     0.0000000000e+00
    0.950000     0.0000000000e+00     6.3338099024e-02     0.0000000000e+00
    1.000000     0.0000000000e+00     6.6137750342e-02     0.0000000000e+00
    1.050000     0.0000000000e+00     7.1885480064e-02     0.0000000000e+00
    1.100000     0.0000000000e+00     9.1605119236e-02     0.0000000000e+00
    1.150000     0.0000000000e+00     1.4187688358e-01     0.0000000000e+00
    1.200000     0.0000000000e+00     1.9341353592e-01     0.0000000000e+00
    1.250000     0.0000000000e+00     1.7488265733e-01     0.0000000000e+00
    1.300000     0.0000000000e+00     1.0817698105e-01     0.0000000000e+00
    1.350000     0.0000000000e+00     7.0383505336e-02     0.0000000000e+00
    1.400000     0.0000000000e+00     6.6095337691e-02     0.0000000000e+00
    1.450000     0.0000000000e+00     7.7330428830e-02     0.0000000000e+00
    1.500000     0.0000000000e+00     1.1043022156e-01     0.0000000000e+00
    1.550000     0.0000000000e+00     1.7093278509e-01     0.0000000000e+00
    1.600000     0.0000000000e+00     2.1830264322e-01     0.0000000000e+00
    1.650000     0.0000000000e+00     3.3709991946e-01     0.0000000000e+00
    1.700000     0.0000000000e+00     7.2893596500e-01     0.0000000000e+00
    1.750000     0.0000000000e+00     1.1340651662e+00     0.0000000000e+00
    1.800000     0.0000000000e+00     1.0644875073e+00     0.0000000000e+00
    1.850000     0.0000000000e+00     6.5291595497e-01     0.0000000000e+00
    1.900000     0.0000000000e+00     3.1617395062e-01     0.0000000000e+00
    1.950000     0.0000000000e+00     1.8071634512e-01     0.0000000000e+00
    2.000000     0.0000000000e+00     1.7564474848e-01     0.0000000000e+00
    2.050000     0.0000000000e+00     2.3560956806e-01     0.0000000000e+00
    2.100000     0.0000000000e+00     2.9122890655e-01     0.0000000000e+00
    2.150000     0.0000000000e+00     2.8298673148e-01     0.0000000000e+00
    2.200000     0.0000000000e+00     2.5880550841e-01     0.0000000000e+00
    2.250000     0.0000000000e+00     2.8414495683e-01     0.0000000000e+00
    2.300000     0.0000000000e+00     4.1409154967e-01     0.0000000000e+00
    2.350000     0.0000000000e+00     7.4046541440e-01     0.0000000000e+00
    2.400000     0.0000000000e+00     1.1690402041e+00     0.0000000000e+00
    2.450000     0.0000000000e+00     1.4828111995e+00     0.0000000000e+00
    2.500000     0.0000000000e+00     2.0409496194e+00     0.0000000000e+00
    2.550000     0.0000000000e+00     5.0312001066e+00     0.0000000000e+00
    2.600000     0.0000000000e+00     1.4104276548e+01     0.0000000000e+00
    2.650000     0.0000000000e+00     2.5141907666e+01    -0.0000000000e+00
    2.700000     0.0000000000e+00     2.6896099291e+01    -0.0000000000e+00
    2.750000     0.0000000000e+00     1.9584099894e+01    -0.0000000000e+00
    2.800000     0.0000000000e+00     1.0487413923e+01     0.0000000000e+00
    2.850000     0.0000000000e+00     3.9236815907e+00     0.0000000000e+00
    2.900000     0.0000000000e+00     1.5421641978e+00     0.0000000000e+00
    2.950000     0.0000000000e+00     1.4223327740e+00     0.0000000000e+00
    3.000000     0.0000000000e+00     1.0729844772e+00     0.0000000000e+00
    3.050000     0.0000000000e+00     4.5344900279e-01     0.0000000000e+00
    3.100000     0.0000000000e+00     3.1753068689e-01     0.0000000000e+00
    3.150000     0.0000000000e+00     3.6269652521e-01    -0.0000000000e+00
    3.200000     0.0000000000e+00     1.6802538283e-01    -0.0000000000e+00
    3.250000     0.0000000000e+00    -2.7530445398e-02    -0.0000000000e+00
    3.300000     0.0000000000e+00     1.5419215055e-01    -0.0000000000e+00
    3.350000     0.0000000000e+00     8.9964591823e-01    -0.0000000000e+00
    3.400000     0.0000000000e+00     1.6145166868e+00    -0.0000000000e+00
    3.450000     0.0000000000e+00     1.3973209234e+00    -0.0000000000e+00
    3.500000     0.0000000000e+00     7.4768956759e-01    -0.0000000000e+00
    3.550000     0.0000000000e+00     6.1074439404e-01    -0.0000000000e+00
    3.600000    -0.0000000000e+00     9.2520086725e-01    -0.0000000000e+00
    3.650000    -0.0000000000e+00     1.0377695185e+00    -0.0000000000e+00
    3.700000    -0.0000000000e+00     9.8161163519e-01     0.0000000000e+00
    3.750000    -0.0000000000e+00     1.3682537046e+00     0.0000000000e+00
    3.800000     0.0000000000e+00     1.7830548707e+00     0.0000000000e+00
    3.850000     0.0000000000e+00     1.7676125487e+00     0.0000000000e+00
    3.900000     0.0000000000e+00     2.0579582113e+00     0.0000000000e+00
    3.950000     0.0000000000e+00     2.6097140743e+00     0.0000000000e+00
    4.000000    -0.0000000000e+00     2.4020954258e+00    -0.0000000000e+00
    4.050000    -0.0000000000e+00     1.4995440763e+00    -0.0000000000e+00
    4.100000    -0.0000000000e+00     7.8755669381e-01     0.0000000000e+00
    4.150000    -0.0000000000e+00     4.9230783396e-01     0.0000000000e+00
    4.200000    -0.0000000000e+00     4.8725129573e-01     0.0000000000e+00
    4.250000    -0.0000000000e+00     6.1451679625e-01     0.0000000000e+00
    4.300000    -0.0000000000e+00     5.2543478163e-01     0.0000000000e+00
    4.350000    -0.0000000000e+00     2.4637852769e-01     0.0000000000e+00
    4.400000    -0.0000000000e+00     6.1891902624e-02     0.0000000000e+00
    4.450000    -0.0000000000e+00     5.9991299103e-02     0.0000000000e+00
    4.500000    -0.0000000000e+00     2.5686387630e-01     0.0000000000e+00
    4.550000    -0.0000000000e+00     6.0051857353e-01     0.0000000000e+00
    4.600000    -0.0000000000e+00     8.0940554658e-01     0.0000000000e+00
    4.650000     0.0000000000e+00     7.2449285289e-01    -0.0000000000e+00
    4.700000     0.0000000000e+00     4.9406452658e-01    -0.0000000000e+00
    4.750000     0.0000000000e+00     2.6390685265e-01    -0.0000000000e+00
    4.800000     0.0000000000e+00     1.2863321779e-01     0.0000000000e+00
    4.850000     0.0000000000e+00     1.0460207284e-01     0.0000000000e+00
    4.900000     0.0000000000e+00     1.1853173011e-01     0.0000000000e+00
    4.950000     0.0000000000e+00     1.3248168890e-01     0.0000000000e+00
    5.000000     0.0000000000e+00     1.9624788213e-01     0.0000000000e+00
    5.050000     0.0000000000e+00     3.9821808724e-01     0.0000000000e+00
    5.100000     0.0000000000e+00     7.7371870866e-01    -0.0000000000e+00
    5.150000     0.0000000000e+00     1.0289732511e+00    -0.0000000000e+00
    5.200000    -0.0000000000e+00     8.5723293452e-01    -0.0000000000e+00
    5.250000    -0.0000000000e+00     4.9039223489e-01     0.0000000000e+00
    5.300000    -0.0000000000e+00     2.5840239602e-01     0.0000000000e+00
    5.350000    -0.0000000000e+00     1.7528387574e-01    -0.0000000000e+00
    5.400000    -0.0000000000e+00     1.4230142114e-01    -0.0000000000e+00
    5.450000    -0.0000000000e+00     1.0960833687e-01    -0.0000000000e+00
    5.500000    -0.0000000000e+00     8.8527533973e-02    -0.0000000000e+00
    5.550000    -0.0000000000e+00     1.2145508734e-01    -0.0000000000e+00
    5.600000    -0.0000000000e+00     1.9723853778e-01    -0.0000000000e+00
    5.650000    -0.0000000000e+00     2.5218612465e-01    -0.0000000000e+00
    5.700000    -0.0000000000e+00     2.3314781465e-01    -0.0000000000e+00
    5.750000    -0.0000000000e+00     1.6624387290e-01    -0.0000000000e+00
    5.800000    -0.0000000000e+00     1.3423944670e-01    -0.0000000000e+00
    5.850000    -0.0000000000e+00     1.7174098846e-01    -0.0000000000e+00
    5.900000    -0.0000000000e+00     2.0104492906e-01    -0.0000000000e+00
    5.950000    -0.0000000000e+00     1.4510145376e-01     0.0000000000e+00
    6.000000    -0.0000000000e+00     7.8750075065e-02     0.0000000000e+00
    6.050000    -0.0000000000e+00     7.6556181192e-02     0.0000000000e+00
    6.100000    -0.0000000000e+00     9.6817568759e-02     0.0000000000e+00
    6.150000    -0.0000000000e+00     8.2018800275e-02     0.0000000000e+00
    6.200000    -0.0000000000e+00     6.5745640110e-02     0.0000000000e+00
    6.250000    -0.0000000000e+00     1.0832205397e-01    -0.0000000000e+00
    6.300000     0.0000000000e+00     1.7699081382e-01    -0.0000000000e+00
    6.350000    -0.0000000000e+00     1.7736281726e-01    -0.0000000000e+00
    6.400000    -0.0000000000e+00     1.1674065162e-01     0.0000000000e+00
    6.450000    -0.0000000000e+00     7.4500129767e-02     0.0000000000e+00
    6.500000    -0.0000000000e+00     5.9278932349e-02     0.0000000000e+00
    6.550000    -0.0000000000e+00     4.4430913234e-02     0.0000000000e+00
    6.600000    -0.0000000000e+00     3.0939540807e-02    -0.0000000000e+00
    6.650000    -0.0000000000e+00     2.8669917241e-02    -0.0000000000e+00
    6.700000    -0.0000000000e+00     2.9882191382e-02    -0.0000000000e+00
    6.750000    -0.0000000000e+00     3.6275620279e-02    -0.0000000000e+00
    6.800000    -0.0000000000e+00     4.5730382962e-02    -0.0000000000e+00
    6.850000    -0.0000000000e+00     5.0367964208e-02    -0.0000000000e+00
    6.900000     0.0000000000e+00     7.2635756230e-02    -0.0000000000e+00
    6.950000     0.0000000000e+00     1.0937891083e-01    -0.0000000000e+00
    7.000000     0.0000000000e+00     1.1019695652e-01    -0.0000000000e+00
    7.050000    -0.0000000000e+00     8.2260214003e-02    -0.0000000000e+00
    7.100000    -0.0000000000e+00     6.4955408760e-02    -0.0000000000e+00
    7.150000    -0.0000000000e+00     4.9127103269e-02    -0.0000000000e+00
    7.200000    -0.0000000000e+00     3.1464939378e-02    -0.0000000000e+00
    7.250000    -0.0000000000e+00     2.1227229634e-02    -0.0000000000e+00
    7.300000    -0.0000000000e+00     1.5786432432e-02    -0.0000000000e+00
    7.350000    -0.0000000000e+00     1.0031125810e-02    -0.0000000000e+00
    7.400000    -0.0000000000e+00     2.9872124919e-03    -0.0000000000e+00
    7.450000    -0.0000000000e+00    -1.5851217050e-04    -0.0000000000e+00
    7.500000    -0.0000000000e+00     4.3513483606e-03    -0.0000000000e+00
    7.550000    -0.0000000000e+00     1.4119341077e-02    -0.0000000000e+00
    7.600000    -0.0000000000e+00     2.4735458850e-02     0.0000000000e+00
    7.650000    -0.0000000000e+00     2.9253741503e-02     0.0000000000e+00
    7.700000    -0.0000000000e+00     2.3325905330e-02     0.0000000000e+00
    7.750000    -0.0000000000e+00     1.4969673351e-02     0.0000000000e+00
    7.800000    -0.0000000000e+00     8.7604738711e-03    -0.0000000000e+00
    7.850000    -0.0000000000e+00     6.2920363506e-03    -0.0000000000e+00
    7.900000    -0.0000000000e+00     1.0241463651e-02    -0.0000000000e+00
    7.950000    -0.0000000000e+00     1.9718930712e-02    -0.0000000000e+00
    8.000000    -0.0000000000e+00     2.5076993910e-02    -0.0000000000e+00
    8.050000    -0.0000000000e+00     1.9267650920e-02    -0.0000000000e+00
    8.100000    -0.0000000000e+00     9.1169999836e-03    -0.0000000000e+00
    8.150000    -0.0000000000e+00     4.1820899473e-03    -0.0000000000e+00
    8.200000    -0.0000000000e+00     3.7335555400e-03    -0.0000000000e+00
    8.250000    -0.0000000000e+00     3.8729176193e-03    -0.0000000000e+00
    8.300000     0.0000000000e+00     7.0726700470e-03    -0.0000000000e+00
    8.350000     0.0000000000e+00     1.2153343002e-02    -0.0000000000e+00
    8.400000     0.0000000000e+00     1.6888069881e-02    -0.0000000000e+00
    8.450000    -0.0000000000e+00     1.9362918376e-02    -0.0000000000e+00
    8.500000    -0.0000000000e+00     1.7558906208e-02    -0.0000000000e+00
    8.550000    -0.0000000000e+00     1.2017966710e-02    -0.0000000000e+00
    8.600000    -0.0000000000e+00     7.3753503158e-03    -0.0000000000e+00
    8.650000    -0.0000000000e+00     9.0008626118e-03    -0.0000000000e+00
    8.700000    -0.0000000000e+00     1.2842239620e-02    -0.0000000000e+00
    8.750000    -0.0000000000e+00     1.1766576185e-02     0.0000000000e+00
    8.800000    -0.0000000000e+00     7.8947713107e-03     0.0000000000e+00
    8.850000    -0.0000000000e+00     8.3904500567e-03     0.0000000000e+00
    8.900000    -0.0000000000e+00     1.1233988625e-02     0.0000000000e+00
    8.950000    -0.0000000000e+00     1.1652313232e-02     0.0000000000e+00
    9.000000    -0.0000000000e+00     9.5331565390e-03    -0.0000000000e+00
    9.050000    -0.0000000000e+00     8.6451958233e-03    -0.0000000000e+00
    9.100000    -0.0000000000e+00     9.7388059160e-03     0.0000000000e+00
    9.150000    -0.0000000000e+00     1.0730195171e-02     0.0000000000e+00
    9.200000    -0.0000000000e+00     1.0069764758e-02     0.0000000000e+00
    9.250000     0.0000000000e+00     8.9901390605e-03     0.0000000000e+00
    9.300000     0.0000000000e+00     9.2414870335e-03     0.0000000000e+00
    9.350000     0.0000000000e+00     8.8385691636e-03    -0.0000000000e+00
    9.400000    -0.0000000000e+00     9.5171405720e-03    -0.0000000000e+00
    9.450000    -0.0000000000e+00     1.1236733505e-02    -0.0000000000e+00
    9.500000    -0.0000000000e+00     1.2495530468e-02    -0.0000000000e+00
    9.550000    -0.0000000000e+00     1.1592430512e-02    -0.0000000000e+00
    9.600000    -0.0000000000e+00     9.1621907325e-03    -0.0000000000e+00
    9.650000    -0.0000000000e+00     6.6670969109e-03    -0.0000000000e+00
    9.700000    -0.0000000000e+00     4.5263041332e-03    -0.0000000000e+00
    9.750000    -0.0000000000e+00     3.1344681052e-03    -0.0000000000e+00
    9.800000    -0.0000000000e+00     2.7673372566e-03    -0.0000000000e+00
    9.850000    -0.0000000000e+00     4.7718386504e-03    -0.0000000000e+00
    9.900000    -0.0000000000e+00     8.5329534444e-03    -0.0000000000e+00
    9.950000    -0.0000000000e+00     1.1623656693e-02    -0.0000000000e+00
   10.000000    -0.0000000000e+00     1.1338498154e-02    -0.0000000000e+00
   10.050000    -0.0000000000e+00     9.0117582783e-03    -0.0000000000e+00
   10.100000    -0.0000000000e+00     5.9401098154e-03     0.0000000000e+00
   10.150000    -0.0000000000e+00     3.9366775354e-03     0.0000000000e+00
   10.200000    -0.0000000000e+00     4.2451682835e-03     0.0000000000e+00
   10.250000    -0.0000000000e+00     5.2279085738e-03     0.0000000000e+00
   10.300000    -0.0000000000e+00     4.4823750856e-03     0.0000000000e+00
   10.350000    -0.0000000000e+00     2.2587777816e-03     0.0000000000e+00
   10.400000    -0.0000000000e+00     1.6131193296e-03     0.0000000000e+00
   10.450000    -0.0000000000e+00     3.0966905616e-03    -0.0000000000e+00
   10.500000    -0.0000000000e+00     5.5109729331e-03    -0.0000000000e+00
   10.550000    -0.0000000000e+00     7.0280344303e-03    -0.0000000000e+00
   10.600000    -0.0000000000e+00     9.2865611322e-03    -0.0000000000e+00
   10.650000    -0.0000000000e+00     1.2054976896e-02    -0.0000000000e+00
   10.700000    -0.0000000000e+00     1.1703255581e-02    -0.0000000000e+00
   10.750000    -0.0000000000e+00     8.7722735780e-03    -0.0000000000e+00
   10.800000    -0.0000000000e+00     7.7882205935e-03    -0.0000000000e+00
   10.850000     0.0000000000e+00     8.4030638294e-03    -0.0000000000e+00
   10.900000     0.0000000000e+00     8.3967324386e-03    -0.0000000000e+00
   10.950000    -0.0000000000e+00     8.8459533928e-03    -0.0000000000e+00
   11.000000    -0.0000000000e+00     1.0109269237e-02    -0.0000000000e+00
   11.050000    -0.0000000000e+00     1.1904353507e-02    -0.0000000000e+00
   11.100000    -0.0000000000e+00     1.1360565894e-02    -0.0000000000e+00
   11.150000    -0.0000000000e+00     8.0864836749e-03    -0.0000000000e+00
   11.200000    -0.0000000000e+00     4.6105127526e-03    -0.0000000000e+00
   11.250000    -0.0000000000e+00     3.8225326369e-03     0.0000000000e+00
   11.300000    -0.0000000000e+00     6.3901372775e-03     0.0000000000e+00
   11.350000    -0.0000000000e+00     1.0316961759e-02     0.0000000000e+00
   11.400000    -0.0000000000e+00     1.4134043217e-02     0.0000000000e+00
   11.450000    -0.0000000000e+00     1.6545390450e-02     0.0000000000e+00
   11.500000    -0.0000000000e+00     1.5864497600e-02     0.0000000000e+00
   11.550000    -0.0000000000e+00     1.2203880946e-02     0.0000000000e+00
   11.600000    -0.0000000000e+00     9.5955421337e-03     0.0000000000e+00
   11.650000    -0.0000000000e+00     8.8763906922e-03     0.0000000000e+00
   11.700000    -0.0000000000e+00     8.5616840898e-03     0.0000000000e+00
   11.750000    -0.0000000000e+00     6.8258703449e-03     0.0000000000e+00
   11.800000    -0.0000000000e+00     4.9584100384e-03    -0.0000000000e+00
   11.850000    -0.0000000000e+00     5.1429971693e-03    -0.0000000000e+00
   11.900000    -0.0000000000e+00     6.7158101719e-03    -0.0000000000e+00
   11.950000    -0.0000000000e+00     8.0961651838e-03    -0.0000000000e+00
   12.000000    -0.0000000000e+00     9.9626360214e-03     0.0000000000e+00
   12.050000    -0.0000000000e+00     1.3264059597e-02     0.0000000000e+00
   12.100000    -0.0000000000e+00     1.5924215063e-02     0.0000000000e+00
   12.150000    -0.0000000000e+00     1.6213687185e-02     0.0000000000e+00
   12.200000    -0.0000000000e+00     1.4096695056e-02     0.0000000000e+00
   12.250000    -0.0000000000e+00     1.1345517234e-02    -0.0000000000e+00
   12.300000     0.0000000000e+00     8.8610193326e-03    -0.0000000000e+00
   12.350000     0.0000000000e+00     8.5318062264e-03    -0.0000000000e+00
   12.400000     0.0000000000e+00     9.9148169240e-03    -0.0000000000e+00
   12.450000     0.0000000000e+00     1.0815833939e-02    -0.0000000000e+00
   12.500000     0.0000000000e+00     1.0924396232e-02    -0.0000000000e+00
   12.550000     0.0000000000e+00     1.0308774517e-02    -0.0000000000e+00
   12.600000    -0.0000000000e+00     8.3147927244e-03    -0.0000000000e+00
   12.650000    -0.0000000000e+00     5.9678581127e-03    -0.0000000000e+00
   12.700000    -0.0000000000e+00     5.8958282155e-03    -0.0000000000e+00
   12.750000     0.0000000000e+00     7.5483815673e-03    -0.0000000000e+00
   12.800000     0.0000000000e+00     9.3377967113e-03    -0.0000000000e+00
   12.850000     0.0000000000e+00     1.0661347231e-02    -0.0000000000e+00
   12.900000     0.0000000000e+00     1.0612590775e-02    -0.0000000000e+00
   12.950000    -0.0000000000e+00     7.2178700810e-03    -0.0000000000e+00
   13.000000    -0.0000000000e+00     4.4073209631e-03    -0.0000000000e+00
   13.050000    -0.0000000000e+00     4.9419267027e-03    -0.0000000000e+00
   13.100000    -0.0000000000e+00     6.9546594835e-03    -0.0000000000e+00
   13.150000    -0.0000000000e+00     9.8049907513e-03    -0.0000000000e+00
   13.200000    -0.0000000000e+00     1.1975452995e-02    -0.0000000000e+00
   13.250000    -0.0000000000e+00     1.1825171602e-02    -0.0000000000e+00
   13.300000    -0.0000000000e+00     1.0156415618e-02    -0.0000000000e+00
   13.350000     0.0000000000e+00     8.1525305543e-03    -0.0000000000e+00
   13.400000     0.0000000000e+00     5.0036717116e-03    -0.0000000000e+00
   13.450000     0.0000000000e+00     3.5164070047e-03     0.0000000000e+00
   13.500000     0.0000000000e+00     6.2748679795e-03     0.0000000000e+00
   13.550000     0.0000000000e+00     1.1143242051e-02     0.0000000000e+00
   13.600000     0.0000000000e+00     1.4860469560e-02     0.0000000000e+00
   13.650000     0.0000000000e+00     1.9084466668e-02    -0.0000000000e+00
   13.700000     0.0000000000e+00     2.2691608295e-02    -0.0000000000e+00
   13.750000    -0.0000000000e+00     2.0625882825e-02    -0.0000000000e+00
   13.800000    -0.0000000000e+00     1.5582244501e-02    -0.0000000000e+00
   13.850000    -0.0000000000e+00     1.1206077941e-02    -0.0000000000e+00
   13.900000    -0.0000000000e+00     9.4208049736e-03     0.0000000000e+00
   13.950000    -0.0000000000e+00     9.7530682469e-03     0.0000000000e+00
   14.000000    -0.0000000000e+00     1.0634182750e-02     0.0000000000e+00
   14.050000    -0.0000000000e+00     1.1438478249e-02    -0.0000000000e+00
   14.100000    -0.0000000000e+00     1.1910070088e-02    -0.0000000000e+00
   14.150000    -0.0000000000e+00     1.1051613041e-02    -0.0000000000e+00
   14.200000    -0.0000000000e+00     9.8018817570e-03     0.0000000000e+00
   14.250000    -0.0000000000e+00     1.0454119627e-02     0.0000000000e+00
   14.300000     0.0000000000e+00     1.2798510510e-02     0.0000000000e+00
   14.350000    -0.0000000000e+00     1.3842510065e-02     0.0000000000e+00
   14.400000    -0.0000000000e+00     1.2912807537e-02     0.0000000000e+00
   14.450000    -0.0000000000e+00     1.2162578322e-02     0.0000000000e+00
   14.500000     0.0000000000e+00     9.8431476693e-03     0.0000000000e+00
   14.550000     0.0000000000e+00     9.0460264441e-03    -0.0000000000e+00
   14.600000     0.0000000000e+00     1.2302664109e-02    -0.0000000000e+00
   14.650000    -0.0000000000e+00     1.5645247205e-02    -0.0000000000e+00
   14.700000    -0.0000000000e+00     1.7797465017e-02    -0.0000000000e+00
   14.750000    -0.0000000000e+00     2.1613007515e-02    -0.0000000000e+00
   14.800000    -0.0000000000e+00     2.5037969595e-02    -0.0000000000e+00
   14.850000    -0.0000000000e+00     2.1074432180e-02    -0.0000000000e+00
   14.900000    -0.0000000000e+00     1.1573349287e-02    -0.0000000000e+00
   14.950000    -0.0000000000e+00     5.6617966857e-03     0.0000000000e+00
   15.000000    -0.0000000000e+00     5.8491298212e-03     0.0000000000e+00
   15.050000    -0.0000000000e+00     7.8296320182e-03     0.0000000000e+00
   15.100000    -0.0000000000e+00     9.6749776757e-03     0.0000000000e+00
   15.150000    -0.0000000000e+00     1.0920673221e-02     0.0000000000e+00
   15.200000    -0.0000000000e+00     1.0679134851e-02     0.0000000000e+00
   15.250000    -0.0000000000e+00     8.9187294427e-03     0.0000000000e+00
   15.300000    -0.0000000000e+00     8.4498965798e-03     0.0000000000e+00
   15.350000    -0.0000000000e+00     9.8820088489e-03    -0.0000000000e+00
   15.400000    -0.0000000000e+00     1.1093613960e-02    -0.0000000000e+00
   15.450000     0.0000000000e+00     1.2135245439e-02    -0.0000000000e+00
   15.500000     0.0000000000e+00     1.1975890519e-02     0.0000000000e+00
   15.550000     0.0000000000e+00     9.7302143968e-03     0.0000000000e+00
   15.600000     0.0000000000e+00     6.5510522667e-03     0.0000000000e+00
   15.650000    -0.0000000000e+00     5.9018206346e-03     0.0000000000e+00
   15.700000    -0.0000000000e+00     8.1498620648e-03     0.0000000000e+00
   15.750000    -0.0000000000e+00     1.1838967787e-02     0.0000000000e+00
   15.800000     0.0000000000e+00     1.4620482190e-02    -0.0000000000e+00
   15.850000     0.0000000000e+00     1.5063176051e-02    -0.0000000000e+00
   15.900000     0.0000000000e+00     1.3198713392e-02    -0.0000000000e+00
   15.950000    -0.0000000000e+00     1.0638359270e-02    -0.0000000000e+00
   16.000000    -0.0000000000e+00     1.0932963153e-02    -0.0000000000e+00
   16.050000    -0.0000000000e+00     1.3825879555e-02    -0.0000000000e+00
   16.100000    -0.0000000000e+00     1.6436449633e-02    -0.0000000000e+00
   16.150000    -0.0000000000e+00     1.6900130383e-02    -0.0000000000e+00
   16.200000    -0.0000000000e+00     1.6006332651e-02    -0.0000000000e+00
   16.250000    -0.0000000000e+00     1.4575644380e-02    -0.0000000000e+00
   16.300000    -0.0000000000e+00     1.4154013822e-02     0.0000000000e+00
   16.350000    -0.0000000000e+00     1.5305086685e-02     0.0000000000e+00
   16.400000    -0.0000000000e+00     1.8615097179e-02     0.0000000000e+00
   16.450000    -0.0000000000e+00     2.2996797930e-02     0.0000000000e+00
   16.500000    -0.0000000000e+00     2.6853244098e-02     0.0000000000e+00
   16.550000    -0.0000000000e+00     2.8969056423e-02     0.0000000000e+00
   16.600000     0.0000000000e+00     2.7743383457e-02     0.0000000000e+00
   16.650000     0.0000000000e+00     2.6076794710e-02     0.0000000000e+00
   16.700000     0.0000000000e+00     2.4366087581e-02     0.0000000000e+00
   16.750000     0.0000000000e+00     2.1075027523e-02    -0.0000000000e+00
   16.800000    -0.0000000000e+00     1.8344081018e-02    -0.0000000000e+00
   16.850000     0.0000000000e+00     1.7764774006e-02    -0.0000000000e+00
   16.900000     0.0000000000e+00     1.5900569886e-02    -0.0000000000e+00
   16.950000     0.0000000000e+00     1.3218428092e-02     0.0000000000e+00
   17.000000     0.0000000000e+00     1.3960530132e-02     0.0000000000e+00
   17.050000     0.0000000000e+00     1.7086302379e-02     0.0000000000e+00
   17.100000    -0.0000000000e+00     1.6632702743e-02     0.0000000000e+00
   17.150000    -0.0000000000e+00     1.1341308931e-02     0.0000000000e+00
   17.200000    -0.0000000000e+00     7.6784405151e-03     0.0000000000e+00
   17.250000    -0.0000000000e+00     8.5827071219e-03    -0.0000000000e+00
   17.300000    -0.0000000000e+00     1.1304037548e-02    -0.0000000000e+00
   17.350000    -0.0000000000e+00     1.2694060049e-02    -0.0000000000e+00
   17.400000    -0.0000000000e+00     1.3180409672e-02    -0.0000000000e+00
   17.450000    -0.0000000000e+00     1.2844983074e-02    -0.0000000000e+00
   17.500000    -0.0000000000e+00     1.1209675515e-02    -0.0000000000e+00
   17.550000    -0.0000000000e+00     8.8872736384e-03    -0.0000000000e+00
   17.600000    -0.0000000000e+00     8.4434905777e-03    -0.0000000000e+00
   17.650000    -0.0000000000e+00     1.0203990087e-02    -0.0000000000e+00
   17.700000     0.0000000000e+00     1.2333057124e-02    -0.0000000000e+00
   17.750000    -0.0000000000e+00     1.3997300131e-02    -0.0000000000e+00
   17.800000    -0.0000000000e+00     1.3388256645e-02    -0.0000000000e+00
   17.850000    -0.0000000000e+00     1.1135626074e-02    -0.0000000000e+00
   17.900000    -0.0000000000e+00     9.2100902737e-03    -0.0000000000e+00
   17.950000    -0.0000000000e+00     8.9820178589e-03    -0.0000000000e+00
   18.000000    -0.0000000000e+00     9.9021584591e-03    -0.0000000000e+00
   18.050000    -0.0000000000e+00     1.1836670441e-02    -0.0000000000e+00
   18.100000    -0.0000000000e+00     1.3322665767e-02    -0.0000000000e+00
   18.150000    -0.0000000000e+00     1.2869641064e-02    -0.0000000000e+00
   18.200000    -0.0000000000e+00     1.1611334671e-02    -0.0000000000e+00
   18.250000    -0.0000000000e+00     1.0562802877e-02     0.0000000000e+00
   18.300000     0.0000000000e+00     8.9980288442e-03     0.0000000000e+00
   18.350000     0.0000000000e+00     7.5575065703e-03     0.0000000000e+00
   18.400000    -0.0000000000e+00     9.4347229955e-03     0.0000000000e+00
   18.450000    -0.0000000000e+00     1.2983022623e-02     0.0000000000e+00
   18.500000    -0.0000000000e+00     1.4477247431e-02     0.0000000000e+00
   18.550000    -0.0000000000e+00     1.4185734951e-02     0.0000000000e+00
   18.600000    -0.0000000000e+00     1.4868439537e-02     0.0000000000e+00
   18.650000    -0.0000000000e+00     1.5919914520e-02     0.0000000000e+00
   18.700000    -0.0000000000e+00     1.5537431055e-02     0.0000000000e+00
   18.750000    -0.0000000000e+00     1.3684260060e-02     0.0000000000e+00
   18.800000    -0.0000000000e+00     1.1889399915e-02     0.0000000000e+00
   18.850000    -0.0000000000e+00     1.1385825421e-02     0.0000000000e+00
   18.900000     0.0000000000e+00     1.0924230537e-02     0.0000000000e+00
   18.950000     0.0000000000e+00     1.0367783762e-02     0.0000000000e+00
   19.000000     0.0000000000e+00     9.6813020567e-03    -0.0000000000e+00
   19.050000     0.0000000000e+00     1.0408421253e-02    -0.0000000000e+00
   19.100000     0.0000000000e+00     1.4050927575e-02     0.0000000000e+00
   19.150000     0.0000000000e+00     1.7626894698e-02     0.0000000000e+00
   19.200000     0.0000000000e+00     1.7379615263e-02     0.0000000000e+00
   19.250000    -0.0000000000e+00     1.5521311155e-02     0.0000000000e+00
   19.300000    -0.0000000000e+00     1.2976363009e-02     0.0000000000e+00
   19.350000    -0.0000000000e+00     9.7038701590e-03     0.0000000000e+00
   19.400000    -0.0000000000e+00     8.4848183342e-03     0.0000000000e+00
   19.450000    -0.0000000000e+00     9.7049489943e-03     0.0000000000e+00
   19.500000    -0.0000000000e+00     1.1602806006e-02     0.0000000000e+00
   19.550000    -0.0000000000e+00     1.2003634331e-02     0.0000000000e+00
   19.600000    -0.0000000000e+00     1.1470160798e-02     0.0000000000e+00
   19.650000    -0.0000000000e+00     1.2511481352e-02     0.0000000000e+00
   19.700000    -0.0000000000e+00     1.6129006734e-02     0.0000000000e+00
   19.750000    -0.0000000000e+00     1.9748591093e-02    -0.0000000000e+00
   19.800000     0.0000000000e+00     2.3133455551e-02    -0.0000000000e+00
   19.850000     0.0000000000e+00     2.5273533647e-02    -0.0000000000e+00
   19.900000     0.0000000000e+00     2.3425445897e-02    -0.0000000000e+00
   19.950000     0.0000000000e+00     1.9001547593e-02    -0.0000000000e+00
   20.000000    -0.0000000000e+00     1.4202218588e-02    -0.0000000000e+00
   20.050000    -0.0000000000e+00     1.1028850363e-02    -0.0000000000e+00
   20.100000    -0.0000000000e+00     1.1475617286e-02     0.0000000000e+00
   20.150000    -0.0000000000e+00     1.4412729549e-02     0.0000000000e+00
   20.200000    -0.0000000000e+00     1.6221641707e-02     0.0000000000e+00
   20.250000    -0.0000000000e+00     1.8024717339e-02     0.0000000000e+00
   20.300000    -0.0000000000e+00     1.9594390781e-02     0.0000000000e+00
   20.350000    -0.0000000000e+00     1.8940779698e-02    -0.0000000000e+00
   20.400000     0.0000000000e+00     1.6928792822e-02    -0.0000000000e+00
   20.450000     0.0000000000e+00     1.3967042207e-02    -0.0000000000e+00
   20.500000     0.0000000000e+00     1.0961422726e-02    -0.0000000000e+00
   20.550000     0.0000000000e+00     1.0350047888e-02    -0.0000000000e+00
   20.600000     0.0000000000e+00     1.1917334558e-02    -0.0000000000e+00
   20.650000     0.0000000000e+00     1.3349649191e-02    -0.0000000000e+00
   20.700000    -0.0000000000e+00     1.5089002857e-02    -0.0000000000e+00
   20.750000    -0.0000000000e+00     1.6948736611e-02    -0.0000000000e+00
   20.800000    -0.0000000000e+00     1.8439141261e-02    -0.0000000000e+00
   20.850000    -0.0000000000e+00     1.7082562272e-02     0.0000000000e+00
   20.900000    -0.0000000000e+00     1.3658029331e-02    -0.0000000000e+00
   20.950000     0.0000000000e+00     1.2311428448e-02    -0.0000000000e+00
   21.000000     0.0000000000e+00     1.2793397862e-02    -0.0000000000e+00
   21.050000     0.0000000000e+00     1.2262365239e-02    -0.0000000000e+00
   21.100000    -0.0000000000e+00     1.0588117577e-02    -0.0000000000e+00
   21.150000     0.0000000000e+00     9.7743974960e-03    -0.0000000000e+00
   21.200000     0.0000000000e+00     1.0643339371e-02    -0.0000000000e+00
   21.250000     0.0000000000e+00     1.2369514721e-02    -0.0000000000e+00
   21.300000     0.0000000000e+00     1.3168395522e-02    -0.0000000000e+00
   21.350000     0.0000000000e+00     1.3144395049e-02    -0.0000000000e+00
   21.400000     0.0000000000e+00     1.2196840401e-02    -0.0000000000e+00
   21.450000     0.0000000000e+00     1.2773519149e-02     0.0000000000e+00
   21.500000     0.0000000000e+00     1.5349828810e-02     0.0000000000e+00
   21.550000     0.0000000000e+00     1.6585899432e-02     0.0000000000e+00
   21.600000     0.0000000000e+00     1.5308861725e-02     0.0000000000e+00
   21.650000    -0.0000000000e+00     1.2518448046e-02     0.0000000000e+00
   21.700000    -0.0000000000e+00     1.0539399742e-02     0.0000000000e+00
   21.750000    -0.0000000000e+00     9.8977365765e-03     0.0000000000e+00
   21.800000    -0.0000000000e+00     9.3332303920e-03     0.0000000000e+00
   21.850000    -0.0000000000e+00     7.4790652003e-03     0.0000000000e+00
   21.900000    -0.0000000000e+00     5.5020868890e-03     0.0000000000e+00
   21.950000    -0.0000000000e+00     4.6480982490e-03     0.0000000000e+00
   22.000000    -0.0000000000e+00     5.6023942158e-03     0.0000000000e+00
   22.050000    -0.0000000000e+00     7.9973718285e-03     0.0000000000e+00
   22.100000    -0.0000000000e+00     1.1164460416e-02     0.0000000000e+00
   22.150000    -0.0000000000e+00     1.3376009257e-02     0.0000000000e+00
   22.200000    -0.0000000000e+00     1.3627060362e-02     0.0000000000e+00
   22.250000    -0.0000000000e+00     1.3019398487e-02     0.0000000000e+00
   22.300000    -0.0000000000e+00     1.1224308589e-02     0.0000000000e+00
   22.350000    -0.0000000000e+00     8.8485701787e-03     0.0000000000e+00
   22.400000    -0.0000000000e+00     7.2709098810e-03     0.0000000000e+00
   22.450000    -0.0000000000e+00     7.4254587401e-03     0.0000000000e+00
   22.500000    -0.0000000000e+00     8.2442264235e-03     0.0000000000e+00
   22.550000     0.0000000000e+00     9.1521879126e-03    -0.0000000000e+00
   22.600000    -0.0000000000e+00     1.0330175226e-02     0.0000000000e+00
   22.650000    -0.0000000000e+00     1.2587185775e-02     0.0000000000e+00
   22.700000    -0.0000000000e+00     1.4374443597e-02     0.0000000000e+00
   22.750000    -0.0000000000e+00     1.3024945093e-02     0.0000000000e+00
   22.800000    -0.0000000000e+00     1.0242826392e-02     0.0000000000e+00
   22.850000    -0.0000000000e+00     8.8584764271e-03     0.0000000000e+00
   22.900000    -0.0000000000e+00     1.0042844584e-02     0.0000000000e+00
   22.950000    -0.0000000000e+00     1.3299343841e-02    -0.0000000000e+00
   23.000000    -0.0000000000e+00     1.7104050358e-02    -0.0000000000e+00
   23.050000    -0.0000000000e+00     1.7622261222e-02    -0.0000000000e+00
   23.100000    -0.0000000000e+00     1.4393286635e-02    -0.0000000000e+00
   23.150000    -0.0000000000e+00     1.1020616702e-02    -0.0000000000e+00
   23.200000    -0.0000000000e+00     9.2084352027e-03    -0.0000000000e+00
   23.250000     0.0000000000e+00     8.6198512411e-03     0.0000000000e+00
   23.300000     0.0000000000e+00     9.4372189504e-03     0.0000000000e+00
   23.350000    -0.0000000000e+00     1.0765982417e-02     0.0000000000e+00
   23.400000    -0.0000000000e+00     1.1714917462e-02    -0.0000000000e+00
   23.450000    -0.0000000000e+00     1.3434709338e-02    -0.0000000000e+00
   23.500000    -0.0000000000e+00     1.5217258706e-02    -0.0000000000e+00
   23.550000    -0.0000000000e+00     1.6252520773e-02    -0.0000000000e+00
   23.600000     0.0000000000e+00     1.6060148299e-02    -0.0000000000e+00
   23.650000     0.0000000000e+00     1.4591656618e-02     0.0000000000e+00
   23.700000     0.0000000000e+00     1.2442819731e-02     0.0000000000e+00
   23.750000     0.0000000000e+00     1.1037233707e-02     0.0000000000e+00
   23.800000     0.0000000000e+00     1.0773130188e-02     0.0000000000e+00
   23.850000    -0.0000000000e+00     1.0467745672e-02    -0.0000000000e+00
   23.900000    -0.0000000000e+00     8.9346830335e-03    -0.0000000000e+00
   23.950000    -0.0000000000e+00     7.2094266221e-03    -0.0000000000e+00
   24.000000    -0.0000000000e+00     7.2285602129e-03    -0.0000000000e+00
   24.050000    -0.0000000000e+00     8.4755678351e-03    -0.0000000000e+00
   24.100000    -0.0000000000e+00     1.0355200927e-02     0.0000000000e+00
   24.150000    -0.0000000000e+00     1.2464462059e-02     0.0000000000e+00
   24.200000    -0.0000000000e+00     1.4443089542e-02     0.0000000000e+00
   24.250000     0.0000000000e+00     1.5660839111e-02     0.0000000000e+00
   24.300000     0.0000000000e+00     1.6728924152e-02    -0.0000000000e+00
   24.350000     0.0000000000e+00     1.6613869546e-02    -0.0000000000e+00
   24.400000     0.0000000000e+00     1.4363117197e-02    -0.0000000000e+00
   24.450000     0.0000000000e+00     1.2025462786e-02    -0.0000000000e+00
   24.500000     0.0000000000e+00     1.0953948887e-02    -0.0000000000e+00
   24.550000     0.0000000000e+00     1.1154907746e-02    -0.0000000000e+00
   24.600000     0.0000000000e+00     1.1392598606e-02    -0.0000000000e+00
   24.650000     0.0000000000e+00     1.1700182601e-02    -0.0000000000e+00
   24.700000    -0.0000000000e+00     1.2138888309e-02    -0.0000000000e+00
   24.750000    -0.0000000000e+00     1.2357724136e-02    -0.0000000000e+00
   24.800000    -0.0000000000e+00     1.1812528915e-02     0.0000000000e+00
   24.850000    -0.0000000000e+00     1.0967656591e-02    -0.0000000000e+00
   24.900000    -0.0000000000e+00     9.7871685719e-03    -0.0000000000e+00
   24.950000    -0.0000000000e+00     8.3878904625e-03    -0.0000000000e+00
   25.000000    -0.0000000000e+00     7.1084702303e-03    -0.0000000000e+00
   25.050000    -0.0000000000e+00     5.8648080793e-03    -0.0000000000e+00
   25.100000    -0.0000000000e+00     5.8536858796e-03    -0.0000000000e+00
   25.150000    -0.0000000000e+00     8.0294066967e-03    -0.0000000000e+00
   25.200000     0.0000000000e+00     1.0638846584e-02    -0.0000000000e+00
   25.250000    -0.0000000000e+00     1.1072989256e-02     0.0000000000e+00
   25.300000    -0.0000000000e+00     1.1014800383e-02     0.0000000000e+00
   25.350000    -0.0000000000e+00     1.1449549604e-02     0.0000000000e+00
   25.400000    -0.0000000000e+00     1.2326282171e-02     0.0000000000e+00
   25.450000    -0.0000000000e+00     1.2785477181e-02    -0.0000000000e+00
   25.500000    -0.0000000000e+00     1.1923005605e-02    -0.0000000000e+00
   25.550000    -0.0000000000e+00     1.0307287271e-02    -0.0000000000e+00
   25.600000    -0.0000000000e+00     9.6195338932e-03    -0.0000000000e+00
   25.650000    -0.0000000000e+00     1.0282426774e-02    -0.0000000000e+00
   25.700000    -0.0000000000e+00     1.0599160229e-02    -0.0000000000e+00
   25.750000    -0.0000000000e+00     1.1370202171e-02    -0.0000000000e+00
   25.800000    -0.0000000000e+00     1.2715067914e-02     0.0000000000e+00
   25.850000    -0.0000000000e+00     1.2758286516e-02     0.0000000000e+00
   25.900000    -0.0000000000e+00     1.0903318995e-02    -0.0000000000e+00
   25.950000    -0.0000000000e+00     9.2723058267e-03    -0.0000000000e+00
   26.000000    -0.0000000000e+00     7.5140100826e-03    -0.0000000000e+00
   26.050000    -0.0000000000e+00     5.2088328562e-03     0.0000000000e+00
   26.100000    -0.0000000000e+00     4.8373607574e-03     0.0000000000e+00
   26.150000    -0.0000000000e+00     8.2968867032e-03     0.0000000000e+00
   26.200000    -0.0000000000e+00     1.3542427281e-02    -0.0000000000e+00
   26.250000    -0.0000000000e+00     1.6458876544e-02    -0.0000000000e+00
   26.300000    -0.0000000000e+00     1.6256657641e-02    -0.0000000000e+00
   26.350000    -0.0000000000e+00     1.4261964603e-02    -0.0000000000e+00
   26.400000    -0.0000000000e+00     1.2697625909e-02     0.0000000000e+00
   26.450000     0.0000000000e+00     1.1995936485e-02     0.0000000000e+00
   26.500000    -0.0000000000e+00     1.1274375387e-02     0.0000000000e+00
   26.550000    -0.0000000000e+00     1.0642221243e-02     0.0000000000e+00
   26.600000     0.0000000000e+00     1.1154540193e-02     0.0000000000e+00
   26.650000     0.0000000000e+00     1.2086455556e-02    -0.0000000000e+00
   26.700000     0.0000000000e+00     1.2174274485e-02    -0.0000000000e+00
   26.750000     0.0000000000e+00     1.1351567547e-02     0.0000000000e+00
   26.800000     0.0000000000e+00     1.0217037063e-02     0.0000000000e+00
   26.850000    -0.0000000000e+00     1.0120645324e-02     0.0000000000e+00
   26.900000    -0.0000000000e+00     1.0171292877e-02     0.0000000000e+00
   26.950000    -0.0000000000e+00     9.1492704947e-03    -0.0000000000e+00
   27.000000     0.0000000000e+00     7.8786698035e-03    -0.0000000000e+00
   27.050000     0.0000000000e+00     8.8018405573e-03    -0.0000000000e+00
   27.100000     0.0000000000e+00     1.1326508944e-02    -0.0000000000e+00
   27.150000     0.0000000000e+00     1.2766229126e-02    -0.0000000000e+00
   27.200000     0.0000000000e+00     1.1778385727e-02    -0.0000000000e+00
   27.250000     0.0000000000e+00     1.0113801394e-02    -0.0000000000e+00
   27.300000     0.0000000000e+00     9.5952012240e-03    -0.0000000000e+00
   27.350000    -0.0000000000e+00     9.5577045543e-03    -0.0000000000e+00
   27.400000    -0.0000000000e+00     9.1470592389e-03    -0.0000000000e+00
   27.450000    -0.0000000000e+00     9.0238270853e-03    -0.0000000000e+00
   27.500000    -0.0000000000e+00     9.7009284975e-03    -0.0000000000e+00
   27.550000    -0.0000000000e+00     9.5929033408e-03    -0.0000000000e+00
   27.600000     0.0000000000e+00     9.5572095438e-03    -0.0000000000e+00
   27.650000     0.0000000000e+00     9.7479172110e-03    -0.0000000000e+00
   27.700000     0.0000000000e+00     9.7267172048e-03     0.0000000000e+00
   27.750000     0.0000000000e+00     9.7357245065e-03     0.0000000000e+00
   27.800000     0.0000000000e+00     1.0292560546e-02     0.0000000000e+00
   27.850000     0.0000000000e+00     1.0862440694e-02     0.0000000000e+00
   27.900000    -0.0000000000e+00     1.0058702509e-02     0.0000000000e+00
   27.950000    -0.0000000000e+00     8.5714064812e-03     0.0000000000e+00
   28.000000    -0.0000000000e+00     7.8020861566e-03     0.0000000000e+00
   28.050000    -0.0000000000e+00     8.3901457888e-03     0.0000000000e+00
   28.100000    -0.0000000000e+00     9.7509310946e-03     0.0000000000e+00
   28.150000    -0.0000000000e+00     1.1147326819e-02     0.0000000000e+00
   28.200000    -0.0000000000e+00     1.0998933606e-02     0.0000000000e+00
   28.250000    -0.0000000000e+00     1.0503105519e-02     0.0000000000e+00
   28.300000    -0.0000000000e+00     1.0711393380e-02     0.0000000000e+00
   28.350000    -0.0000000000e+00     1.1089642521e-02     0.0000000000e+00
   28.400000     0.0000000000e+00     1.1383206609e-02     0.0000000000e+00
   28.450000     0.0000000000e+00     1.1346107679e-02     0.0000000000e+00
   28.500000     0.0000000000e+00     1.0868742456e-02     0.0000000000e+00
   28.550000     0.0000000000e+00     1.0145096614e-02     0.0000000000e+00
   28.600000     0.0000000000e+00     9.4413297459e-03     0.0000000000e+00
   28.650000     0.0000000000e+00     7.7967022239e-03    -0.0000000000e+00
   28.700000     0.0000000000e+00     6.5564020309e-03    -0.0000000000e+00
   28.750000    -0.0000000000e+00     7.0402798739e-03    -0.0000000000e+00
   28.800000    -0.0000000000e+00     8.7657537780e-03    -0.0000000000e+00
   28.850000    -0.0000000000e+00     9.4901437610e-03    -0.0000000000e+00
   28.900000    -0.0000000000e+00     9.7456574298e-03    -0.0000000000e+00
   28.950000    -0.0000000000e+00     1.1981233789e-02    -0.0000000000e+00
   29.000000     0.0000000000e+00     1.5452130657e-02    -0.0000000000e+00
   29.050000     0.0000000000e+00     1.6811333527e-02    -0.0000000000e+00
   29.100000     0.0000000000e+00     1.5148646920e-02    -0.0000000000e+00
   29.150000    -0.0000000000e+00     1.3516412526e-02     0.0000000000e+00
   29.200000    -0.0000000000e+00     1.2542512810e-02     0.0000000000e+00
   29.250000    -0.0000000000e+00     1.1933567283e-02    -0.0000000000e+00
   29.300000    -0.0000000000e+00     1.1895621292e-02     0.0000000000e+00
   29.350000    -0.0000000000e+00     1.2227030395e-02     0.0000000000e+00
   29.400000    -0.0000000000e+00     1.1271500717e-02     0.0000000000e+00
   29.450000    -0.0000000000e+00     9.6164470666e-03     0.0000000000e+00
   29.500000    -0.0000000000e+00     9.3727911277e-03     0.0000000000e+00
   29.550000     0.0000000000e+00     1.1053593061e-02     0.0000000000e+00
   29.600000     0.0000000000e+00     1.3461177795e-02    -0.0000000000e+00
   29.650000     0.0000000000e+00     1.4085588894e-02    -0.0000000000e+00
   29.700000     0.0000000000e+00     1.2259652039e-02    -0.0000000000e+00
   29.750000    -0.0000000000e+00     1.0301484353e-02    -0.0000000000e+00
   29.800000    -0.0000000000e+00     9.6697074669e-03    -0.0000000000e+00
   29.850000    -0.0000000000e+00     8.4124466479e-03    -0.0000000000e+00
   29.900000    -0.0000000000e+00     7.0073840713e-03    -0.0000000000e+00
   29.950000    -0.0000000000e+00     7.1991530989e-03    -0.0000000000e+00
   30.000000    -0.0000000000e+00     9.6847976980e-03    -0.0000000000e+00
