case_vacancy
0 -507.92559
0.049286904 -507.91098
0.098597812 -507.84389
0.14797188 -507.71806
0.1974736 -507.5555
0.24718467 -507.40388
0.2971853 -507.30601
0.34753361 -507.28001
0.39825628 -507.30613
0.44934728 -507.35324
0.50081184 -507.37344
0.5526816 -507.35179
0.6049503 -507.3035
0.65749286 -507.27975
0.70583369 -507.30994
0.75439812 -507.40812
0.80324719 -507.55795
0.85231178 -507.71898
0.90149665 -507.8441
0.95073713 -507.91101
1 -507.92559
case_sia110
0 -514.08914
0.040442042 -514.08496
0.081125483 -514.04596
0.12233314 -513.97027
0.16430229 -513.87612
0.20723065 -513.78591
0.25128328 -513.71582
0.2965831 -513.67759
0.34321699 -513.65323
0.39126417 -513.64956
0.44073784 -513.65483
0.49180943 -513.65093
0.54408818 -513.65197
0.59726954 -513.65398
0.65007742 -513.648
0.70796262 -513.66808
0.76538368 -513.71244
0.82318663 -513.80859
0.88163028 -513.93803
0.94063834 -514.05098
1 -514.08914
