0.0278545440482713 
0.0173571433919356 
0.0173571433919356 
0.0396933335948170 
0.0396933335948170 
0.0396933335948170 
0.0396933335948170 
0.0396933335948170 
0.0396933335948170 
0.0396933335948170 
0.0378085836709556 
0.0378085836709556 
0.0308877812612893 
0.0308877812612893 
0.0124329592813285 
0.0031245042683231 
0.0444276757550647 
0.0444276757550647 
0.0444276757550647 
0.0444276757550647 
0.0444276757550647 
0.0444276757550647 
0.0444276757550647 
0.0444276757550647 
0.0444276757550647 
0.0444276757550647 
0.0166084585711344 
0.0396928188748516 
0.0396928188748516 
0.0396928188748516 
0.0396928188748516 
0.0202367481193311 
0.0202367481193311 
0.0202367481193311 
0.0093375432295700 
0.0093375432295700 
0.0251341914093083 
0.0153583966645478 
0.0304163988087427 
0.0304163988087427 
0.0314023935791814 
0.0002571703110721 
0.0000134790595624 
0.0000134790595624 
0.0011940202158097 
0.0011940202158097 
0.0011940202158097 
0.0011940202158097 
0.0011940202158097 
0.0301102887276198 
0.0301102887276198 
0.0301102887276198 
0.0301102887276198 
0.0002126754782840 
0.0085040543708722 
0.0026165290110972 
0.0028547571825906 
0.0028547571825906 
0.0118987346145096 
0.0118987346145096 
0.0036200893231298 
0.0600164997487788 
0.0600164997487788 
0.0600164997487788 
0.0600164997487788 
0.0374355728670215 
0.0374355728670215 
0.0381534024489201 
0.0381534024489201 
0.0539743878346670 
0.0539743878346670 
0.0539743878346670 
0.0539743878346670 
0.0539743878346670 
0.0539743878346670 
0.0087150895978852 
0.0605712697250708 
0.0198923152728017 
0.0198923152728017 
0.0198923152728017 
0.0501703966245076 
0.0501703966245076 
0.0501703966245076 
0.0501703966245076 
0.0501703966245076 
0.0031309612401361 
0.0031309612401361 
0.0583562509214783 
0.0404466395499921 
0.0404466395499921 
0.0028354605961131 
0.0019220111705127 
0.0019220111705127 
0.0362245874445280 
0.0024786502394524 
0.0024786502394524 
0.0024786502394524 
0.0024786502394524 
0.0091723867027375 
0.0091723867027375 
0.0091723867027375 
0.0360071900707156 
0.0038239108640978 
0.0038239108640978 
0.0038239108640978 
0.0117583996672406 
0.0117583996672406 
0.0151441141932487 
0.0151441141932487 
0.0114484786594967 
0.0356797380131574 
0.0153272762484985 
0.0153272762484985 
0.0153272762484985 
0.0063571235544462 
0.0625124541632680 
0.0625124541632680 
0.0139434506198520 
0.0013254578740661 
0.0025365998599997 
0.0400675822996821 
0.0480378387240885 
0.0477092371515186 
0.0483948742821310 
0.0137459466754891 
0.0137459466754891 
0.0137459466754891 
0.0248788323898516 
0.0202616040603952 
0.0202616040603952 
0.0047689123129909 
0.0508473781580098 
0.0508473781580098 
0.0508473781580098 
0.0508473781580098 
0.0508473781580098 
0.0003478734056130 
0.0036458176771899 
0.0066829850751061 
0.0018197786742551 
0.0018197786742551 
0.0281859046437158 
0.0128119970116148 
0.0137048102590988 
0.0184905249583458 
0.0545975226644361 
0.0008787377926131 
0.0008787377926131 
0.0021771433116352 
0.0037351613344653 
0.0037351613344653 
0.0037351613344653 
0.0002463677590333 
0.0046507567165420 
0.0046507567165420 
0.0046507567165420 
0.0308934514272343 
0.0308934514272343 
0.0461247538244175 
0.0277541780192122 
0.0351026844804990 
0.0463487214638974 
0.0348181289463621 
0.0348181289463621 
0.0348181289463621 
0.0348181289463621 
0.0036250144496879 
0.0036250144496879 
0.0018064086614649 
0.0040746161949059 
0.0040746161949059 
0.0191702389603142 
0.0481873796723605 
0.0412663157869407 
0.0412663157869407 
0.0002362884629277 
0.0081015330583898 
0.0081015330583898 
0.0081015330583898 
0.0135546846600951 
0.0135546846600951 
0.0000012637356158 
0.0000012637356158 
0.0000012637356158 
0.0329799840857055 
0.0329799840857055 
0.0329799840857055 
0.0329799840857055 
0.0329799840857055 
0.0027962022004598 
0.0291092827716810 
0.0291092827716810 
0.0019039053354727 
0.0016970781047994 
0.0016970781047994 
0.0354551198652182 
0.0292374334239178 
0.0559138242865086 
0.0559138242865086 
0.0559138242865086 
0.0559138242865086 
0.0077954629368013 
0.0578160835642127 
0.0621537936024147 
0.0621537936024147 
0.0621537936024147 
0.0472928867622903 
0.0472928867622903 
0.0472928867622903 
0.0295622067707772 
0.0133550462776892 
0.0022196610303273 
0.0022196610303273 
0.0139679576898462 
0.0113400012904591 
0.0333972891649544 
0.0333972891649544 
0.0480101934760743 
0.0338926380478323 
0.0338926380478323 
0.0338926380478323 
0.0338926380478323 
0.0093595039177333 
0.0093595039177333 
0.0093595039177333 
0.0093595039177333 
0.0093595039177333 
0.0041492698902591 
0.0041492698902591 
0.0101061311955180 
0.0101061311955180 
0.0101061311955180 
0.0101061311955180 
0.0101061311955180 
0.0391875022777234 
0.0391875022777234 
0.0069243597149828 
0.0515768219675771 
0.0515768219675771 
0.0380727677660345 
0.0380727677660345 
0.0380727677660345 
0.0380727677660345 
0.0067186737396824 
0.0002296639630468 
0.0002296639630468 
0.0002296639630468 
0.0269899201219780 
0.0269899201219780 
0.0025506261949126 
0.0025506261949126 
0.0059767518688652 
0.0625995406879408 
0.0625995406879408 
0.0625995406879408 
0.0625995406879408 
0.0625995406879408 
0.0481877161688653 
0.0311524618551998 
0.0513150875379316 
0.0513150875379316 
0.0257540735914248 
0.0357077596558261 
0.0317718589744542 
0.0317718589744542 
0.0317718589744542 
0.0090904045213515 
0.0094111181333911 
0.0013918543707784 
0.0181245530515583 
0.0181245530515583 
0.0181245530515583 
0.0181245530515583 
0.0181245530515583 
0.0410240576205127 
0.0012622185627090 
0.0055394950766055 
0.0000051663702256 
0.0000051663702256 
0.0083993788336735 
0.0083993788336735 
0.0067726359350242 
0.0246019815030704 
0.0246019815030704 
0.0246019815030704 
0.0246019815030704 
0.0090469888103707 
0.0033091675586492 
0.0000000668018064 
0.0112850001399559 
0.0054806799392822 
0.0054806799392822 
0.0131132516316227 
0.0131132516316227 
0.0055377982450329 
0.0489402788612558 
0.0387063854382612 
0.0387063854382612 
0.0577467040530065 
0.0425758105495249 
0.0267895246851505 
0.0267895246851505 
0.0437398614964805 
0.0048330360350693 
0.0048330360350693 
0.0048330360350693 
0.0005945314459093 
0.0000427080420922 
0.0000427080420922 
0.0005773957703608 
0.0348780698533766 
0.0229174711763195 
0.0263314233175872 
0.0016703730477048 
0.0309500587481242 
0.0006273128159749 
0.0270833723930355 
0.0013788743202651 
0.0013788743202651 
0.0194804220197925 
0.0005662648536740 
0.0451019711391420 
0.0009395702227133 
0.0563640608447816 
0.0563640608447816 
0.0563640608447816 
0.0563640608447816 
0.0563640608447816 
0.0563640608447816 
0.0311703421983222 
0.0311703421983222 
0.0311703421983222 
0.0535328630728206 
0.0535328630728206 
0.0535328630728206 
0.0055213044439554 
0.0359895474669725 
0.0277854468084989 
0.0277854468084989 
0.0277854468084989 
0.0277854468084989 
0.0277854468084989 
0.0277854468084989 
0.0578462840292588 
0.0578462840292588 
0.0578462840292588 
0.0578462840292588 
0.0578462840292588 
0.0011838830268730 
0.0129169704613266 
0.0129169704613266 
0.0129169704613266 
0.0129169704613266 
0.0129169704613266 
0.0129169704613266 
0.0103891131339142 
0.0563518938754961 
0.0563518938754961 
0.0467014062546624 
0.0467014062546624 
0.0134092418717370 
0.0134092418717370 
0.0130916164795475 
0.0130916164795475 
0.0009313547986201 
0.0009313547986201 
0.0377727998294982 
0.0377727998294982 
0.0079541878304084 
0.0079541878304084 
0.0079541878304084 
0.0131188104225673 
0.0049349531592505 
0.0128569583657287 
0.0100162794487745 
0.0100162794487745 
0.0100162794487745 
0.0100162794487745 
0.0603302001382781 
0.0603302001382781 
0.0175343544665042 
0.0175343544665042 
0.0139661939125551 
0.0139661939125551 
0.0139661939125551 
0.0139661939125551 
0.0139661939125551 
0.0544253928415454 
0.0003611487034643 
0.0003611487034643 
0.0001458541219892 
0.0001458541219892 
0.0155988994795625 
0.0223611234512100 
0.0460157733614359 
0.0150668337062186 
0.0150668337062186 
0.0130482732799109 
0.0120491737461745 
0.0060868045183657 
0.0060868045183657 
0.0007386519639003 
0.0007386519639003 
0.0007386519639003 
0.0007386519639003 
0.0042355115772887 
0.0105537837281916 
0.0031295612554959 
0.0430462100544775 
0.0482609679739050 
0.0026888821476317 
0.0026888821476317 
0.0026888821476317 
0.0026888821476317 
0.0026888821476317 
0.0059288469394322 
0.0010909001301832 
0.0589148178595090 
0.0589148178595090 
0.0000108351155076 
0.0055820884966611 
0.0078088697498629 
0.0026113267965927 
0.0275315048816241 
0.0275315048816241 
0.0001442817312630 
0.0009188794808856 
0.0009188794808856 
0.0534146604189351 
0.0094939063930723 
0.0094939063930723 
0.0480663534726687 
0.0480663534726687 
0.0480663534726687 
0.0539792023788664 
0.0539792023788664 
0.0539792023788664 
0.0539792023788664 
0.0292743277947106 
0.0046752564457634 
0.0414778417019642 
0.0000373757872471 
0.0000373757872471 
0.0130490499869591 
0.0130490499869591 
0.0025764599225368 
0.0025764599225368 
0.0025764599225368 
0.0025764599225368 
0.0025764599225368 
0.0002118010114309 
0.0002118010114309 
0.0223842155588613 
0.0223842155588613 
0.0223842155588613 
0.0159878092167084 
0.0159878092167084 
0.0159878092167084 
0.0010340643075652 
0.0010340643075652 
0.0010340643075652 
0.0192622926751390 
0.0468327192651685 
0.0138507016765786 
0.0089341348195477 
0.0089341348195477 
0.0154100404527872 
0.0120787484233106 
0.0120787484233106 
0.0113702561832940 
0.0412866803034076 
0.0214311726302314 
0.0214311726302314 
0.0214311726302314 
0.0214311726302314 
0.0214311726302314 
0.0214311726302314 
0.0214311726302314 
0.0214311726302314 
0.0214311726302314 
0.0083258208026608 
0.0083258208026608 
0.0083258208026608 
0.0094231246852150 
0.0065163760351937 
0.0065163760351937 
0.0005781650024161 
0.0017994925103785 
0.0017994925103785 
0.0017994925103785 
0.0017994925103785 
0.0017994925103785 
0.0017994925103785 
0.0000683247489811 
0.0041650972946038 
0.0041650972946038 
0.0033077911846472 
0.0057373846346617 
0.0057373846346617 
0.0057373846346617 
0.0057373846346617 
0.0057373846346617 
0.0057373846346617 
0.0057373846346617 
0.0057373846346617 
0.0057373846346617 
0.0057373846346617 
0.0000006543700835 
0.0000006543700835 
0.0000006543700835 
0.0000006543700835 
0.0000006543700835 
0.0000006543700835 
0.0000006543700835 
0.0040729812992210 
0.0040729812992210 
0.0040729812992210 
0.0475209449385631 
0.0475209449385631 
0.0151980817565374 
0.0151980817565374 
0.0378182806082474 
0.0128036746733386 
0.0128036746733386 
0.0128036746733386 
0.0128036746733386 
0.0128036746733386 
0.0279939894223811 
0.0279939894223811 
0.0279939894223811 
0.0486296398784295 
0.0486296398784295 
0.0486296398784295 
0.0486296398784295 
0.0486296398784295 
0.0486296398784295 
0.0112168006949279 
0.0112168006949279 
0.0332798056708235 
0.0332798056708235 
0.0044582411111957 
0.0130301643303892 
0.0130301643303892 
0.0130301643303892 
0.0076593476177223 
0.0076593476177223 
0.0076593476177223 
0.0072499285025192 
0.0072499285025192 
0.0008124311596927 
0.0008124311596927 
0.0008124311596927 
0.0008124311596927 
0.0008124311596927 
0.0000383001711759 
0.0000383001711759 
0.0000383001711759 
0.0620883238193154 
0.0620883238193154 
0.0005278365594622 
0.0536090547679388 
0.0536090547679388 
0.0538849370233765 
0.0296389117200128 
0.0001777402148575 
0.0001777402148575 
0.0027299818046873 
0.0027299818046873 
0.0353488996994119 
0.0353488996994119 
0.0353488996994119 
0.0353488996994119 
0.0353488996994119 
0.0353488996994119 
0.0353488996994119 
0.0314020104102024 
0.0016281326686855 
0.0185314156170282 
0.0185314156170282 
0.0425182664995773 
0.0556659588664146 
0.0005214276671533 
0.0005214276671533 
0.0005214276671533 
0.0265325976933388 
0.0396530137862176 
0.0242154446376728 
0.0242154446376728 
0.0242154446376728 
0.0314274104842064 
0.0499979940078092 
0.0499979940078092 
0.0018952647012519 
0.0018952647012519 
0.0018952647012519 
0.0018952647012519 
0.0255176248132937 
0.0255176248132937 
0.0255176248132937 
0.0255176248132937 
0.0001746357917834 
0.0001746357917834 
0.0001746357917834 
0.0636937785131980 
0.0636937785131980 
0.0239064516668376 
0.0169570470982921 
0.0028739608772331 
0.0028739608772331 
0.0222265597706466 
0.0001113241667346 
0.0169406634924373 
0.0169406634924373 
0.0000102544900367 
0.0000102544900367 
0.0010447813742555 
0.0010447813742555 
0.0137558982066077 
0.0137558982066077 
0.0137558982066077 
0.0137558982066077 
0.0099200764701783 
0.0031066751584497 
0.0461816024242897 
0.0461816024242897 
0.0001455680837281 
0.0246389966448854 
0.0246389966448854 
0.0246389966448854 
0.0246389966448854 
0.0246389966448854 
0.0246389966448854 
0.0246389966448854 
0.0246389966448854 
0.0246389966448854 
0.0246389966448854 
0.0246389966448854 
0.0246389966448854 
0.0264520754727637 
0.0054846010370822 
0.0003191225483003 
0.0166270181618791 
0.0166270181618791 
0.0166270181618791 
0.0083843496601736 
0.0252908702445748 
0.0000004553032065 
0.0000004553032065 
0.0000004553032065 
0.0155533652212752 
0.0019668938455134 
0.0189238570210669 
0.0233674154791000 
0.0000831574010246 
0.0000831574010246 
0.0400061251639217 
0.0400061251639217 
0.0004521839936204 
0.0004521839936204 
0.0341921275069676 
0.0266074967909076 
0.0266074967909076 
0.0595606262913957 
0.0595606262913957 
0.0347796874104953 
0.0347796874104953 
0.0347796874104953 
0.0494281006267394 
0.0365484511300212 
0.0620542956755918 
0.0009662075534545 
0.0056839508175622 
0.0056839508175622 
0.0148195670953614 
0.0148195670953614 
0.0148195670953614 
0.0148195670953614 
0.0377179231585198 
0.0100631891788927 
0.0100631891788927 
0.0038442917670118 
0.0038442917670118 
0.0033651165452040 
0.0201554534917273 
0.0201554534917273 
0.0076062425899821 
0.0087035148608019 
0.0087035148608019 
0.0087035148608019 
0.0066337620852318 
0.0066337620852318 
0.0066337620852318 
0.0066337620852318 
0.0074206632565304 
0.0210722500247661 
0.0370925891030161 
0.0339206749085072 
0.0339206749085072 
0.0445407885644655 
0.0445407885644655 
0.0101691373906699 
0.0510809719486621 
0.0510809719486621 
0.0372089607245629 
0.0372089607245629 
0.0372089607245629 
0.0131455728788858 
0.0131455728788858 
0.0131455728788858 
0.0024505069773365 
0.0024505069773365 
0.0611130000802282 
0.0611130000802282 
0.0611130000802282 
0.0611130000802282 
0.0611130000802282 
0.0218456486489497 
0.0218456486489497 
0.0116570305735692 
0.0021991149641684 
0.0021991149641684 
0.0063708712405201 
0.0063708712405201 
0.0063708712405201 
0.0063708712405201 
0.0063708712405201 
0.0063708712405201 
0.0016737594679788 
0.0315455606884843 
0.0535754826794341 
0.0535754826794341 
0.0275404105983235 
0.0054347710564703 
0.0054347710564703 
0.0158162936846740 
0.0410846152617131 
0.0410846152617131 
0.0251288937747948 
0.0162301984715214 
0.0058411570974233 
0.0058411570974233 
0.0058411570974233 
0.0058411570974233 
0.0208722666479629 
0.0208722666479629 
0.0016156729782275 
0.0015492101509309 
0.0016259614277016 
0.0037338117115767 
0.0400054268168871 
0.0076608804451535 
0.0076608804451535 
0.0076608804451535 
0.0425848430305242 
0.0220493750134142 
0.0220493750134142 
0.0122497346184894 
0.0122497346184894 
0.0032967110083972 
0.0431042589752456 
0.0431042589752456 
0.0582422608953605 
0.0165956182614927 
0.0165956182614927 
0.0165956182614927 
0.0165956182614927 
0.0244365884501423 
0.0244365884501423 
0.0014430249043385 
0.0001034482925356 
0.0036759750065767 
0.0036759750065767 
0.0117297682849961 
0.0496118312864548 
0.0496118312864548 
0.0496118312864548 
0.0496118312864548 
0.0496118312864548 
0.0496118312864548 
0.0496118312864548 
0.0496118312864548 
0.0496118312864548 
0.0563807161945655 
0.0141099852173664 
0.0141099852173664 
0.0082094314246177 
0.0082094314246177 
0.0082094314246177 
0.0111987269567643 
0.0111987269567643 
0.0111987269567643 
0.0111987269567643 
0.0234616893635442 
0.0104132063048960 
0.0104132063048960 
0.0384551123325797 
0.0013778639129587 
0.0533659651714030 
0.0542301508013756 
0.0262470496122075 
0.0391654099912357 
0.0023883116513834 
0.0425076727647507 
0.0425076727647507 
0.0512417415044634 
0.0077503375217293 
0.0018684528571781 
0.0444913108637287 
0.0444913108637287 
0.0540984557769962 
0.0540984557769962 
0.0202299017012811 
0.0361723839291324 
0.0361723839291324 
0.0351199764692356 
0.0396235885053258 
0.0396235885053258 
0.0396235885053258 
0.0396235885053258 
0.0396235885053258 
0.0416196529468160 
0.0416196529468160 
0.0002101550339985 
0.0002101550339985 
0.0131064517257709 
0.0283318835672978 
0.0283318835672978 
0.0072835964294482 
0.0035402767594872 
0.0035402767594872 
0.0144982839630335 
0.0144982839630335 
0.0144982839630335 
0.0144982839630335 
0.0045699383565257 
0.0045699383565257 
0.0202702527053622 
0.0202702527053622 
0.0087967701271841 
0.0087967701271841 
0.0087967701271841 
0.0252526911474651 
0.0252526911474651 
0.0252526911474651 
0.0252526911474651 
0.0252526911474651 
0.0181413008058818 
0.0003502680705989 
0.0230236194151984 
0.0230236194151984 
0.0230236194151984 
0.0008627827853254 
0.0008627827853254 
0.0008627827853254 
0.0051803172358347 
0.0595344118075008 
0.0595344118075008 
0.0595344118075008 
0.0547968142838346 
0.0547968142838346 
0.0100872684040687 
0.0002663802349433 
0.0002663802349433 
0.0002663802349433 
0.0119664668221316 
0.0119664668221316 
0.0015894965412566 
0.0015894965412566 
0.0015894965412566 
0.0028730301053050 
0.0028730301053050 
0.0028730301053050 
0.0247359578809758 
0.0247359578809758 
0.0247359578809758 
0.0247359578809758 
0.0247359578809758 
0.0247359578809758 
0.0247359578809758 
0.0247359578809758 
0.0111112537508773 
0.0018988271586320 
0.0018988271586320 
0.0567834133888263 
0.0567834133888263 
0.0001474954541448 
0.0001474954541448 
0.0031355303731487 
0.0031355303731487 
0.0031355303731487 
0.0031355303731487 
0.0125192288967822 
0.0125192288967822 
0.0003395382345157 
0.0344075482378784 
0.0040514688770952 
0.0040514688770952 
0.0007109800720549 
0.0007109800720549 
0.0007109800720549 
0.0007109800720549 
0.0191168985370879 
0.0191168985370879 
0.0004794516380964 
0.0004794516380964 
0.0004794516380964 
0.0030114998710971 
0.0009666251711710 
0.0009539556059682 
0.0009539556059682 
0.0058986835636660 
0.0058986835636660 
0.0058986835636660 
0.0041113168226577 
0.0041113168226577 
0.0041113168226577 
0.0000532916787664 
0.0008767099646729 
0.0000815833292011 
0.0000815833292011 
0.0000815833292011 
0.0000815833292011 
0.0000003281954196 
0.0005465737908783 
0.0034467250727520 
0.0034467250727520 
0.0034467250727520 
0.0029136713517567 
0.0029136713517567 
0.0027878891925514 
0.0022415926787041 
0.0022415926787041 
0.0025722588599350 
0.0025722588599350 
0.0141505402342657 
0.0141505402342657 
0.0374215674574181 
0.0655759595944626 
0.0026274110965772 
0.0330751029035595 
0.0330751029035595 
0.0318191137672727 
0.0318191137672727 
0.0420213000487164 
0.0420213000487164 
0.0476332073205527 
0.0476332073205527 
0.0476332073205527 
0.0072496183910470 
0.0072496183910470 
0.0036830574009577 
0.0036830574009577 
0.0003769403653738 
0.0003769403653738 
0.0003769403653738 
0.0003769403653738 
0.0003769403653738 
0.0163461325567017 
0.0159923064437845 
0.0159923064437845 
0.0246276107658641 
0.0246276107658641 
0.0246276107658641 
0.0131082028495877 
0.0067083721938402 
0.0052982214929509 
0.0052982214929509 
0.0000083116081093 
0.0000083116081093 
0.0000083116081093 
0.0000083116081093 
0.0000083116081093 
0.0000083116081093 
0.0000083116081093 
0.0000083116081093 
0.0000083116081093 
0.0526288757153766 
0.0004114361458284 
0.0004114361458284 
0.0575163153706555 
0.0198081940482572 
0.0056349867043519 
0.0002476213369609 
0.0057769224641339 
0.0515856123452738 
0.0515856123452738 
0.0000027065682063 
0.0001730831676287 
0.0267824096626840 
0.0253780088411085 
0.0253780088411085 
0.0190378515294966 
0.0322600866674208 
0.0322600866674208 
0.0000152407341514 
0.0000152407341514 
0.0011372422355473 
0.0025998589836294 
0.0098164153760473 
0.0367696113623533 
