Kohn-Sham eigenvalues: [-4.72018582 -3.51352449 -3.13978501 -3.1297868  -1.98257598 -1.85980773
 -1.85274831 -1.63060449 -1.50664171 -1.38209501 -0.70968236 -0.54118785
 -0.53435996 -0.41213896 -0.36083053 -0.2663837  -0.25793448 -0.20460005
  0.14551259  0.14831989  0.26714561  0.40038441  0.40636516  0.51389562
  0.51765253  0.61629239  0.69719901  0.81946428  0.82958929  0.89982445
  0.90377107  0.92179817  0.94485381  0.96427661  1.02246873  1.06427986
  1.06846481  1.12257124  1.14425064  1.14591547  1.1640215   1.21425913
  1.25713024  1.45938028  1.47331404  1.51251634  1.5200363   1.52178616
  1.55238844  1.6957824   1.71599661  1.72229101  1.72975914  1.75720761
  1.78970943  1.79678016  1.83499195  1.85396571  1.86897389  1.9186653
  1.93384173  1.94138801  1.97836376  2.03884403  2.04342011  2.07522714
  2.09102621  2.11090741  2.12420302  2.2164319   2.23571961  2.2526935
  2.27053168  2.29837469  2.400721    2.41411527  2.42936303  2.45959667
  2.4935165   2.52312807  2.53798109  2.5654197   2.57983149  2.61349507
  2.64933219  2.66002679  2.7025926   2.7126295   2.75219902  2.75743555
  2.78603372  2.78884982  2.79933287  2.82407926  2.83243249  2.84695783
  2.85220149  2.89908175  2.95424981  2.95714849  2.98901319  3.01427849
  3.03340628  3.11415678  3.11848181  3.12447926  3.13627554  3.1719049
  3.20628283  3.26776265]