586.634891
505.809802
915.186985
4674.088915
789.094809
4030.104626
1061.427863
1061.427863
1655.893607
505.809802
2583.297213
1061.427863
1061.427863
3474.846884
586.634891
2227.376979
505.809802
2227.376979
1655.893607
680.375299
2583.297213
505.809802
680.375299
2227.376979
1061.427863
789.094809
1231.037074
680.375299
1427.748725
680.375299
1427.748725
1427.748725
789.094809
915.186985
680.375299
1920.494546
1061.427863
2996.091165
1920.494546
4030.104626
915.186985
1655.893607
789.094809
1427.748725
2996.091165
680.375299
1231.037074
789.094809
1061.427863
1655.893607
