0.0002000000000000 
0.0000000000000000 
0.0002000000000000 
0.0000000000000000 
0.0002000000000000 
0.0004000000000000 
0.0006000000000000 
0.0004000000000000 
0.0002000000000000 
0.0004000000000000 
0.0006000000000000 
0.0008000000000000 
0.0010000000000000 
0.0012000000000000 
0.0010000000000000 
0.0012000000000000 
0.0010000000000000 
0.0008000000000000 
0.0010000000000000 
0.0012000000000000 
0.0014000000000000 
0.0012000000000000 
0.0014000000000000 
0.0016000000000000 
0.0014000000000000 
0.0012000000000000 
0.0010000000000000 
0.0008000000000000 
0.0006000000000000 
0.0004000000000000 
0.0006000000000000 
0.0004000000000000 
0.0006000000000000 
0.0008000000000000 
0.0010000000000000 
0.0012000000000000 
0.0014000000000000 
0.0016000000000000 
0.0014000000000000 
0.0012000000000000 
0.0014000000000000 
0.0016000000000000 
0.0014000000000000 
0.0016000000000000 
0.0018000000000000 
0.0020000000000000 
0.0018000000000000 
0.0016000000000000 
0.0018000000000000 
0.0020000000000000 
0.0022000000000000 
0.0020000000000000 
0.0018000000000000 
0.0016000000000000 
0.0018000000000000 
0.0016000000000000 
0.0018000000000000 
0.0016000000000000 
0.0018000000000000 
0.0016000000000000 
0.0014000000000000 
0.0012000000000000 
0.0010000000000000 
0.0012000000000000 
0.0010000000000000 
0.0008000000000000 
0.0010000000000000 
0.0012000000000000 
0.0014000000000000 
0.0012000000000000 
0.0014000000000000 
0.0012000000000000 
0.0010000000000000 
0.0008000000000000 
0.0006000000000000 
0.0008000000000000 
0.0010000000000000 
0.0008000000000000 
0.0006000000000000 
0.0008000000000000 
0.0010000000000000 
0.0012000000000000 
0.0014000000000000 
0.0016000000000000 
0.0018000000000000 
0.0020000000000000 
0.0022000000000000 
0.0020000000000000 
0.0022000000000000 
0.0020000000000000 
0.0018000000000000 
0.0016000000000000 
0.0014000000000000 
0.0012000000000000 
0.0014000000000000 
0.0012000000000000 
0.0014000000000000 
0.0016000000000000 
0.0014000000000000 
0.0016000000000000 
0.0014000000000000 
0.0016000000000000 
0.0018000000000000 
0.0016000000000000 
0.0018000000000000 
0.0016000000000000 
0.0014000000000000 
0.0016000000000000 
0.0018000000000000 
0.0016000000000000 
0.0018000000000000 
0.0016000000000000 
0.0018000000000000 
0.0020000000000000 
0.0018000000000000 
0.0016000000000000 
0.0014000000000000 
0.0016000000000000 
0.0014000000000000 
0.0016000000000000 
0.0018000000000000 
0.0016000000000000 
0.0014000000000000 
0.0016000000000000 
0.0014000000000000 
0.0016000000000000 
0.0018000000000000 
0.0020000000000000 
0.0018000000000000 
0.0020000000000000 
0.0018000000000000 
0.0016000000000000 
0.0018000000000000 
0.0016000000000000 
0.0018000000000000 
0.0016000000000000 
0.0018000000000000 
0.0016000000000000 
0.0014000000000000 
0.0016000000000000 
0.0014000000000000 
0.0016000000000000 
0.0018000000000000 
0.0020000000000000 
0.0022000000000000 
0.0024000000000000 
0.0022000000000000 
0.0020000000000000 
0.0022000000000000 
0.0020000000000000 
0.0022000000000000 
0.0024000000000000 
0.0022000000000000 
0.0020000000000000 
0.0018000000000000 
0.0016000000000000 
0.0014000000000000 
0.0012000000000000 
0.0014000000000000 
0.0016000000000000 
0.0018000000000000 
0.0020000000000000 
0.0018000000000000 
0.0016000000000000 
0.0014000000000000 
0.0016000000000000 
0.0018000000000000 
0.0016000000000000 
0.0018000000000000 
0.0020000000000000 
0.0018000000000000 
0.0016000000000000 
0.0018000000000000 
0.0020000000000000 
0.0018000000000000 
0.0020000000000000 
0.0022000000000000 
0.0020000000000000 
0.0018000000000000 
0.0020000000000000 
0.0018000000000000 
0.0016000000000000 
0.0018000000000000 
0.0016000000000000 
0.0018000000000000 
0.0020000000000000 
0.0018000000000000 
0.0020000000000000 
0.0022000000000000 
0.0020000000000000 
0.0018000000000000 
0.0020000000000000 
0.0022000000000000 
0.0020000000000000 
0.0022000000000000 
0.0024000000000000 
0.0026000000000000 
0.0028000000000000 
0.0030000000000000 
0.0028000000000000 
0.0030000000000000 
0.0028000000000000 
0.0026000000000000 
0.0028000000000000 
0.0026000000000000 
0.0028000000000000 
0.0030000000000000 
0.0028000000000000 
0.0026000000000000 
0.0024000000000000 
0.0026000000000000 
0.0028000000000000 
0.0026000000000000 
0.0028000000000000 
0.0030000000000000 
0.0032000000000000 
0.0030000000000000 
0.0032000000000000 
0.0034000000000000 
0.0032000000000000 
0.0030000000000000 
0.0032000000000000 
0.0030000000000000 
0.0028000000000000 
0.0026000000000000 
0.0024000000000000 
0.0022000000000000 
0.0020000000000000 
0.0018000000000000 
0.0020000000000000 
0.0022000000000000 
0.0020000000000000 
0.0018000000000000 
0.0020000000000000 
0.0022000000000000 
0.0020000000000000 
0.0018000000000000 
0.0016000000000000 
0.0018000000000000 
0.0016000000000000 
0.0018000000000000 
0.0020000000000000 
0.0022000000000000 
0.0024000000000000 
0.0022000000000000 
0.0024000000000000 
0.0022000000000000 
0.0024000000000000 
0.0022000000000000 
0.0024000000000000 
0.0026000000000000 
0.0024000000000000 
0.0022000000000000 
0.0024000000000000 
0.0022000000000000 
0.0024000000000000 
0.0026000000000000 
0.0024000000000000 
0.0022000000000000 
0.0024000000000000 
0.0022000000000000 
0.0020000000000000 
0.0018000000000000 
0.0016000000000000 
0.0018000000000000 
0.0020000000000000 
0.0018000000000000 
0.0016000000000000 
0.0018000000000000 
0.0016000000000000 
0.0018000000000000 
0.0016000000000000 
0.0018000000000000 
0.0020000000000000 
0.0022000000000000 
0.0020000000000000 
0.0018000000000000 
0.0016000000000000 
0.0014000000000000 
0.0016000000000000 
0.0018000000000000 
0.0016000000000000 
0.0018000000000000 
0.0016000000000000 
0.0014000000000000 
0.0012000000000000 
0.0010000000000000 
0.0012000000000000 
0.0014000000000000 
0.0012000000000000 
0.0014000000000000 
0.0016000000000000 
0.0018000000000000 
0.0016000000000000 
0.0018000000000000 
0.0020000000000000 
0.0018000000000000 
0.0020000000000000 
0.0018000000000000 
0.0016000000000000 
0.0018000000000000 
0.0020000000000000 
0.0022000000000000 
0.0020000000000000 
0.0022000000000000 
0.0020000000000000 
0.0018000000000000 
0.0020000000000000 
0.0022000000000000 
0.0020000000000000 
0.0022000000000000 
0.0020000000000000 
0.0018000000000000 
0.0020000000000000 
0.0018000000000000 
0.0016000000000000 
0.0014000000000000 
0.0012000000000000 
0.0010000000000000 
0.0012000000000000 
0.0014000000000000 
0.0012000000000000 
0.0014000000000000 
0.0012000000000000 
0.0014000000000000 
0.0012000000000000 
0.0014000000000000 
0.0016000000000000 
0.0014000000000000 
0.0012000000000000 
0.0014000000000000 
0.0012000000000000 
0.0010000000000000 
0.0008000000000000 
0.0006000000000000 
0.0008000000000000 
0.0010000000000000 
0.0008000000000000 
0.0006000000000000 
0.0008000000000000 
0.0006000000000000 
0.0004000000000000 
0.0002000000000000 
0.0000000000000000 
-0.0002000000000000 
0.0000000000000000 
0.0002000000000000 
0.0004000000000000 
0.0006000000000000 
0.0008000000000000 
0.0010000000000000 
0.0012000000000000 
0.0014000000000000 
0.0012000000000000 
0.0014000000000000 
0.0016000000000000 
0.0018000000000000 
0.0016000000000000 
0.0014000000000000 
0.0012000000000000 
0.0014000000000000 
0.0012000000000000 
0.0010000000000000 
0.0012000000000000 
0.0014000000000000 
0.0016000000000000 
0.0018000000000000 
0.0020000000000000 
0.0018000000000000 
0.0016000000000000 
0.0014000000000000 
0.0012000000000000 
0.0014000000000000 
0.0016000000000000 
0.0014000000000000 
0.0016000000000000 
0.0018000000000000 
0.0016000000000000 
0.0018000000000000 
0.0020000000000000 
0.0018000000000000 
0.0020000000000000 
0.0022000000000000 
0.0024000000000000 
0.0022000000000000 
0.0020000000000000 
0.0018000000000000 
0.0020000000000000 
0.0022000000000000 
0.0020000000000000 
0.0022000000000000 
0.0020000000000000 
0.0018000000000000 
0.0020000000000000 
0.0022000000000000 
0.0024000000000000 
0.0026000000000000 
0.0024000000000000 
0.0026000000000000 
0.0024000000000000 
0.0026000000000000 
0.0028000000000000 
0.0026000000000000 
0.0024000000000000 
0.0022000000000000 
0.0024000000000000 
0.0026000000000000 
0.0028000000000000 
0.0030000000000000 
0.0032000000000000 
0.0034000000000000 
0.0036000000000000 
0.0034000000000000 
0.0032000000000000 
0.0034000000000000 
0.0032000000000000 
0.0034000000000000 
0.0036000000000000 
0.0034000000000000 
0.0036000000000000 
0.0038000000000000 
0.0036000000000000 
0.0038000000000000 
0.0036000000000000 
0.0038000000000000 
0.0040000000000000 
0.0038000000000000 
0.0036000000000000 
0.0038000000000000 
0.0036000000000000 
0.0034000000000000 
0.0032000000000000 
0.0030000000000000 
0.0028000000000000 
0.0030000000000000 
0.0032000000000000 
0.0034000000000000 
0.0032000000000000 
0.0030000000000000 
0.0032000000000000 
0.0034000000000000 
0.0036000000000000 
0.0038000000000000 
0.0040000000000000 
0.0042000000000000 
0.0040000000000000 
0.0042000000000000 
0.0040000000000000 
0.0042000000000000 
0.0040000000000000 
0.0038000000000000 
0.0036000000000000 
0.0034000000000000 
0.0032000000000000 
0.0034000000000000 
0.0032000000000000 
0.0034000000000000 
0.0036000000000000 
0.0034000000000000 
0.0036000000000000 
0.0038000000000000 
0.0040000000000000 
0.0042000000000000 
0.0044000000000000 
0.0042000000000000 
0.0040000000000000 
0.0038000000000000 
0.0040000000000000 
0.0042000000000000 
0.0040000000000000 
0.0038000000000000 
0.0036000000000000 
0.0038000000000000 
0.0036000000000000 
0.0038000000000000 
0.0036000000000000 
0.0038000000000000 
0.0040000000000000 
0.0038000000000000 
0.0036000000000000 
0.0034000000000000 
0.0036000000000000 
0.0038000000000000 
0.0040000000000000 
0.0042000000000000 
0.0044000000000000 
0.0042000000000000 
0.0044000000000000 
0.0046000000000000 
0.0048000000000000 
0.0050000000000000 
0.0052000000000000 
0.0050000000000000 
0.0048000000000000 
0.0046000000000000 
0.0044000000000000 
0.0046000000000000 
0.0048000000000000 
0.0050000000000000 
0.0048000000000000 
0.0050000000000000 
0.0052000000000000 
0.0054000000000000 
0.0056000000000000 
0.0058000000000000 
0.0056000000000000 
0.0058000000000000 
0.0056000000000000 
0.0054000000000000 
0.0052000000000000 
0.0050000000000000 
0.0052000000000000 
0.0050000000000000 
0.0048000000000000 
0.0046000000000000 
0.0044000000000000 
0.0046000000000000 
0.0048000000000000 
0.0046000000000000 
0.0048000000000000 
0.0046000000000000 
0.0044000000000000 
0.0046000000000000 
0.0048000000000000 
0.0046000000000000 
0.0044000000000000 
0.0046000000000000 
0.0048000000000000 
0.0046000000000000 
0.0044000000000000 
0.0046000000000000 
0.0044000000000000 
0.0042000000000000 
0.0044000000000000 
0.0046000000000000 
0.0048000000000000 
0.0046000000000000 
0.0048000000000000 
0.0050000000000000 
0.0048000000000000 
0.0046000000000000 
0.0044000000000000 
0.0046000000000000 
0.0048000000000000 
0.0046000000000000 
0.0044000000000000 
0.0046000000000000 
0.0048000000000000 
0.0050000000000000 
0.0048000000000000 
0.0046000000000000 
0.0044000000000000 
0.0042000000000000 
0.0040000000000000 
0.0042000000000000 
0.0044000000000000 
0.0042000000000000 
0.0040000000000000 
0.0038000000000000 
0.0040000000000000 
0.0042000000000000 
0.0040000000000000 
0.0042000000000000 
0.0044000000000000 
0.0042000000000000 
0.0044000000000000 
0.0042000000000000 
0.0040000000000000 
0.0042000000000000 
0.0040000000000000 
0.0042000000000000 
0.0044000000000000 
0.0046000000000000 
0.0044000000000000 
0.0046000000000000 
0.0048000000000000 
0.0046000000000000 
0.0048000000000000 
0.0046000000000000 
0.0044000000000000 
0.0046000000000000 
0.0044000000000000 
0.0046000000000000 
0.0048000000000000 
0.0046000000000000 
0.0048000000000000 
0.0046000000000000 
0.0048000000000000 
0.0050000000000000 
0.0048000000000000 
0.0046000000000000 
0.0048000000000000 
0.0050000000000000 
0.0048000000000000 
0.0050000000000000 
0.0052000000000000 
0.0054000000000000 
0.0052000000000000 
0.0050000000000000 
0.0052000000000000 
0.0050000000000000 
0.0048000000000000 
0.0046000000000000 
0.0044000000000000 
0.0042000000000000 
0.0040000000000000 
0.0042000000000000 
0.0044000000000000 
0.0042000000000000 
0.0044000000000000 
0.0042000000000000 
0.0040000000000000 
0.0038000000000000 
0.0036000000000000 
0.0038000000000000 
0.0036000000000000 
0.0038000000000000 
0.0036000000000000 
0.0034000000000000 
0.0036000000000000 
0.0038000000000000 
0.0036000000000000 
0.0034000000000000 
0.0032000000000000 
0.0030000000000000 
0.0028000000000000 
0.0030000000000000 
0.0032000000000000 
0.0030000000000000 
0.0028000000000000 
0.0030000000000000 
0.0028000000000000 
0.0030000000000000 
0.0028000000000000 
0.0026000000000000 
0.0024000000000000 
0.0022000000000000 
0.0024000000000000 
0.0022000000000000 
0.0024000000000000 
0.0022000000000000 
0.0020000000000000 
0.0022000000000000 
0.0020000000000000 
0.0022000000000000 
0.0024000000000000 
0.0026000000000000 
0.0024000000000000 
0.0022000000000000 
0.0024000000000000 
0.0026000000000000 
0.0028000000000000 
0.0026000000000000 
0.0024000000000000 
0.0022000000000000 
0.0020000000000000 
0.0018000000000000 
0.0020000000000000 
0.0022000000000000 
0.0020000000000000 
0.0022000000000000 
0.0020000000000000 
0.0018000000000000 
0.0016000000000000 
0.0014000000000000 
0.0012000000000000 
0.0014000000000000 
0.0012000000000000 
0.0010000000000000 
0.0012000000000000 
0.0014000000000000 
0.0012000000000000 
0.0010000000000000 
0.0008000000000000 
0.0010000000000000 
0.0008000000000000 
0.0010000000000000 
0.0012000000000000 
0.0014000000000000 
0.0012000000000000 
0.0010000000000000 
0.0008000000000000 
0.0006000000000000 
0.0008000000000000 
0.0006000000000000 
0.0004000000000000 
0.0006000000000000 
0.0004000000000000 
0.0006000000000000 
0.0004000000000000 
0.0006000000000000 
0.0004000000000000 
0.0002000000000000 
0.0004000000000000 
0.0002000000000000 
0.0004000000000000 
0.0006000000000000 
0.0008000000000000 
0.0010000000000000 
0.0008000000000000 
0.0010000000000000 
0.0008000000000000 
0.0006000000000000 
0.0008000000000000 
0.0006000000000000 
0.0008000000000000 
0.0006000000000000 
0.0008000000000000 
0.0010000000000000 
0.0008000000000000 
0.0010000000000000 
0.0012000000000000 
0.0010000000000000 
0.0008000000000000 
0.0010000000000000 
0.0008000000000000 
0.0010000000000000 
0.0012000000000000 
0.0014000000000000 
0.0012000000000000 
0.0014000000000000 
0.0012000000000000 
0.0014000000000000 
0.0012000000000000 
0.0014000000000000 
0.0016000000000000 
0.0018000000000000 
0.0016000000000000 
0.0018000000000000 
0.0016000000000000 
0.0018000000000000 
0.0016000000000000 
0.0018000000000000 
0.0020000000000000 
0.0022000000000000 
0.0020000000000000 
0.0022000000000000 
0.0024000000000000 
0.0022000000000000 
0.0024000000000000 
0.0026000000000000 
0.0024000000000000 
0.0026000000000000 
0.0024000000000000 
0.0026000000000000 
0.0028000000000000 
0.0030000000000000 
0.0028000000000000 
0.0030000000000000 
0.0032000000000000 
0.0034000000000000 
0.0032000000000000 
0.0030000000000000 
0.0032000000000000 
0.0034000000000000 
0.0032000000000000 
0.0030000000000000 
0.0028000000000000 
0.0026000000000000 
0.0028000000000000 
0.0026000000000000 
0.0028000000000000 
0.0026000000000000 
0.0024000000000000 
0.0026000000000000 
0.0028000000000000 
0.0030000000000000 
0.0032000000000000 
0.0030000000000000 
0.0028000000000000 
0.0026000000000000 
0.0028000000000000 
0.0030000000000000 
0.0032000000000000 
0.0034000000000000 
0.0036000000000000 
0.0038000000000000 
0.0040000000000000 
0.0038000000000000 
0.0036000000000000 
0.0034000000000000 
0.0036000000000000 
0.0038000000000000 
0.0040000000000000 
0.0042000000000000 
0.0044000000000000 
0.0042000000000000 
0.0044000000000000 
0.0042000000000000 
0.0044000000000000 
0.0046000000000000 
0.0044000000000000 
0.0046000000000000 
0.0048000000000000 
0.0050000000000000 
0.0052000000000000 
0.0050000000000000 
0.0052000000000000 
0.0050000000000000 
0.0052000000000000 
0.0050000000000000 
0.0052000000000000 
0.0054000000000000 
0.0052000000000000 
0.0050000000000000 
0.0048000000000000 
0.0046000000000000 
0.0048000000000000 
0.0046000000000000 
0.0048000000000000 
0.0046000000000000 
0.0048000000000000 
0.0050000000000000 
0.0052000000000000 
0.0050000000000000 
0.0048000000000000 
0.0050000000000000 
0.0048000000000000 
0.0046000000000000 
0.0044000000000000 
0.0042000000000000 
0.0044000000000000 
0.0046000000000000 
0.0044000000000000 
0.0042000000000000 
0.0044000000000000 
0.0042000000000000 
0.0044000000000000 
0.0042000000000000 
0.0040000000000000 
0.0042000000000000 
0.0040000000000000 
0.0038000000000000 
0.0040000000000000 
0.0042000000000000 
0.0044000000000000 
0.0046000000000000 
0.0044000000000000 
0.0042000000000000 
0.0040000000000000 
0.0038000000000000 
0.0040000000000000 
0.0038000000000000 
0.0036000000000000 
0.0038000000000000 
0.0040000000000000 
0.0042000000000000 
0.0040000000000000 
0.0042000000000000 
0.0044000000000000 
0.0042000000000000 
0.0040000000000000 
0.0042000000000000 
0.0040000000000000 
0.0042000000000000 
0.0044000000000000 
0.0042000000000000 
0.0040000000000000 
0.0038000000000000 
0.0036000000000000 
0.0038000000000000 
0.0040000000000000 
0.0038000000000000 
0.0036000000000000 
0.0038000000000000 
0.0040000000000000 
0.0042000000000000 
0.0044000000000000 
0.0046000000000000 
0.0044000000000000 
0.0042000000000000 
0.0040000000000000 
0.0038000000000000 
0.0040000000000000 
0.0038000000000000 
0.0036000000000000 
0.0034000000000000 
0.0032000000000000 
0.0034000000000000 
0.0032000000000000 
0.0034000000000000 
0.0032000000000000 
0.0034000000000000 
0.0036000000000000 
0.0038000000000000 
0.0036000000000000 
0.0034000000000000 
0.0032000000000000 
0.0034000000000000 
0.0032000000000000 
0.0030000000000000 
0.0032000000000000 
0.0034000000000000 
0.0032000000000000 
0.0034000000000000 
0.0036000000000000 
0.0034000000000000 
0.0036000000000000 
0.0038000000000000 
0.0036000000000000 
0.0038000000000000 
0.0036000000000000 
0.0034000000000000 
0.0032000000000000 
0.0034000000000000 
0.0036000000000000 
0.0034000000000000 
0.0032000000000000 
0.0034000000000000 
0.0036000000000000 
0.0038000000000000 
0.0036000000000000 
0.0034000000000000 
0.0032000000000000 
0.0030000000000000 
0.0028000000000000 
0.0026000000000000 
0.0028000000000000 
0.0026000000000000 
0.0024000000000000 
0.0022000000000000 
0.0020000000000000 
0.0018000000000000 
0.0020000000000000 
0.0022000000000000 
0.0024000000000000 
0.0022000000000000 
0.0020000000000000 
0.0022000000000000 
0.0024000000000000 
0.0026000000000000 
0.0024000000000000 
0.0022000000000000 
0.0024000000000000 
0.0026000000000000 
0.0024000000000000 
0.0026000000000000 
0.0024000000000000 
0.0022000000000000 
0.0024000000000000 
0.0022000000000000 
0.0024000000000000 
0.0026000000000000 
0.0024000000000000 
0.0026000000000000 
0.0028000000000000 
0.0030000000000000 
0.0028000000000000 
0.0030000000000000 
0.0028000000000000 
0.0026000000000000 
0.0028000000000000 
0.0030000000000000 
0.0028000000000000 
0.0030000000000000 
0.0032000000000000 
0.0034000000000000 
0.0036000000000000 
0.0038000000000000 
0.0036000000000000 
0.0034000000000000 
0.0032000000000000 
0.0030000000000000 
0.0028000000000000 
0.0026000000000000 
0.0024000000000000 
0.0026000000000000 
0.0028000000000000 
0.0026000000000000 
0.0028000000000000 
0.0030000000000000 
0.0028000000000000 
0.0030000000000000 
0.0028000000000000 
0.0030000000000000 
0.0028000000000000 
0.0030000000000000 
0.0028000000000000 
0.0026000000000000 
0.0024000000000000 
0.0022000000000000 
0.0024000000000000 
0.0022000000000000 
0.0024000000000000 
0.0026000000000000 
0.0024000000000000 
0.0026000000000000 
0.0028000000000000 
0.0030000000000000 
0.0032000000000000 
0.0034000000000000 
0.0032000000000000 
0.0030000000000000 
0.0032000000000000 
0.0034000000000000 
0.0036000000000000 
0.0000000000000000 
0.0000000000000000 
0.0000000000000000 
0.0000000000000000 
