# Photoabsorption spectrum from real-time propagation
# GPAW version: 19.8.1
# Total time = 44.9700 fs, Time steps = [30.0000] as
# Kick = [0, 0, 1e-05]
# Gaussian folding, Width = 0.0600 eV = 0.002205 Hartree <=> FWHM = 0.141289 eV
#    om (eV)                  S_x                  S_y                  S_z
    0.000000     0.0000000000e+00     0.0000000000e+00     0.0000000000e+00
    0.050000     0.0000000000e+00     0.0000000000e+00    -1.3328539164e-01
    0.100000     0.0000000000e+00     0.0000000000e+00    -2.9038390389e-01
    0.150000     0.0000000000e+00     0.0000000000e+00    -3.0246136949e-01
    0.200000     0.0000000000e+00     0.0000000000e+00    -2.7447892400e-01
    0.250000     0.0000000000e+00     0.0000000000e+00    -2.6011164470e-01
    0.300000     0.0000000000e+00     0.0000000000e+00    -2.5448866328e-01
    0.350000     0.0000000000e+00     0.0000000000e+00    -2.5231998821e-01
    0.400000     0.0000000000e+00     0.0000000000e+00    -2.5162428539e-01
    0.450000     0.0000000000e+00     0.0000000000e+00    -2.5183193610e-01
    0.500000     0.0000000000e+00     0.0000000000e+00    -2.5265999023e-01
    0.550000     0.0000000000e+00     0.0000000000e+00    -2.5374163711e-01
    0.600000     0.0000000000e+00     0.0000000000e+00    -2.5532052234e-01
    0.650000     0.0000000000e+00     0.0000000000e+00    -2.5699547442e-01
    0.700000     0.0000000000e+00     0.0000000000e+00    -2.5926868866e-01
    0.750000     0.0000000000e+00     0.0000000000e+00    -2.6156205349e-01
    0.800000     0.0000000000e+00     0.0000000000e+00    -2.6434797621e-01
    0.850000     0.0000000000e+00     0.0000000000e+00    -2.6712545520e-01
    0.900000     0.0000000000e+00     0.0000000000e+00    -2.7022095130e-01
    0.950000     0.0000000000e+00     0.0000000000e+00    -2.7323544376e-01
    1.000000     0.0000000000e+00     0.0000000000e+00    -2.7610451298e-01
    1.050000     0.0000000000e+00     0.0000000000e+00    -2.7853332230e-01
    1.100000     0.0000000000e+00     0.0000000000e+00    -2.7893165997e-01
    1.150000     0.0000000000e+00     0.0000000000e+00    -2.7854645567e-01
    1.200000     0.0000000000e+00     0.0000000000e+00    -2.8676218427e-01
    1.250000     0.0000000000e+00     0.0000000000e+00    -3.0922544529e-01
    1.300000     0.0000000000e+00     0.0000000000e+00    -3.2811165165e-01
    1.350000     0.0000000000e+00     0.0000000000e+00    -3.3563971600e-01
    1.400000     0.0000000000e+00     0.0000000000e+00    -3.3651088826e-01
    1.450000     0.0000000000e+00     0.0000000000e+00    -3.2419069151e-01
    1.500000     0.0000000000e+00     0.0000000000e+00    -2.8820898894e-01
    1.550000     0.0000000000e+00     0.0000000000e+00    -2.6795532597e-01
    1.600000     0.0000000000e+00     0.0000000000e+00    -3.1971952750e-01
    1.650000     0.0000000000e+00     0.0000000000e+00    -4.1513293605e-01
    1.700000     0.0000000000e+00     0.0000000000e+00    -5.0385538478e-01
    1.750000     0.0000000000e+00     0.0000000000e+00    -5.3850735749e-01
    1.800000     0.0000000000e+00     0.0000000000e+00    -4.8009651776e-01
    1.850000     0.0000000000e+00     0.0000000000e+00    -4.0537283323e-01
    1.900000     0.0000000000e+00     0.0000000000e+00    -3.6678433784e-01
    1.950000     0.0000000000e+00     0.0000000000e+00    -1.2323892812e-01
    2.000000     0.0000000000e+00     0.0000000000e+00     9.4664138271e-01
    2.050000     0.0000000000e+00     0.0000000000e+00     2.8575832734e+00
    2.100000     0.0000000000e+00     0.0000000000e+00     3.4355078947e+00
    2.150000     0.0000000000e+00     0.0000000000e+00     1.5416317725e+00
    2.200000     0.0000000000e+00     0.0000000000e+00    -4.7312534102e-01
    2.250000     0.0000000000e+00     0.0000000000e+00    -1.2924501373e+00
    2.300000     0.0000000000e+00     0.0000000000e+00    -1.5659504694e+00
    2.350000     0.0000000000e+00     0.0000000000e+00    -1.5802837074e+00
    2.400000     0.0000000000e+00     0.0000000000e+00     3.4026988745e-01
    2.450000     0.0000000000e+00     0.0000000000e+00     8.0450030668e+00
    2.500000     0.0000000000e+00     0.0000000000e+00     1.8533928650e+01
    2.550000     0.0000000000e+00     0.0000000000e+00     1.9508295239e+01
    2.600000     0.0000000000e+00     0.0000000000e+00     1.3774658317e+01
    2.650000     0.0000000000e+00     0.0000000000e+00     1.3910590265e+01
    2.700000     0.0000000000e+00     0.0000000000e+00     1.4992968311e+01
    2.750000    -0.0000000000e+00    -0.0000000000e+00     1.0124759164e+01
    2.800000    -0.0000000000e+00    -0.0000000000e+00     4.5835749941e+00
    2.850000     0.0000000000e+00    -0.0000000000e+00     2.1349880587e+00
    2.900000    -0.0000000000e+00    -0.0000000000e+00     1.4308006275e+00
    2.950000    -0.0000000000e+00    -0.0000000000e+00     1.0546023014e+00
    3.000000    -0.0000000000e+00    -0.0000000000e+00     7.9704744611e-01
    3.050000    -0.0000000000e+00     0.0000000000e+00     7.3358663230e-01
    3.100000    -0.0000000000e+00    -0.0000000000e+00     7.2154809792e-01
    3.150000    -0.0000000000e+00    -0.0000000000e+00     6.7139970231e-01
    3.200000    -0.0000000000e+00     0.0000000000e+00     6.0619011646e-01
    3.250000    -0.0000000000e+00    -0.0000000000e+00     5.1217512119e-01
    3.300000     0.0000000000e+00    -0.0000000000e+00     4.1176096994e-01
    3.350000     0.0000000000e+00     0.0000000000e+00     3.1226771322e-01
    3.400000     0.0000000000e+00     0.0000000000e+00     2.3847184207e-01
    3.450000     0.0000000000e+00     0.0000000000e+00     3.2080318755e-01
    3.500000     0.0000000000e+00     0.0000000000e+00     7.3149088098e-01
    3.550000     0.0000000000e+00    -0.0000000000e+00     1.4226640566e+00
    3.600000     0.0000000000e+00    -0.0000000000e+00     1.7455608852e+00
    3.650000     0.0000000000e+00    -0.0000000000e+00     1.4347402097e+00
    3.700000     0.0000000000e+00    -0.0000000000e+00     1.2513383145e+00
    3.750000     0.0000000000e+00     0.0000000000e+00     1.7754377011e+00
    3.800000     0.0000000000e+00     0.0000000000e+00     2.4274487824e+00
    3.850000     0.0000000000e+00     0.0000000000e+00     1.9434425232e+00
    3.900000     0.0000000000e+00     0.0000000000e+00     6.6599147470e-01
    3.950000     0.0000000000e+00     0.0000000000e+00     2.0232689097e-02
    4.000000     0.0000000000e+00    -0.0000000000e+00     1.7252654299e-01
    4.050000    -0.0000000000e+00    -0.0000000000e+00     4.5068390058e-01
    4.100000    -0.0000000000e+00    -0.0000000000e+00     4.9852604167e-01
    4.150000    -0.0000000000e+00    -0.0000000000e+00     5.4484692019e-01
    4.200000     0.0000000000e+00    -0.0000000000e+00     7.8806370677e-01
    4.250000     0.0000000000e+00    -0.0000000000e+00     8.8296264772e-01
    4.300000     0.0000000000e+00    -0.0000000000e+00     6.2262248800e-01
    4.350000    -0.0000000000e+00    -0.0000000000e+00     3.6729595498e-01
    4.400000    -0.0000000000e+00     0.0000000000e+00     3.4602598166e-01
    4.450000    -0.0000000000e+00     0.0000000000e+00     4.0173810502e-01
    4.500000     0.0000000000e+00     0.0000000000e+00     3.5013848454e-01
    4.550000     0.0000000000e+00     0.0000000000e+00     2.6613404975e-01
    4.600000     0.0000000000e+00     0.0000000000e+00     3.0272840656e-01
    4.650000     0.0000000000e+00     0.0000000000e+00     5.5139885603e-01
    4.700000     0.0000000000e+00    -0.0000000000e+00     9.1157445639e-01
    4.750000     0.0000000000e+00    -0.0000000000e+00     9.6892194156e-01
    4.800000     0.0000000000e+00    -0.0000000000e+00     6.3560232496e-01
    4.850000    -0.0000000000e+00    -0.0000000000e+00     3.4635833632e-01
    4.900000    -0.0000000000e+00    -0.0000000000e+00     3.3873643395e-01
    4.950000    -0.0000000000e+00    -0.0000000000e+00     5.2115185671e-01
    5.000000    -0.0000000000e+00     0.0000000000e+00     6.8109626369e-01
    5.050000    -0.0000000000e+00     0.0000000000e+00     6.0851646860e-01
    5.100000    -0.0000000000e+00     0.0000000000e+00     3.7934329820e-01
    5.150000    -0.0000000000e+00     0.0000000000e+00     2.2485328158e-01
    5.200000    -0.0000000000e+00    -0.0000000000e+00     1.6980847539e-01
    5.250000    -0.0000000000e+00    -0.0000000000e+00     1.6731191537e-01
    5.300000    -0.0000000000e+00    -0.0000000000e+00     2.0776753071e-01
    5.350000    -0.0000000000e+00    -0.0000000000e+00     2.4294060479e-01
    5.400000    -0.0000000000e+00    -0.0000000000e+00     2.2865609059e-01
    5.450000    -0.0000000000e+00    -0.0000000000e+00     1.8962914416e-01
    5.500000    -0.0000000000e+00    -0.0000000000e+00     1.6215277277e-01
    5.550000    -0.0000000000e+00    -0.0000000000e+00     1.6286071850e-01
    5.600000    -0.0000000000e+00    -0.0000000000e+00     1.8692255782e-01
    5.650000    -0.0000000000e+00    -0.0000000000e+00     1.8716558994e-01
    5.700000     0.0000000000e+00    -0.0000000000e+00     1.4796181263e-01
    5.750000     0.0000000000e+00    -0.0000000000e+00     1.3012661351e-01
    5.800000     0.0000000000e+00    -0.0000000000e+00     1.7819464334e-01
    5.850000     0.0000000000e+00    -0.0000000000e+00     2.3585221127e-01
    5.900000     0.0000000000e+00    -0.0000000000e+00     2.2552508628e-01
    5.950000    -0.0000000000e+00    -0.0000000000e+00     1.8488476767e-01
    6.000000    -0.0000000000e+00    -0.0000000000e+00     1.8350579114e-01
    6.050000     0.0000000000e+00    -0.0000000000e+00     2.0703209267e-01
    6.100000     0.0000000000e+00    -0.0000000000e+00     1.9072106211e-01
    6.150000    -0.0000000000e+00    -0.0000000000e+00     1.3282707009e-01
    6.200000    -0.0000000000e+00     0.0000000000e+00     9.0183917403e-02
    6.250000     0.0000000000e+00    -0.0000000000e+00     8.2259998790e-02
    6.300000     0.0000000000e+00    -0.0000000000e+00     9.6108781724e-02
    6.350000    -0.0000000000e+00    -0.0000000000e+00     1.2623343267e-01
    6.400000    -0.0000000000e+00    -0.0000000000e+00     1.4568079153e-01
    6.450000    -0.0000000000e+00    -0.0000000000e+00     1.2774249727e-01
    6.500000    -0.0000000000e+00    -0.0000000000e+00     9.9565636944e-02
    6.550000    -0.0000000000e+00    -0.0000000000e+00     8.4054641657e-02
    6.600000    -0.0000000000e+00    -0.0000000000e+00     8.3199989773e-02
    6.650000    -0.0000000000e+00    -0.0000000000e+00     9.1185729365e-02
    6.700000    -0.0000000000e+00    -0.0000000000e+00     9.9391388847e-02
    6.750000    -0.0000000000e+00    -0.0000000000e+00     1.0615474233e-01
    6.800000    -0.0000000000e+00    -0.0000000000e+00     1.1027762900e-01
    6.850000    -0.0000000000e+00     0.0000000000e+00     1.0650915709e-01
    6.900000    -0.0000000000e+00     0.0000000000e+00     9.5854028015e-02
    6.950000    -0.0000000000e+00     0.0000000000e+00     8.5116235148e-02
    7.000000    -0.0000000000e+00    -0.0000000000e+00     7.7158586257e-02
    7.050000    -0.0000000000e+00    -0.0000000000e+00     7.8888569464e-02
    7.100000    -0.0000000000e+00    -0.0000000000e+00     7.8963095113e-02
    7.150000    -0.0000000000e+00    -0.0000000000e+00     7.0806250374e-02
    7.200000    -0.0000000000e+00    -0.0000000000e+00     6.6804130961e-02
    7.250000    -0.0000000000e+00    -0.0000000000e+00     6.5163511147e-02
    7.300000    -0.0000000000e+00    -0.0000000000e+00     5.7335199753e-02
    7.350000    -0.0000000000e+00    -0.0000000000e+00     4.8721944697e-02
    7.400000    -0.0000000000e+00    -0.0000000000e+00     4.9299401391e-02
    7.450000    -0.0000000000e+00    -0.0000000000e+00     5.9096984045e-02
    7.500000    -0.0000000000e+00    -0.0000000000e+00     6.9939146832e-02
    7.550000    -0.0000000000e+00    -0.0000000000e+00     7.1916882614e-02
    7.600000    -0.0000000000e+00    -0.0000000000e+00     6.4416161889e-02
    7.650000    -0.0000000000e+00    -0.0000000000e+00     5.1745867322e-02
    7.700000    -0.0000000000e+00    -0.0000000000e+00     4.2680044660e-02
    7.750000    -0.0000000000e+00    -0.0000000000e+00     4.0095729531e-02
    7.800000    -0.0000000000e+00    -0.0000000000e+00     4.2111876733e-02
    7.850000    -0.0000000000e+00    -0.0000000000e+00     4.5041450533e-02
    7.900000    -0.0000000000e+00    -0.0000000000e+00     4.5575162707e-02
    7.950000    -0.0000000000e+00    -0.0000000000e+00     4.4370519388e-02
    8.000000    -0.0000000000e+00    -0.0000000000e+00     4.4122244971e-02
    8.050000    -0.0000000000e+00    -0.0000000000e+00     4.7244439228e-02
    8.100000    -0.0000000000e+00    -0.0000000000e+00     4.9053042598e-02
    8.150000    -0.0000000000e+00    -0.0000000000e+00     4.8084424960e-02
    8.200000    -0.0000000000e+00    -0.0000000000e+00     4.6315235697e-02
    8.250000    -0.0000000000e+00    -0.0000000000e+00     4.7841229289e-02
    8.300000    -0.0000000000e+00    -0.0000000000e+00     4.9905214818e-02
    8.350000    -0.0000000000e+00    -0.0000000000e+00     4.8884432531e-02
    8.400000    -0.0000000000e+00    -0.0000000000e+00     4.9229571408e-02
    8.450000    -0.0000000000e+00    -0.0000000000e+00     5.3221186314e-02
    8.500000    -0.0000000000e+00    -0.0000000000e+00     5.4204964208e-02
    8.550000    -0.0000000000e+00    -0.0000000000e+00     4.6704552862e-02
    8.600000    -0.0000000000e+00    -0.0000000000e+00     3.6965838258e-02
    8.650000    -0.0000000000e+00    -0.0000000000e+00     3.2339156800e-02
    8.700000    -0.0000000000e+00    -0.0000000000e+00     3.7710729822e-02
    8.750000    -0.0000000000e+00    -0.0000000000e+00     4.6835855815e-02
    8.800000    -0.0000000000e+00    -0.0000000000e+00     5.1132005268e-02
    8.850000    -0.0000000000e+00    -0.0000000000e+00     4.8133647631e-02
    8.900000    -0.0000000000e+00    -0.0000000000e+00     4.1438035669e-02
    8.950000    -0.0000000000e+00    -0.0000000000e+00     3.3634903652e-02
    9.000000    -0.0000000000e+00    -0.0000000000e+00     2.8095972097e-02
    9.050000    -0.0000000000e+00    -0.0000000000e+00     2.8702125150e-02
    9.100000    -0.0000000000e+00    -0.0000000000e+00     3.2963300562e-02
    9.150000    -0.0000000000e+00    -0.0000000000e+00     3.7589635209e-02
    9.200000    -0.0000000000e+00    -0.0000000000e+00     3.9154409188e-02
    9.250000    -0.0000000000e+00    -0.0000000000e+00     3.7731166364e-02
    9.300000    -0.0000000000e+00    -0.0000000000e+00     3.4175175014e-02
    9.350000    -0.0000000000e+00    -0.0000000000e+00     3.3582122256e-02
    9.400000    -0.0000000000e+00    -0.0000000000e+00     3.5266831324e-02
    9.450000    -0.0000000000e+00    -0.0000000000e+00     3.6371128378e-02
    9.500000    -0.0000000000e+00    -0.0000000000e+00     3.6722796541e-02
    9.550000    -0.0000000000e+00    -0.0000000000e+00     3.5246414908e-02
    9.600000    -0.0000000000e+00    -0.0000000000e+00     3.1055746673e-02
    9.650000    -0.0000000000e+00    -0.0000000000e+00     2.7281049055e-02
    9.700000    -0.0000000000e+00    -0.0000000000e+00     2.6486510542e-02
    9.750000    -0.0000000000e+00    -0.0000000000e+00     2.6209720593e-02
    9.800000    -0.0000000000e+00    -0.0000000000e+00     2.6693588595e-02
    9.850000    -0.0000000000e+00    -0.0000000000e+00     2.6804667839e-02
    9.900000    -0.0000000000e+00    -0.0000000000e+00     2.8916112033e-02
    9.950000    -0.0000000000e+00    -0.0000000000e+00     3.2160372394e-02
   10.000000    -0.0000000000e+00    -0.0000000000e+00     3.2062602321e-02
   10.050000    -0.0000000000e+00    -0.0000000000e+00     2.8362041699e-02
   10.100000    -0.0000000000e+00    -0.0000000000e+00     2.5024885561e-02
   10.150000    -0.0000000000e+00    -0.0000000000e+00     2.2817450697e-02
   10.200000    -0.0000000000e+00    -0.0000000000e+00     2.3151283578e-02
   10.250000    -0.0000000000e+00    -0.0000000000e+00     2.9261520389e-02
   10.300000    -0.0000000000e+00    -0.0000000000e+00     3.4774119300e-02
   10.350000    -0.0000000000e+00    -0.0000000000e+00     3.5006637064e-02
   10.400000    -0.0000000000e+00    -0.0000000000e+00     3.2654230111e-02
   10.450000    -0.0000000000e+00    -0.0000000000e+00     3.2046208835e-02
   10.500000    -0.0000000000e+00    -0.0000000000e+00     3.1973196160e-02
   10.550000    -0.0000000000e+00    -0.0000000000e+00     3.1183660446e-02
   10.600000    -0.0000000000e+00    -0.0000000000e+00     3.0070500001e-02
   10.650000    -0.0000000000e+00    -0.0000000000e+00     3.0595333495e-02
   10.700000    -0.0000000000e+00    -0.0000000000e+00     3.0191629146e-02
   10.750000    -0.0000000000e+00    -0.0000000000e+00     2.6312069164e-02
   10.800000    -0.0000000000e+00    -0.0000000000e+00     2.3681073890e-02
   10.850000    -0.0000000000e+00    -0.0000000000e+00     2.3604034083e-02
   10.900000    -0.0000000000e+00    -0.0000000000e+00     2.3726712561e-02
   10.950000    -0.0000000000e+00    -0.0000000000e+00     2.1436414231e-02
   11.000000    -0.0000000000e+00    -0.0000000000e+00     1.9325692978e-02
   11.050000    -0.0000000000e+00    -0.0000000000e+00     1.8168226449e-02
   11.100000    -0.0000000000e+00    -0.0000000000e+00     1.8938376125e-02
   11.150000    -0.0000000000e+00    -0.0000000000e+00     2.2289573056e-02
   11.200000    -0.0000000000e+00    -0.0000000000e+00     2.7988722173e-02
   11.250000    -0.0000000000e+00    -0.0000000000e+00     3.2404249790e-02
   11.300000    -0.0000000000e+00    -0.0000000000e+00     3.2807912491e-02
   11.350000    -0.0000000000e+00    -0.0000000000e+00     3.2584616692e-02
   11.400000    -0.0000000000e+00    -0.0000000000e+00     3.2351675063e-02
   11.450000    -0.0000000000e+00    -0.0000000000e+00     3.0087785909e-02
   11.500000    -0.0000000000e+00    -0.0000000000e+00     2.6991997068e-02
   11.550000    -0.0000000000e+00     0.0000000000e+00     2.8758793888e-02
   11.600000    -0.0000000000e+00     0.0000000000e+00     3.1541990614e-02
   11.650000     0.0000000000e+00     0.0000000000e+00     3.1241683271e-02
   11.700000     0.0000000000e+00    -0.0000000000e+00     3.2206622492e-02
   11.750000    -0.0000000000e+00    -0.0000000000e+00     3.5990350590e-02
   11.800000    -0.0000000000e+00    -0.0000000000e+00     3.5784419541e-02
   11.850000    -0.0000000000e+00    -0.0000000000e+00     3.2157936749e-02
   11.900000    -0.0000000000e+00    -0.0000000000e+00     3.1458967866e-02
   11.950000    -0.0000000000e+00    -0.0000000000e+00     3.3548635732e-02
   12.000000    -0.0000000000e+00    -0.0000000000e+00     3.8052971759e-02
   12.050000    -0.0000000000e+00    -0.0000000000e+00     4.3040145102e-02
   12.100000    -0.0000000000e+00    -0.0000000000e+00     4.5626442465e-02
   12.150000    -0.0000000000e+00    -0.0000000000e+00     4.2204934451e-02
   12.200000    -0.0000000000e+00    -0.0000000000e+00     3.4784064112e-02
   12.250000    -0.0000000000e+00    -0.0000000000e+00     2.8529836555e-02
   12.300000    -0.0000000000e+00    -0.0000000000e+00     2.5696641208e-02
   12.350000    -0.0000000000e+00    -0.0000000000e+00     2.3129983682e-02
   12.400000    -0.0000000000e+00    -0.0000000000e+00     2.2006942101e-02
   12.450000    -0.0000000000e+00    -0.0000000000e+00     2.2162557437e-02
   12.500000    -0.0000000000e+00    -0.0000000000e+00     2.0354211839e-02
   12.550000    -0.0000000000e+00    -0.0000000000e+00     2.0078608485e-02
   12.600000    -0.0000000000e+00    -0.0000000000e+00     2.1429141065e-02
   12.650000    -0.0000000000e+00    -0.0000000000e+00     2.1446610597e-02
   12.700000    -0.0000000000e+00    -0.0000000000e+00     1.8449887047e-02
   12.750000    -0.0000000000e+00    -0.0000000000e+00     1.6905277455e-02
   12.800000    -0.0000000000e+00    -0.0000000000e+00     1.7944375173e-02
   12.850000    -0.0000000000e+00    -0.0000000000e+00     1.9030146466e-02
   12.900000    -0.0000000000e+00    -0.0000000000e+00     1.9758846566e-02
   12.950000    -0.0000000000e+00    -0.0000000000e+00     2.2181843960e-02
   13.000000     0.0000000000e+00    -0.0000000000e+00     2.4156450482e-02
   13.050000     0.0000000000e+00    -0.0000000000e+00     2.2835702572e-02
   13.100000     0.0000000000e+00    -0.0000000000e+00     2.1573364358e-02
   13.150000     0.0000000000e+00    -0.0000000000e+00     2.2576934433e-02
   13.200000    -0.0000000000e+00    -0.0000000000e+00     2.5629942048e-02
   13.250000    -0.0000000000e+00    -0.0000000000e+00     2.6834279630e-02
   13.300000    -0.0000000000e+00    -0.0000000000e+00     2.6156681224e-02
   13.350000    -0.0000000000e+00    -0.0000000000e+00     2.4630923830e-02
   13.400000    -0.0000000000e+00    -0.0000000000e+00     2.6022433901e-02
   13.450000    -0.0000000000e+00    -0.0000000000e+00     2.9870768654e-02
   13.500000    -0.0000000000e+00    -0.0000000000e+00     2.9651378508e-02
   13.550000    -0.0000000000e+00    -0.0000000000e+00     2.4095218378e-02
   13.600000     0.0000000000e+00    -0.0000000000e+00     1.9397522149e-02
   13.650000    -0.0000000000e+00    -0.0000000000e+00     1.9761043000e-02
   13.700000    -0.0000000000e+00    -0.0000000000e+00     2.1251664024e-02
   13.750000    -0.0000000000e+00    -0.0000000000e+00     2.1570388886e-02
   13.800000    -0.0000000000e+00    -0.0000000000e+00     2.1410872916e-02
   13.850000    -0.0000000000e+00    -0.0000000000e+00     2.2389577026e-02
   13.900000    -0.0000000000e+00    -0.0000000000e+00     2.1488692067e-02
   13.950000    -0.0000000000e+00    -0.0000000000e+00     1.8125308349e-02
   14.000000    -0.0000000000e+00    -0.0000000000e+00     1.4577772516e-02
   14.050000    -0.0000000000e+00    -0.0000000000e+00     1.3470340731e-02
   14.100000    -0.0000000000e+00     0.0000000000e+00     1.4789552822e-02
   14.150000    -0.0000000000e+00     0.0000000000e+00     1.7281419593e-02
   14.200000    -0.0000000000e+00     0.0000000000e+00     2.1846142960e-02
   14.250000    -0.0000000000e+00     0.0000000000e+00     2.7612051411e-02
   14.300000    -0.0000000000e+00     0.0000000000e+00     3.5354355158e-02
   14.350000    -0.0000000000e+00     0.0000000000e+00     4.0645002009e-02
   14.400000    -0.0000000000e+00    -0.0000000000e+00     3.9023325074e-02
   14.450000    -0.0000000000e+00    -0.0000000000e+00     3.3026058938e-02
   14.500000    -0.0000000000e+00    -0.0000000000e+00     2.8321478398e-02
   14.550000    -0.0000000000e+00    -0.0000000000e+00     2.4988091440e-02
   14.600000    -0.0000000000e+00    -0.0000000000e+00     2.4477228368e-02
   14.650000    -0.0000000000e+00    -0.0000000000e+00     2.7269888086e-02
   14.700000     0.0000000000e+00    -0.0000000000e+00     2.9599919296e-02
   14.750000     0.0000000000e+00    -0.0000000000e+00     3.1049141461e-02
   14.800000     0.0000000000e+00    -0.0000000000e+00     3.1638987536e-02
   14.850000     0.0000000000e+00    -0.0000000000e+00     2.8437277945e-02
   14.900000    -0.0000000000e+00    -0.0000000000e+00     2.0729975382e-02
   14.950000    -0.0000000000e+00    -0.0000000000e+00     1.5500270694e-02
   15.000000    -0.0000000000e+00    -0.0000000000e+00     1.3980171703e-02
   15.050000    -0.0000000000e+00    -0.0000000000e+00     1.4495654130e-02
   15.100000    -0.0000000000e+00    -0.0000000000e+00     1.6339519952e-02
   15.150000    -0.0000000000e+00    -0.0000000000e+00     2.0112077894e-02
   15.200000    -0.0000000000e+00    -0.0000000000e+00     2.5184595048e-02
   15.250000    -0.0000000000e+00    -0.0000000000e+00     3.1818492967e-02
   15.300000    -0.0000000000e+00    -0.0000000000e+00     3.5583154111e-02
   15.350000     0.0000000000e+00    -0.0000000000e+00     3.1038179292e-02
   15.400000     0.0000000000e+00    -0.0000000000e+00     2.5196631796e-02
   15.450000     0.0000000000e+00    -0.0000000000e+00     2.3047706389e-02
   15.500000     0.0000000000e+00    -0.0000000000e+00     2.2807386913e-02
   15.550000     0.0000000000e+00    -0.0000000000e+00     2.0854330805e-02
   15.600000    -0.0000000000e+00    -0.0000000000e+00     1.8763019212e-02
   15.650000    -0.0000000000e+00    -0.0000000000e+00     1.7533350937e-02
   15.700000    -0.0000000000e+00    -0.0000000000e+00     1.8212017721e-02
   15.750000    -0.0000000000e+00    -0.0000000000e+00     2.1179061302e-02
   15.800000    -0.0000000000e+00    -0.0000000000e+00     2.5422314306e-02
   15.850000    -0.0000000000e+00     0.0000000000e+00     2.7263775697e-02
   15.900000    -0.0000000000e+00     0.0000000000e+00     2.3941922879e-02
   15.950000    -0.0000000000e+00    -0.0000000000e+00     2.0176829282e-02
   16.000000     0.0000000000e+00    -0.0000000000e+00     1.8209808593e-02
   16.050000     0.0000000000e+00    -0.0000000000e+00     1.7192785840e-02
   16.100000     0.0000000000e+00    -0.0000000000e+00     1.5099642430e-02
   16.150000    -0.0000000000e+00    -0.0000000000e+00     1.3879114403e-02
   16.200000     0.0000000000e+00    -0.0000000000e+00     1.4221032778e-02
   16.250000     0.0000000000e+00    -0.0000000000e+00     1.6145586497e-02
   16.300000     0.0000000000e+00    -0.0000000000e+00     1.8810475065e-02
   16.350000     0.0000000000e+00    -0.0000000000e+00     2.0755361107e-02
   16.400000     0.0000000000e+00    -0.0000000000e+00     2.2112452369e-02
   16.450000     0.0000000000e+00    -0.0000000000e+00     2.5142644974e-02
   16.500000     0.0000000000e+00    -0.0000000000e+00     3.1417270809e-02
   16.550000     0.0000000000e+00    -0.0000000000e+00     3.6745777388e-02
   16.600000     0.0000000000e+00     0.0000000000e+00     3.7776169618e-02
   16.650000     0.0000000000e+00     0.0000000000e+00     3.2913106100e-02
   16.700000     0.0000000000e+00     0.0000000000e+00     2.7761157895e-02
   16.750000    -0.0000000000e+00     0.0000000000e+00     2.5526798574e-02
   16.800000    -0.0000000000e+00    -0.0000000000e+00     2.3602770209e-02
   16.850000    -0.0000000000e+00    -0.0000000000e+00     2.1262535999e-02
   16.900000    -0.0000000000e+00    -0.0000000000e+00     1.9811692948e-02
   16.950000    -0.0000000000e+00    -0.0000000000e+00     1.9533459643e-02
   17.000000    -0.0000000000e+00    -0.0000000000e+00     2.2850246395e-02
   17.050000    -0.0000000000e+00    -0.0000000000e+00     3.0735363963e-02
   17.100000    -0.0000000000e+00    -0.0000000000e+00     3.7688279543e-02
   17.150000    -0.0000000000e+00     0.0000000000e+00     3.8358191891e-02
   17.200000    -0.0000000000e+00     0.0000000000e+00     3.1454781899e-02
   17.250000    -0.0000000000e+00     0.0000000000e+00     2.3176719778e-02
   17.300000    -0.0000000000e+00     0.0000000000e+00     1.8096958340e-02
   17.350000    -0.0000000000e+00    -0.0000000000e+00     1.7137975021e-02
   17.400000    -0.0000000000e+00    -0.0000000000e+00     1.7233748837e-02
   17.450000    -0.0000000000e+00    -0.0000000000e+00     1.7413653355e-02
   17.500000    -0.0000000000e+00    -0.0000000000e+00     1.8529855019e-02
   17.550000    -0.0000000000e+00    -0.0000000000e+00     2.1145480403e-02
   17.600000    -0.0000000000e+00    -0.0000000000e+00     2.5570556943e-02
   17.650000    -0.0000000000e+00    -0.0000000000e+00     2.8050394969e-02
   17.700000    -0.0000000000e+00     0.0000000000e+00     2.7418861613e-02
   17.750000    -0.0000000000e+00    -0.0000000000e+00     2.3342918772e-02
   17.800000    -0.0000000000e+00    -0.0000000000e+00     1.7493046556e-02
   17.850000    -0.0000000000e+00    -0.0000000000e+00     1.2397563021e-02
   17.900000    -0.0000000000e+00    -0.0000000000e+00     1.1174190338e-02
   17.950000    -0.0000000000e+00    -0.0000000000e+00     1.2408208373e-02
   18.000000    -0.0000000000e+00    -0.0000000000e+00     1.5852857568e-02
   18.050000    -0.0000000000e+00    -0.0000000000e+00     2.0730959084e-02
   18.100000    -0.0000000000e+00     0.0000000000e+00     2.2821601109e-02
   18.150000    -0.0000000000e+00     0.0000000000e+00     2.2579731698e-02
   18.200000    -0.0000000000e+00     0.0000000000e+00     2.3714205624e-02
   18.250000    -0.0000000000e+00     0.0000000000e+00     2.6967580350e-02
   18.300000    -0.0000000000e+00     0.0000000000e+00     2.6773963870e-02
   18.350000    -0.0000000000e+00     0.0000000000e+00     2.2094666401e-02
   18.400000    -0.0000000000e+00     0.0000000000e+00     1.6407465960e-02
   18.450000    -0.0000000000e+00     0.0000000000e+00     1.3979281889e-02
   18.500000    -0.0000000000e+00    -0.0000000000e+00     1.4763447623e-02
   18.550000    -0.0000000000e+00    -0.0000000000e+00     1.7515536955e-02
   18.600000    -0.0000000000e+00    -0.0000000000e+00     1.9667065745e-02
   18.650000    -0.0000000000e+00    -0.0000000000e+00     2.0350919585e-02
   18.700000    -0.0000000000e+00    -0.0000000000e+00     2.1505852681e-02
   18.750000    -0.0000000000e+00    -0.0000000000e+00     2.3349721820e-02
   18.800000    -0.0000000000e+00    -0.0000000000e+00     2.4699791219e-02
   18.850000    -0.0000000000e+00    -0.0000000000e+00     2.3417322293e-02
   18.900000    -0.0000000000e+00    -0.0000000000e+00     2.2442598820e-02
   18.950000    -0.0000000000e+00    -0.0000000000e+00     2.2126585771e-02
   19.000000    -0.0000000000e+00    -0.0000000000e+00     2.2232840797e-02
   19.050000    -0.0000000000e+00    -0.0000000000e+00     2.2520560042e-02
   19.100000    -0.0000000000e+00    -0.0000000000e+00     2.3593908205e-02
   19.150000    -0.0000000000e+00    -0.0000000000e+00     2.5092293431e-02
   19.200000    -0.0000000000e+00    -0.0000000000e+00     2.7133927353e-02
   19.250000    -0.0000000000e+00    -0.0000000000e+00     2.8685707472e-02
   19.300000    -0.0000000000e+00    -0.0000000000e+00     2.7737148472e-02
   19.350000    -0.0000000000e+00    -0.0000000000e+00     2.6150921552e-02
   19.400000    -0.0000000000e+00    -0.0000000000e+00     2.4791605077e-02
   19.450000    -0.0000000000e+00    -0.0000000000e+00     2.2985823872e-02
   19.500000    -0.0000000000e+00    -0.0000000000e+00     2.0148853285e-02
   19.550000    -0.0000000000e+00    -0.0000000000e+00     1.9084204964e-02
   19.600000     0.0000000000e+00    -0.0000000000e+00     1.8118619900e-02
   19.650000     0.0000000000e+00    -0.0000000000e+00     1.6233444276e-02
   19.700000     0.0000000000e+00    -0.0000000000e+00     1.4629698366e-02
   19.750000    -0.0000000000e+00    -0.0000000000e+00     1.6134757102e-02
   19.800000    -0.0000000000e+00    -0.0000000000e+00     1.9591749145e-02
   19.850000    -0.0000000000e+00    -0.0000000000e+00     2.1479600845e-02
   19.900000    -0.0000000000e+00     0.0000000000e+00     2.2406246315e-02
   19.950000    -0.0000000000e+00     0.0000000000e+00     2.1748302918e-02
   20.000000     0.0000000000e+00    -0.0000000000e+00     2.0691244023e-02
   20.050000    -0.0000000000e+00    -0.0000000000e+00     1.9443699725e-02
   20.100000    -0.0000000000e+00    -0.0000000000e+00     2.1494843633e-02
   20.150000    -0.0000000000e+00    -0.0000000000e+00     2.8348974167e-02
   20.200000    -0.0000000000e+00    -0.0000000000e+00     3.5248139687e-02
   20.250000    -0.0000000000e+00     0.0000000000e+00     3.5955837946e-02
   20.300000    -0.0000000000e+00     0.0000000000e+00     3.1748906809e-02
   20.350000    -0.0000000000e+00     0.0000000000e+00     2.6378985789e-02
   20.400000    -0.0000000000e+00     0.0000000000e+00     2.1830711279e-02
   20.450000    -0.0000000000e+00    -0.0000000000e+00     1.9589751900e-02
   20.500000    -0.0000000000e+00    -0.0000000000e+00     1.8676202813e-02
   20.550000    -0.0000000000e+00    -0.0000000000e+00     1.8130349821e-02
   20.600000    -0.0000000000e+00    -0.0000000000e+00     1.6641579280e-02
   20.650000    -0.0000000000e+00    -0.0000000000e+00     1.6926031673e-02
   20.700000    -0.0000000000e+00    -0.0000000000e+00     1.8383191001e-02
   20.750000    -0.0000000000e+00    -0.0000000000e+00     2.1465748607e-02
   20.800000     0.0000000000e+00    -0.0000000000e+00     2.5983164589e-02
   20.850000     0.0000000000e+00    -0.0000000000e+00     2.7987102386e-02
   20.900000     0.0000000000e+00    -0.0000000000e+00     2.5080985897e-02
   20.950000     0.0000000000e+00    -0.0000000000e+00     2.1821137041e-02
   21.000000    -0.0000000000e+00    -0.0000000000e+00     2.1983248884e-02
   21.050000    -0.0000000000e+00    -0.0000000000e+00     2.3961413582e-02
   21.100000    -0.0000000000e+00    -0.0000000000e+00     2.4929604602e-02
   21.150000    -0.0000000000e+00    -0.0000000000e+00     2.1241973939e-02
   21.200000    -0.0000000000e+00    -0.0000000000e+00     1.5720867799e-02
   21.250000    -0.0000000000e+00    -0.0000000000e+00     1.1250436235e-02
   21.300000    -0.0000000000e+00    -0.0000000000e+00     9.7074166679e-03
   21.350000    -0.0000000000e+00    -0.0000000000e+00     1.0373419421e-02
   21.400000    -0.0000000000e+00     0.0000000000e+00     1.3577727733e-02
   21.450000    -0.0000000000e+00     0.0000000000e+00     1.8673440073e-02
   21.500000     0.0000000000e+00     0.0000000000e+00     2.2926495121e-02
   21.550000     0.0000000000e+00     0.0000000000e+00     2.4632363731e-02
   21.600000     0.0000000000e+00     0.0000000000e+00     2.3128749988e-02
   21.650000     0.0000000000e+00     0.0000000000e+00     2.0201504044e-02
   21.700000     0.0000000000e+00    -0.0000000000e+00     1.7782241077e-02
   21.750000     0.0000000000e+00    -0.0000000000e+00     1.8106939960e-02
   21.800000     0.0000000000e+00    -0.0000000000e+00     1.8463260894e-02
   21.850000    -0.0000000000e+00    -0.0000000000e+00     1.7845646298e-02
   21.900000    -0.0000000000e+00    -0.0000000000e+00     1.6677173744e-02
   21.950000    -0.0000000000e+00    -0.0000000000e+00     1.6001002768e-02
   22.000000    -0.0000000000e+00    -0.0000000000e+00     1.5302128109e-02
   22.050000    -0.0000000000e+00    -0.0000000000e+00     1.5272229067e-02
   22.100000    -0.0000000000e+00    -0.0000000000e+00     1.7210876816e-02
   22.150000    -0.0000000000e+00    -0.0000000000e+00     1.9740543987e-02
   22.200000    -0.0000000000e+00    -0.0000000000e+00     2.1287366666e-02
   22.250000    -0.0000000000e+00    -0.0000000000e+00     2.0188556363e-02
   22.300000    -0.0000000000e+00    -0.0000000000e+00     1.8616820084e-02
   22.350000    -0.0000000000e+00    -0.0000000000e+00     1.7513841533e-02
   22.400000    -0.0000000000e+00    -0.0000000000e+00     1.7946585213e-02
   22.450000    -0.0000000000e+00    -0.0000000000e+00     1.6744189385e-02
   22.500000    -0.0000000000e+00    -0.0000000000e+00     1.3781048140e-02
   22.550000    -0.0000000000e+00    -0.0000000000e+00     1.2128754565e-02
   22.600000    -0.0000000000e+00    -0.0000000000e+00     1.3043781175e-02
   22.650000     0.0000000000e+00    -0.0000000000e+00     1.6099984000e-02
   22.700000     0.0000000000e+00    -0.0000000000e+00     1.9863623028e-02
   22.750000     0.0000000000e+00    -0.0000000000e+00     2.3016854104e-02
   22.800000     0.0000000000e+00    -0.0000000000e+00     2.3908609279e-02
   22.850000    -0.0000000000e+00    -0.0000000000e+00     2.3305530308e-02
   22.900000     0.0000000000e+00    -0.0000000000e+00     2.0938703673e-02
   22.950000     0.0000000000e+00    -0.0000000000e+00     1.8277027212e-02
   23.000000     0.0000000000e+00    -0.0000000000e+00     1.5398066456e-02
   23.050000    -0.0000000000e+00    -0.0000000000e+00     1.4622982872e-02
   23.100000    -0.0000000000e+00    -0.0000000000e+00     1.5771228009e-02
   23.150000    -0.0000000000e+00    -0.0000000000e+00     1.6620523389e-02
   23.200000    -0.0000000000e+00    -0.0000000000e+00     1.7315838067e-02
   23.250000    -0.0000000000e+00    -0.0000000000e+00     1.8733404601e-02
   23.300000    -0.0000000000e+00    -0.0000000000e+00     2.2765708075e-02
   23.350000    -0.0000000000e+00    -0.0000000000e+00     2.8131053405e-02
   23.400000    -0.0000000000e+00    -0.0000000000e+00     2.9628489048e-02
   23.450000    -0.0000000000e+00    -0.0000000000e+00     2.4215702572e-02
   23.500000    -0.0000000000e+00    -0.0000000000e+00     1.8572897114e-02
   23.550000     0.0000000000e+00     0.0000000000e+00     1.5862232203e-02
   23.600000     0.0000000000e+00     0.0000000000e+00     1.5176445198e-02
   23.650000     0.0000000000e+00     0.0000000000e+00     1.3493205244e-02
   23.700000     0.0000000000e+00    -0.0000000000e+00     1.1138701540e-02
   23.750000     0.0000000000e+00    -0.0000000000e+00     1.0360493008e-02
   23.800000    -0.0000000000e+00    -0.0000000000e+00     1.1217264784e-02
   23.850000    -0.0000000000e+00    -0.0000000000e+00     1.2459342241e-02
   23.900000    -0.0000000000e+00    -0.0000000000e+00     1.2439350718e-02
   23.950000    -0.0000000000e+00    -0.0000000000e+00     1.1948484186e-02
   24.000000     0.0000000000e+00    -0.0000000000e+00     1.0574399410e-02
   24.050000     0.0000000000e+00    -0.0000000000e+00     1.0254449648e-02
   24.100000     0.0000000000e+00    -0.0000000000e+00     1.1233453353e-02
   24.150000     0.0000000000e+00     0.0000000000e+00     1.4236688903e-02
   24.200000     0.0000000000e+00     0.0000000000e+00     1.7029107478e-02
   24.250000    -0.0000000000e+00     0.0000000000e+00     1.6184066849e-02
   24.300000    -0.0000000000e+00     0.0000000000e+00     1.2385359232e-02
   24.350000    -0.0000000000e+00     0.0000000000e+00     9.7993614072e-03
   24.400000    -0.0000000000e+00    -0.0000000000e+00     9.6774707041e-03
   24.450000    -0.0000000000e+00    -0.0000000000e+00     1.0248758717e-02
   24.500000    -0.0000000000e+00    -0.0000000000e+00     1.1717643202e-02
   24.550000    -0.0000000000e+00    -0.0000000000e+00     1.1861447607e-02
   24.600000    -0.0000000000e+00    -0.0000000000e+00     1.0836410849e-02
   24.650000    -0.0000000000e+00    -0.0000000000e+00     9.0473649897e-03
   24.700000     0.0000000000e+00    -0.0000000000e+00     9.1111091191e-03
   24.750000     0.0000000000e+00     0.0000000000e+00     1.2085517903e-02
   24.800000     0.0000000000e+00     0.0000000000e+00     1.5764010719e-02
   24.850000    -0.0000000000e+00     0.0000000000e+00     1.6085830678e-02
   24.900000    -0.0000000000e+00    -0.0000000000e+00     1.3820005715e-02
   24.950000     0.0000000000e+00    -0.0000000000e+00     1.1858155547e-02
   25.000000     0.0000000000e+00    -0.0000000000e+00     9.9563834344e-03
   25.050000     0.0000000000e+00    -0.0000000000e+00     9.7224477916e-03
   25.100000     0.0000000000e+00    -0.0000000000e+00     1.1397321830e-02
   25.150000    -0.0000000000e+00    -0.0000000000e+00     1.4224288398e-02
   25.200000    -0.0000000000e+00    -0.0000000000e+00     1.6464291288e-02
   25.250000    -0.0000000000e+00    -0.0000000000e+00     1.8427756226e-02
   25.300000    -0.0000000000e+00    -0.0000000000e+00     1.7342579261e-02
   25.350000    -0.0000000000e+00    -0.0000000000e+00     1.3972130441e-02
   25.400000    -0.0000000000e+00    -0.0000000000e+00     1.1128642638e-02
   25.450000    -0.0000000000e+00    -0.0000000000e+00     1.0201660824e-02
   25.500000    -0.0000000000e+00    -0.0000000000e+00     1.0991461366e-02
   25.550000    -0.0000000000e+00    -0.0000000000e+00     1.1926246285e-02
   25.600000    -0.0000000000e+00    -0.0000000000e+00     1.2701088588e-02
   25.650000    -0.0000000000e+00    -0.0000000000e+00     1.2771701303e-02
   25.700000     0.0000000000e+00    -0.0000000000e+00     1.4345859170e-02
   25.750000     0.0000000000e+00    -0.0000000000e+00     1.6273226694e-02
   25.800000     0.0000000000e+00    -0.0000000000e+00     1.7643020881e-02
   25.850000     0.0000000000e+00     0.0000000000e+00     1.6117500255e-02
   25.900000     0.0000000000e+00     0.0000000000e+00     1.2548128882e-02
   25.950000    -0.0000000000e+00     0.0000000000e+00     9.5891132318e-03
   26.000000    -0.0000000000e+00     0.0000000000e+00     8.7841371045e-03
   26.050000    -0.0000000000e+00     0.0000000000e+00     9.8012180408e-03
   26.100000    -0.0000000000e+00     0.0000000000e+00     1.0755640181e-02
   26.150000    -0.0000000000e+00     0.0000000000e+00     1.0698490722e-02
   26.200000    -0.0000000000e+00     0.0000000000e+00     9.5300700520e-03
   26.250000    -0.0000000000e+00    -0.0000000000e+00     1.0186388717e-02
   26.300000    -0.0000000000e+00    -0.0000000000e+00     1.1913310216e-02
   26.350000    -0.0000000000e+00    -0.0000000000e+00     1.3941992158e-02
   26.400000     0.0000000000e+00    -0.0000000000e+00     1.6026625806e-02
   26.450000     0.0000000000e+00    -0.0000000000e+00     1.8421704341e-02
   26.500000     0.0000000000e+00    -0.0000000000e+00     1.8678659954e-02
   26.550000     0.0000000000e+00    -0.0000000000e+00     1.7331117042e-02
   26.600000     0.0000000000e+00    -0.0000000000e+00     1.6474772510e-02
   26.650000    -0.0000000000e+00    -0.0000000000e+00     1.6526576763e-02
   26.700000    -0.0000000000e+00    -0.0000000000e+00     1.7017012427e-02
   26.750000    -0.0000000000e+00    -0.0000000000e+00     1.6536602263e-02
   26.800000    -0.0000000000e+00    -0.0000000000e+00     1.5766396929e-02
   26.850000    -0.0000000000e+00    -0.0000000000e+00     1.4140842132e-02
   26.900000    -0.0000000000e+00    -0.0000000000e+00     1.2145101979e-02
   26.950000     0.0000000000e+00    -0.0000000000e+00     9.2432704458e-03
   27.000000     0.0000000000e+00    -0.0000000000e+00     8.0033337586e-03
   27.050000    -0.0000000000e+00    -0.0000000000e+00     8.4474843493e-03
   27.100000    -0.0000000000e+00    -0.0000000000e+00     9.2616544399e-03
   27.150000    -0.0000000000e+00    -0.0000000000e+00     9.8473108825e-03
   27.200000    -0.0000000000e+00    -0.0000000000e+00     1.0066502826e-02
   27.250000    -0.0000000000e+00    -0.0000000000e+00     1.0375624564e-02
   27.300000    -0.0000000000e+00    -0.0000000000e+00     1.1342910628e-02
   27.350000    -0.0000000000e+00    -0.0000000000e+00     1.3205080893e-02
   27.400000    -0.0000000000e+00    -0.0000000000e+00     1.2951671199e-02
   27.450000    -0.0000000000e+00    -0.0000000000e+00     1.1810921510e-02
   27.500000    -0.0000000000e+00    -0.0000000000e+00     1.1246856292e-02
   27.550000    -0.0000000000e+00    -0.0000000000e+00     1.1740690253e-02
   27.600000    -0.0000000000e+00    -0.0000000000e+00     1.1367901029e-02
   27.650000    -0.0000000000e+00    -0.0000000000e+00     1.0699685152e-02
   27.700000     0.0000000000e+00    -0.0000000000e+00     1.0712122050e-02
   27.750000     0.0000000000e+00    -0.0000000000e+00     1.1848443360e-02
   27.800000     0.0000000000e+00    -0.0000000000e+00     1.3419787560e-02
   27.850000     0.0000000000e+00    -0.0000000000e+00     1.3842291346e-02
   27.900000     0.0000000000e+00     0.0000000000e+00     1.3974181952e-02
   27.950000     0.0000000000e+00     0.0000000000e+00     1.2792095062e-02
   28.000000     0.0000000000e+00     0.0000000000e+00     1.2135332490e-02
   28.050000    -0.0000000000e+00     0.0000000000e+00     1.3281412685e-02
   28.100000    -0.0000000000e+00     0.0000000000e+00     1.6288976249e-02
   28.150000    -0.0000000000e+00    -0.0000000000e+00     1.7648356046e-02
   28.200000    -0.0000000000e+00    -0.0000000000e+00     1.6097576690e-02
   28.250000    -0.0000000000e+00    -0.0000000000e+00     1.3207426918e-02
   28.300000    -0.0000000000e+00     0.0000000000e+00     1.1160975482e-02
   28.350000    -0.0000000000e+00     0.0000000000e+00     1.0765466321e-02
   28.400000    -0.0000000000e+00     0.0000000000e+00     1.1318884346e-02
   28.450000    -0.0000000000e+00     0.0000000000e+00     1.2657499505e-02
   28.500000     0.0000000000e+00     0.0000000000e+00     1.2973988530e-02
   28.550000     0.0000000000e+00     0.0000000000e+00     1.2792247707e-02
   28.600000     0.0000000000e+00     0.0000000000e+00     1.1744541211e-02
   28.650000     0.0000000000e+00     0.0000000000e+00     1.0849217246e-02
   28.700000     0.0000000000e+00     0.0000000000e+00     9.6957349226e-03
   28.750000     0.0000000000e+00     0.0000000000e+00     9.5139472542e-03
   28.800000     0.0000000000e+00     0.0000000000e+00     9.8243323586e-03
   28.850000    -0.0000000000e+00     0.0000000000e+00     1.0108804146e-02
   28.900000    -0.0000000000e+00     0.0000000000e+00     1.0675610572e-02
   28.950000    -0.0000000000e+00     0.0000000000e+00     1.0993202992e-02
   29.000000    -0.0000000000e+00     0.0000000000e+00     1.1335870679e-02
   29.050000     0.0000000000e+00     0.0000000000e+00     1.1549482675e-02
   29.100000     0.0000000000e+00     0.0000000000e+00     1.2799410453e-02
   29.150000     0.0000000000e+00    -0.0000000000e+00     1.4691557065e-02
   29.200000    -0.0000000000e+00    -0.0000000000e+00     1.6441096201e-02
   29.250000    -0.0000000000e+00    -0.0000000000e+00     1.5002118197e-02
   29.300000    -0.0000000000e+00    -0.0000000000e+00     1.2553672650e-02
   29.350000     0.0000000000e+00    -0.0000000000e+00     1.1053510788e-02
   29.400000     0.0000000000e+00    -0.0000000000e+00     1.0733481056e-02
   29.450000     0.0000000000e+00     0.0000000000e+00     1.1249338986e-02
   29.500000     0.0000000000e+00     0.0000000000e+00     1.2827844393e-02
   29.550000     0.0000000000e+00     0.0000000000e+00     1.5433538505e-02
   29.600000    -0.0000000000e+00    -0.0000000000e+00     1.6228480706e-02
   29.650000    -0.0000000000e+00    -0.0000000000e+00     1.5549548099e-02
   29.700000    -0.0000000000e+00    -0.0000000000e+00     1.4076230676e-02
   29.750000    -0.0000000000e+00    -0.0000000000e+00     1.3161829489e-02
   29.800000    -0.0000000000e+00    -0.0000000000e+00     1.2016127073e-02
   29.850000    -0.0000000000e+00    -0.0000000000e+00     1.1718296955e-02
   29.900000    -0.0000000000e+00    -0.0000000000e+00     1.2107171147e-02
   29.950000    -0.0000000000e+00    -0.0000000000e+00     1.2703091687e-02
   30.000000    -0.0000000000e+00    -0.0000000000e+00     1.3476093509e-02
